-10.8416833667335 -10.8195834997343 0.160063987336237 0.0220998669991523 0.160552391457617 0.341561816593249 99.9600239021272 0.0220998669991523 0.9484 1.56284388766081
-6.63326653306613 -6.5743707533037 0.166123720105574 0.0588957797624357 0.169592432979399 2.29257134406284 96.3137593465388 0.0588957797624357 0.9379 1.54664879421287
-8.7374749498998 -8.70505019453048 0.161231898305885 0.0324247553693198 0.162283263066645 0.711627902655707 99.2359462867901 0.0324247553693198 0.9471 1.55988165960558
-12.8957915831663 -12.879075040444 0.15962254580282 0.0167165427223104 0.159901988603407 0.202108855155153 100.23646671921 0.0167165427223104 0.9487 1.56394777729615
-15 -14.9867173862049 0.159400993079554 0.0132826137950506 0.159577420908783 0.132203901400175 100.375786191085 0.0132826137950506 0.949 1.56449865612159
3.7875751503006 3.76578955055446 0.159821011177707 -0.0217855997461416 0.160295623534006 0.263522164724492 100.111993298612 0.0217855997461416 0.9483 1.56345975339139
5.89178356713427 5.87436040981081 0.159501805953781 -0.0174231573234618 0.159805372364899 0.163395372366125 100.312343827858 0.0174231573234618 0.9488 1.56425175742783
-4.57915831663327 -4.45877349245651 0.134636578600117 0.120384824176759 0.149129084492187 41.3077007352013 118.838432811943 0.120384824176759 0.917 1.31516748650589
7.94589178356713 7.93124678810141 0.159338203087412 -0.0146449954657211 0.159552678979603 0.112057531302092 100.415341016633 0.0146449954657211 0.9491 1.56465638287355
1.68336673346693 1.65400082752023 0.160557142935275 -0.0293659059467024 0.161419499367346 0.494356502849669 99.6529939901212 0.0293659059467024 0.9468 1.56161948130415
-0.370741482965931 -0.415902622503847 0.162832364770152 -0.0451611395379161 0.164871893294515 1.20925322318268 98.2605640014196 0.0451611395379161 0.9425 1.55578939543476
-2.4749498997996 -2.57607599291548 0.176492838040283 -0.101126093115878 0.186719324749164 6.72102906524817 90.6552366524253 0.101126093115878 0.9104 1.50354022587541
-10.7915831663327 -10.769311466958 0.160079970050926 0.0222716993746683 0.160575998643962 0.34661494837578 99.9500436869766 0.0222716993746683 0.9485 1.56280376261997
-6.58316633266533 -6.52313363232051 0.16639212151959 0.0600327003448227 0.169996046630282 2.38171889531211 96.1583989306623 0.0600327003448227 0.9378 1.54587287142913
-8.687374749499 -8.65459208964858 0.161279942293397 0.0327826598504206 0.162354645080266 0.726889723863501 99.2063847027743 0.0327826598504206 0.9471 1.55975844941745
3.8376753507014 3.81602077560219 0.159810313806991 -0.0216545750992161 0.160279234429718 0.260167246015655 100.118694587659 0.0216545750992161 0.9484 1.56348635168305
-12.8456913827655 -12.828873210229 0.159629815383316 0.0168181725365049 0.159912666310784 0.204403551645825 100.231901926213 0.0168181725365049 0.9486 1.56392966635733
-14.9498997995992 -14.9365507385149 0.159404836410455 0.0133490610843143 0.159583033842288 0.133416054754633 100.373366080319 0.0133490610843143 0.949 1.56448911777367
5.94188376753507 5.92454200920847 0.159496573700474 -0.0173417583266042 0.159797310282333 0.161753768092538 100.315634554301 0.0173417583266042 0.9488 1.56426471123548
7.99599198396794 7.98140287593827 0.159335228383086 -0.0145891080296714 0.159548070456187 0.111123913131436 100.417215717867 0.0145891080296714 0.9491 1.56466373213208
-4.52905811623246 -4.4138695883656 0.128375209825257 0.115188527866865 0.141643606777392 47.8612447127826 124.634655100304 0.115188527866865 0.9284 1.30187428068778
1.73346693386774 1.7043458677717 0.160529760613354 -0.0291210660960322 0.161377797103923 0.485769810002019 99.6699922735015 0.0291210660960322 0.947 1.56168829796252
-0.320641282565131 -0.365210169154104 0.162729027782004 -0.0445688865889734 0.164715413433784 1.1766792575202 98.3229619083945 0.0445688865889734 0.9427 1.55605946468598
-2.4248496993988 -2.52333672122279 0.175950809802786 -0.0984870218239933 0.185650503270545 6.30908099241059 90.9345061721147 0.0984870218239933 0.9129 1.50780347985077
-10.7414829659319 -10.719036890547 0.160096308997154 0.022446075384881 0.160600135297338 0.351781008061671 99.9398430871036 0.022446075384881 0.9485 1.56276273174496
-6.53306613226453 -6.47185392615192 0.166675222664328 0.0612122061126117 0.170422156841501 2.47615479814171 95.9950719983308 0.0612122061126117 0.9373 1.54504727589207
-8.6372745490982 -8.60412632482484 0.161329536242959 0.0331482242733525 0.162428341015435 0.742647429273482 99.17588789138 0.0331482242733525 0.947 1.55963114774719
3.88777555110221 3.86625034049558 0.159799819469265 -0.0215252106066224 0.160263154160924 0.256875972052583 100.125269560003 0.0215252106066224 0.9484 1.56351244128687
-12.7955911823647 -12.7786702249126 0.159637209250852 0.0169209574521592 0.15992352805195 0.206737542595761 100.227259516031 0.0169209574521592 0.9486 1.56391124346253
5.99198396793587 5.97472279357517 0.15949141993764 -0.017261174360705 0.15978936807795 0.160136775286858 100.318876126728 0.017261174360705 0.9488 1.56427746984788
-14.8997995991984 -14.8863834808973 0.159408732775495 0.0134161183011425 0.159588725005765 0.134644953458938 100.370912693559 0.0134161183011425 0.949 1.56447944715993
8.04609218436874 8.03155849936972 0.159332290717484 -0.0145336849990141 0.159543518717134 0.110201912974702 100.419067145467 0.0145336849990141 0.9491 1.56467098961391
-4.47895791583166 -4.37013841885706 0.122062135460002 0.108819496974598 0.133903818381806 55.8554424811858 131.080780618024 0.108819496974598 0.9389 1.28910311656522
1.78356713426854 1.75468668845585 0.160503084876551 -0.0288804458126857 0.161337165026891 0.477404796437206 99.6865575032789 0.0288804458126857 0.9471 1.56175531102014
-0.270541082164328 -0.314533369903575 0.16262976354294 -0.0439922877392463 0.164565084923473 1.14540238991377 98.3829752404171 0.0439922877392463 0.9429 1.55631837344468
-2.374749498998 -2.47068120326561 0.175362852311087 -0.0959317042676138 0.184565744194776 5.93364777374079 91.2393918617187 0.0959317042676138 0.9146 1.51167131009803
-10.6913827655311 -10.6687597136936 0.160113014827629 0.0226230518374368 0.160624817302069 0.357063384552013 99.9294155895129 0.0226230518374368 0.9486 1.56272076749956
-6.48296593186373 -6.42052933198759 0.166974001051663 0.0624365998761389 0.170872330055756 2.57630454471668 95.8233012278928 0.0624365998761389 0.9369 1.54416760012978
-8.5871743486974 -8.55365265269235 0.161380747225461 0.0335216960050495 0.162504451328516 0.758922718936503 99.1444163884481 0.0335216960050495 0.947 1.55949957048817
3.93787575150301 3.91647827655587 0.15978952306218 -0.0213974749471371 0.160247374996294 0.253646743550405 100.13172136307 0.0213974749471371 0.9485 1.5635380351135
6.04208416833668 6.02490277508376 0.159486343103659 -0.017181393252919 0.15978154337777 0.158543904501428 100.322069517894 0.017181393252919 0.9488 1.56429003717117
-12.7454909819639 -12.7284660647059 0.159644730253384 0.0170249172580252 0.159934578061026 0.209111730123091 100.222537722387 0.0170249172580252 0.9486 1.56389250139624
-14.8496993987976 -14.8362156049198 0.159412683154657 0.0134837938778265 0.159594495851997 0.135890907333497 100.368425418681 0.0134837938778265 0.949 1.56446964182141
8.09619238476954 8.08171366415815 0.159329389478366 -0.014478720611395 0.159539022828908 0.109291338883537 100.42089568273 0.014478720611395 0.9491 1.56467815684191
-4.42885771543086 -4.32754936803878 0.115869054821189 0.101308347392086 0.126132436072504 64.9040597712521 138.086912201808 0.101308347392086 0.9469 1.2770338820113
1.83366733466934 1.80502339746653 0.16047709166664 -0.0286439372028109 0.161297566805119 0.469253900396581 99.7027041918038 0.0286439372028109 0.9471 1.56182058315447
-0.220440881763526 -0.263871618168618 0.162534363346888 -0.0434307364050919 0.164420592211577 1.11535473644103 98.4407215220826 0.0434307364050919 0.943 1.55656673314179
-2.32464929859719 -2.41811885293157 0.174759906980664 -0.0934695543343715 0.18349646456813 5.59056326957618 91.5541801116331 0.0934695543343715 0.9165 1.51517221680186
-10.6412825651303 -10.6184798778893 0.160130098595623 0.0228026872409508 0.160650061141032 0.36246559478186 99.9187544398187 0.0228026872409508 0.9485 1.56267784129069
-6.43286573146293 -6.36915739920824 0.1672894924049 0.0637083322546843 0.171348244003573 2.68263716624927 95.6425880071077 0.0637083322546843 0.9364 1.54322892909666
-8.53707414829659 -8.50317081518739 0.161433645953268 0.0339033331092029 0.162583081949182 0.775738492010191 99.1119286535327 0.0339033331092029 0.9469 1.55936352300656
3.98797595190381 3.9667046143222 0.159779419642541 -0.0212713375816058 0.160231889445052 0.250478011131378 100.138053047102 0.0212713375816058 0.9485 1.56356314566594
6.09218436873747 6.07508196566602 0.159481341675542 -0.0171024030714575 0.15977383386636 0.156974678393318 100.325215676649 0.0171024030714575 0.9487 1.5643024170142
-12.6953907815631 -12.6782607093661 0.159652381320859 0.0171300721970447 0.159945820694334 0.211527042377867 100.217734728581 0.0171300721970447 0.9486 1.56387343273281
8.14629258517034 8.13186837597098 0.159326524066086 -0.0144242091993583 0.159534581877113 0.10839200285691 100.422701705106 0.0144242091993583 0.949 1.56468523530745
-14.7995991983968 -14.7860471019941 0.159416688550661 0.0135520964027318 0.15960034786757 0.137154233396281 100.36590362944 0.0135520964027318 0.949 1.56445969924171
-4.37875751503006 -4.28614427279342 0.109922827647728 0.0926132422366379 0.118500040285311 74.9632640706023 145.556663182605 0.0926132422366379 0.9539 1.26596031360578
1.88376753507014 1.85535609906041 0.160451757938197 -0.0284114360097327 0.161258967634332 0.461309879662771 99.7184462520064 0.0284114360097327 0.9472 1.56188417433532
-0.170340681362726 -0.213224337873914 0.16244263143787 -0.0428836565111887 0.16428163943364 1.08647279158887 98.4963113338849 0.0428836565111887 0.9435 1.55680511357456
-2.27454909819639 -2.36565267285241 0.174158992330988 -0.0911035746560223 0.182458853646093 5.27623561118356 91.8700767950707 0.0911035746560223 0.9183 1.51834407061266
-10.5911823647295 -10.5681973228605 0.160147571773139 0.0229850418690081 0.160675883922859 0.36799128956666 99.9078526314792 0.0229850418690081 0.9485 1.56263392341932
-6.38276553106212 -6.31773552183157 0.167622787959801 0.065030009230556 0.171851690060328 2.79567067342185 95.4524154784793 0.065030009230556 0.9355 1.54222576769959
-8.48697394789579 -8.45268054297033 0.161488307017538 0.034293404925462 0.162664344638919 0.793118927089864 99.0783809397568 0.034293404925462 0.9469 1.55922279940683
4.03807615230461 4.01692938357589 0.159769504420392 -0.0211467687287152 0.160216690248058 0.24736827346802 100.144267568735 0.0211467687287152 0.9485 1.56358778505484
6.14228456913828 6.12526037701862 0.15947641416779 -0.0170241921196519 0.159766237285116 0.15542863136708 100.328315528627 0.0170241921196519 0.9487 1.56431461309138
8.19639278557114 8.18202264038274 0.159323693893287 -0.0143701451884048 0.159530194966023 0.107503720744191 100.424485580385 0.0143701451884048 0.949 1.56469222647124
-12.6452905811623 -12.6280541381829 0.159660165468062 0.0172364429794385 0.159957260434645 0.213984434448427 100.212848665753 0.0172364429794385 0.9485 1.5638540298291
-14.749498997996 -14.7358779633721 0.159420749989592 0.0136210346239203 0.159606282573818 0.138435256064355 100.363346685075 0.0136210346239203 0.949 1.56444961684533
1.93386773547094 1.90568489400846 0.160427061608029 -0.0281828414624805 0.161221334160928 0.453565795499756 99.7337970266687 0.0281828414624805 0.9472 1.56194614196447
-4.32865731462926 -4.24584743076149 0.104342129945604 0.0828098838677684 0.111199606811797 75.187969924812 153.341703953535 0.0828098838677684 0.9594 1.25583836190277
-0.120240480961924 -0.162590981597435 0.162354384086569 -0.042350500635511 0.164147948990647 1.05869709407301 98.5498487769116 0.042350500635511 0.9435 1.55703404628908
-2.22444889779559 -2.31327530379949 0.173549840474966 -0.0888264060038946 0.181439970878535 4.98755529386999 92.1925364852637 0.0888264060038946 0.9199 1.52123968615878
-10.5410821643287 -10.5179119865016 0.160165446270054 0.0231701778270512 0.160702303410592 0.373644259762408 99.896702894471 0.0231701778270512 0.9485 1.56258898302855
-6.33266533066132 -6.26626093180653 0.167975028673091 0.0664043988547931 0.172384572860357 2.91597830402631 95.252253423566 0.0664043988547931 0.9346 1.54115195600577
-8.43687374749499 -8.40218155480877 0.161544809143488 0.0346921926862152 0.162748357376865 0.811089568882828 99.0437271542934 0.0346921926862152 0.9469 1.55907718173639
4.08817635270541 4.06715261336375 0.159759772753358 -0.0210237393416604 0.160201770369264 0.244316075506489 100.150367794409 0.0210237393416604 0.9485 1.56361196501329
6.19238476953908 6.17543802060888 0.159471559131291 -0.0169467489301951 0.159758751430594 0.153905309229401 100.331369976934 0.0169467489301951 0.9487 1.56432662902549
8.24649298597194 8.23217646287685 0.159320898384594 -0.0143165230950935 0.159525861218126 0.10662631215083 100.426247668882 0.0143165230950935 0.949 1.56469913176401
-12.5951903807615 -12.5778463299653 0.159668085797579 0.0173440507962486 0.159968901895602 0.216484889304873 100.207877611085 0.0173440507962486 0.9485 1.56383428481675
-14.6993987975952 -14.6857081801423 0.159424868521561 0.0136906174528715 0.159612301527802 0.139734307362048 100.360753929906 0.0136906174528715 0.949 1.56443939199602
1.98396793587174 1.95600987973995 0.160402981507509 -0.0279580561317954 0.161184634410178 0.446014997526333 99.7487693160552 0.0279580561317954 0.9473 1.56200654100692
-4.27855711422846 -4.20661179265405 0.0992679414363535 0.0719453215744119 0.104444070732799 75.187969924812 161.179931491362 0.0719453215744119 0.9628 1.24691729829536
-0.0701402805611213 -0.111971028844865 0.162269448738892 -0.0418307482837433 0.164019260240869 1.03197192200775 98.6014319044472 0.0418307482837433 0.9438 1.55725402764399
-2.17434869739479 -2.26099024429259 0.172953238727382 -0.0866415468978023 0.180459996376226 4.72181988907882 92.5105544003143 0.0866415468978023 0.9211 1.52387688421641
-10.4909819639279 -10.4676238048055 0.160183734454287 0.0233581591223437 0.160729338051871 0.379428442758936 99.885297683368 0.0233581591223437 0.9485 1.56254298804891
-6.28256513026052 -6.21473069376135 0.168347395016049 0.0678344364991741 0.172948905791209 3.04419571715479 95.0415656771803 0.0678344364991741 0.9339 1.54000056976066
-8.38677354709419 -8.35167355692047 0.161603235465155 0.0350999901737179 0.16283524477535 0.829677421804966 99.007918708719 0.0350999901737179 0.9468 1.55892643912362
4.13827655310621 4.11737433202055 0.159750220141224 -0.0209022210856666 0.160187122987538 0.241320006766003 100.156356503643 0.0209022210856666 0.9485 1.56363569691079
6.24248496993988 6.22561490768033 0.159466775152258 -0.0168700622595548 0.159751374152899 0.152404268855825 100.334379902793 0.0168700622595548 0.9487 1.56433846835039
8.29659318637275 8.28232984884755 0.159318136976325 -0.0142633375251933 0.159521579773683 0.105759600346879 100.427988323625 0.0142633375251933 0.949 1.5647059525873
-12.5450901803607 -12.5276372630274 0.15967614550288 0.0174529173333635 0.159980749826325 0.219029418781403 100.202819585919 0.0174529173333635 0.9485 1.56381418959415
-14.6492985971944 -14.6355377432261 0.159429045221384 0.0137608539683196 0.159618406323321 0.141051727136016 100.358124692915 0.0137608539683196 0.949 1.56442902199507
2.03406813627254 2.00633115047936 0.160379497337632 -0.0277369857931862 0.161148837718524 0.438651109461446 99.7633754040059 0.0277369857931862 0.9474 1.5620654241143
-4.22845691382765 -4.16832342864978 0.0948353913835809 0.0601334851778761 0.0984514274232187 75.187969924812 168.713386074243 0.0601334851778761 0.9643 1.23940532163356
-0.0200400801603209 -0.0613639844435927 0.16218766323081 -0.0413239042832719 0.163895328296023 1.00624501451993 98.6511531227278 0.0413239042832719 0.944 1.55746552158958
-2.12424849699399 -2.20879308424819 0.172367913817582 -0.0845445872541997 0.179515701051565 4.47667204657787 92.8247006396616 0.0845445872541997 0.9233 1.5262885933231
-10.4408817635271 -10.4173327117899 0.160202449173046 0.0235490517371399 0.160757007010765 0.385347929327004 99.8736291647903 0.0235490517371399 0.9485 1.56249590514056
-6.23246492985972 -6.16314170205216 0.168741090536123 0.0693232278075557 0.173546800449781 3.1810293008213 94.8198210001188 0.0693232278075557 0.9328 1.53876380337009
-8.33667334669339 -8.30115624227271 0.161663673821299 0.0355171044206735 0.162925138527728 0.848911051137868 98.9709043584288 0.0355171044206735 0.9468 1.55877032684264
4.18837675350701 4.16759456719068 0.159740842220752 -0.02078218631633 0.160172741488839 0.238378699710665 100.162236392174 0.02078218631633 0.9484 1.5636589917668
6.29258517034068 6.27579104925815 0.1594620608512 -0.0167941210825377 0.159744103354135 0.150925077868685 100.337346166184 0.0167941210825377 0.9487 1.56435013451363
8.34669338677355 8.33248280360167 0.159315409116209 -0.0142105831718737 0.159517349790294 0.104903412177961 100.429707890523 0.0142105831718737 0.949 1.56471269031415
-12.4949899799599 -12.4774269151739 0.159684347871531 0.0175630647860281 0.15999280911621 0.221619064599011 100.197672553808 0.0175630647860281 0.9485 1.56379373581813
-14.5991983967936 -14.5853666433734 0.159433281189278 0.0138317534201935 0.159624598591955 0.142387863277406 100.355458287313 0.0138317534201935 0.949 1.56441850407946
2.08416833667335 2.05664879737671 0.160356589626616 -0.0275195392966392 0.161113914669716 0.431468015684693 99.7776270825872 0.0275195392966392 0.9475 1.56212284174115
-4.17835671342685 -4.13088007450863 0.0911438264836901 0.0474766389182264 0.0933978577266617 75.187969924812 175.546722331909 0.0474766389182264 0.9655 1.23343052675392
0.0300601202404813 -0.0107693770471716 0.16210887506413 -0.0408294972876529 0.163775922912893 0.98146731721971 98.6990995629968 0.0408294972876529 0.9441 1.55766896219234
-2.07414829659319 -2.1566822552235 0.171801143743354 -0.0825339586303122 0.178612998070544 4.25004818549745 93.1309283010462 0.0825339586303122 0.9252 1.52849612923995
-10.3907815631263 -10.367038639421 0.16022160377525 0.0237429237052513 0.160785330201323 0.391406970841473 99.8616892041845 0.0237429237052513 0.9484 1.5624476996323
-6.18236472945892 -6.11149068128656 0.169157316706518 0.0708740481723584 0.174180447410855 3.32726579359991 94.5865086507578 0.0708740481723584 0.9316 1.53743283195132
-8.28657314629259 -8.25062928983506 0.161726217074301 0.0359438564575303 0.163018177891341 0.868820692452005 98.9326300302269 0.0359438564575303 0.9466 1.55860858529777
4.23847695390782 4.21781334584907 0.159731634760708 -0.0206636080587472 0.160158619458714 0.235490828190422 100.168010074957 0.0206636080587472 0.9483 1.56368186026352
6.34268537074148 6.32596645615446 0.159457414881928 -0.0167189145870266 0.159736936986896 0.149467314325818 100.340269606449 0.0167189145870266 0.9487 1.56436163087894
8.39679358717435 8.3826353323604 0.159312714263107 -0.0141582548139461 0.159513170442483 0.104057577978907 100.431406708543 0.0141582548139461 0.949 1.56471934628979
-12.4448897795591 -12.4272152636852 0.159692696288538 0.0176745158738676 0.160005084799914 0.224254899431003 100.192434418483 0.0176745158738676 0.9485 1.56377291489519
-14.5490981963928 -14.5351948711591 0.159437577551587 0.0139033252336649 0.15963088000414 0.14374307195137 100.352754010096 0.0139033252336649 0.949 1.56440783542007
2.13426853707415 2.10696290863154 0.160334239689887 -0.027305628442611 0.161079837034533 0.424459848558868 99.7915356753906 0.027305628442611 0.9476 1.56217884225424
-4.12825651302605 -4.0940956368594 0.0882396219314627 0.034160876166653 0.0894065873919361 75.187969924812 181.324439631297 0.034160876166653 0.9664 1.22881325599603
0.0801603206412835 0.0398132422581072 0.162032940738254 -0.0403470783831763 0.163660827472312 0.957592749223039 98.7453534269072 0.0403470783831763 0.9441 1.55786475593135
-2.02404809619238 -2.10465560862138 0.171258756405947 -0.080607512428994 0.177756327465937 4.04013582908608 93.4258798544236 0.080607512428994 0.9264 1.53051872069993
-10.3406813627255 -10.3167415175333 0.160241212135157 0.0239398451921993 0.160814328322984 0.3976099869042 99.8494693518956 0.0239398451921993 0.9484 1.56239833545705
-6.13226452905812 -6.05977419193444 0.169597235710544 0.0724903371236794 0.174852084686848 3.48378346227376 94.3411602964311 0.0724903371236794 0.9306 1.53599764844248
-8.23647294589178 -8.20009236378165 0.16179096345404 0.0363805821101337 0.163114510208712 0.889438370076483 98.8930386371368 0.0363805821101337 0.9464 1.55844093891951
4.28857715430862 4.26803069432123 0.159722593657104 -0.0205464599873908 0.160144750675118 0.232655105947408 100.173680089049 0.0205464599873908 0.9483 1.56370431275831
6.39278557114228 6.37614113897343 0.159452835930597 -0.0166444321688539 0.15972987305282 0.148030566419877 100.343151042884 0.0166444321688539 0.9487 1.56437296072872
8.44689378757515 8.43278744026101 0.159310051886743 -0.0141063473141401 0.15950904092129 0.103221931489621 100.433085109876 0.0141063473141401 0.949 1.56472592183233
-12.3947895791583 -12.3770022853019 0.159701194239828 0.0177872938564576 0.160017582062564 0.226938028012782 100.187103021737 0.0177872938564576 0.9485 1.56375171797245
-14.498997995992 -14.4850224169787 0.15944193546153 0.0139755790133194 0.159637252270288 0.145117717834296 100.350011141582 0.0139755790133194 0.9491 1.56439701311977
2.18436873747495 2.157273569611 0.160312429592297 -0.0270951678639508 0.161046577713873 0.417620976465905 99.8051120595628 0.0270951678639508 0.9476 1.56223347203578
-4.07815631262525 -4.05776611910999 0.0862033611508059 0.0203901935152571 0.0866191211423955 75.187969924812 185.60761188893 0.0203901935152571 0.9672 1.22565522493054
0.130260521042084 0.0903843012522781 0.161959725133352 -0.0398762197898059 0.163549838038077 0.934577989666579 98.7899923071997 0.0398762197898059 0.9442 1.55805328379005
-1.97394789579158 -2.05270970353273 0.170742273803924 -0.07876180774115 0.176945696162578 3.84533796582303 93.708486150149 0.07876180774115 0.9272 1.53237616773713
-10.2905811623246 -10.2664412737455 0.160261288677319 0.0241398885791337 0.160844022897932 0.40396157339238 99.8369608284851 0.0241398885791337 0.9485 1.56234777508371
-6.08216432865731 -6.0079886432173 0.17006191668783 0.07417568544001 0.175563948998325 3.65156512857342 94.0833804041502 0.07417568544001 0.9298 1.53444687110992
-8.18637274549098 -8.14954511263938 0.161858016928947 0.0368276328516046 0.163214291470399 0.910798025478847 98.8520698793917 0.0368276328516046 0.9462 1.5582670949631
4.33867735470942 4.31824663830271 0.15971371492864 -0.0204307164067083 0.160131129101531 0.229870285184994 100.179248896369 0.0204307164067083 0.9484 1.56372635929543
6.44288577154309 6.42631510811625 0.159448322714777 -0.0165706634268332 0.159722909601183 0.14661443218769 100.345991275311 0.0165706634268332 0.9487 1.56438412726634
8.49699398797595 8.48293913235853 0.159307421467448 -0.0140548556174256 0.159504960433875 0.102396309773575 100.434743420094 0.0140548556174256 0.949 1.56473241823339
-12.3446893787575 -12.3267879562081 0.15970984531588 0.0179014225494285 0.160030306245173 0.229669588298563 100.181676141221 0.0179014225494285 0.9484 1.5637301359282
-14.4488977955912 -14.4348492710437 0.159446356099975 0.0140485245474427 0.159643717141935 0.146512174359103 100.347228944936 0.0140485245474427 0.9491 1.56438603421141
2.23446893787575 2.20758086296232 0.160291142112434 -0.026888074913431 0.161014110684984 0.410945992510314 99.8183666866448 0.026888074913431 0.9476 1.56228677558054
-4.02805611222445 -4.02168743722393 0.0850939454111598 0.00636867500051608 0.085134505432422 75.187969924812 188.02747860251 0.00636867500051608 0.9675 1.22402995027509
0.180360721442886 0.140944207793494 0.161889100940754 -0.0394165136493925 0.163442762489027 0.912382281875665 98.8330894854709 0.0394165136493925 0.9444 1.55823490316406
-1.92384769539078 -2.00084080134496 0.170251849454448 -0.0769931059541813 0.176179787818919 3.66424315063129 93.9784210936337 0.0769931059541813 0.9283 1.53408614961535
-10.2404809619238 -10.2161378333731 0.160281848402906 0.0243431285507381 0.160874436310544 0.410466510959367 99.8241545092509 0.0243431285507381 0.9485 1.56229597944508
-6.03206412825651 -5.95613031621339 0.170552259594157 0.0759338120431261 0.176318203405558 3.83171340137549 93.8128878390314 0.0759338120431261 0.9289 1.53276751618203
-8.13627254509018 -8.09898716837749 0.161927487606623 0.0372853767126866 0.16331768692323 0.932935656513671 98.8096600304789 0.0372853767126866 0.946 1.55808674219971
4.38877755511022 4.36846120287781 0.159704994712328 -0.0203163522324132 0.160117748880359 0.227135155196208 100.184718886347 0.0203163522324132 0.9485 1.56374800961735
6.49298597194389 6.47648837378596 0.159443873982559 -0.0164975981579305 0.15971604472754 0.145218519229161 100.348791084631 0.0164975981579305 0.9487 1.56439513361844
8.54709418837675 8.53309041362738 0.159304822495902 -0.0140037747493764 0.159500928203133 0.101580553138177 100.436381958315 0.0140037747493764 0.949 1.56473883675875
-12.2945891783567 -12.2765722520155 0.159718653215508 0.0180169263411685 0.160043262850292 0.232450752667013 100.17615148815 0.0180169263411685 0.9484 1.563708159362
-14.3987975951904 -14.384675423378 0.159450840676234 0.0141221718124243 0.159650276412934 0.147926823968611 100.344406665676 0.0141221718124243 0.9491 1.56437489565579
2.28456913827655 2.25788486871998 0.160270360708889 -0.0266842695565752 0.160982410950657 0.404429703848564 99.8313096022914 0.0266842695565752 0.9478 1.56233879558756
-3.97795591182365 -3.98564990672343 0.0849040996464162 -0.00769399489978406 0.0849632972039341 75.187969924812 188.447908483008 0.00769399489978406 0.9676 1.22377055048821
0.230460921843688 0.191493350949063 0.161820948136688 -0.0389675708946251 0.163339419718116 0.890967253537887 98.8747142087253 0.0389675708946251 0.9444 1.55840994960336
-1.87374749498998 -1.94904515905082 0.169787114393547 -0.0752976640608392 0.175456852606566 3.49560031774951 94.2356553802657 0.0752976640608392 0.9293 1.5356640720142
-10.190380761523 -10.1658311193357 0.160302906917524 0.0245496421873401 0.16090559184905 0.417129774017532 99.8110409078984 0.0245496421873401 0.9484 1.56224290786158
-5.98196392785571 -5.90419540104656 0.171068889255671 0.077768526809149 0.177116833017737 4.02546854950443 93.5295720315759 0.077768526809149 0.9274 1.53094472991223
-8.08617234468938 -8.04841814543418 0.161999492166654 0.0377541992551951 0.163424871728055 0.95588946860245 98.765741707019 0.0377541992551951 0.9457 1.55789954948901
4.43887775551102 4.41867441253759 0.159696429259303 -0.0202033429734323 0.160104604326606 0.22444854104895 100.190092378461 0.0202033429734323 0.9484 1.56376927317562
6.54308617234469 6.52666094599213 0.159439488511683 -0.0164252263525642 0.159709276572416 0.14384244443572 100.351551233354 0.0164252263525642 0.9487 1.56440598283713
8.59719438877756 8.58324128896299 0.15930225447289 -0.0139530998145698 0.159496943467325 0.100774505057821 100.438001037348 0.0139530998145698 0.949 1.564745178649
-12.2444889779559 -12.2263551477458 0.159727621749804 0.0181338302101253 0.160056457547894 0.235282729178032 100.170526704907 0.0181338302101253 0.9484 1.5636857785844
-14.3486973947896 -14.3345008638123 0.159455390428893 0.0141965309773031 0.159656931920683 0.149362058377676 100.341543531167 0.0141965309773031 0.9491 1.56436359433957
2.33466933867735 2.30818566440786 0.160250069488368 -0.0264836742694965 0.160951454491181 0.398067121604171 99.843950464941 0.0264836742694965 0.9478 1.56238957304665
-3.92785571142285 -3.9495046008912 0.0856867471192226 -0.0216488894683571 0.0861554215344358 75.187969924812 186.726658881542 0.0216488894683571 0.9676 1.22511593970679
0.280561122244489 0.242032102051784 0.161755153495808 -0.0385290201927049 0.163239638892818 0.870296751405881 98.9149319462928 0.0385290201927049 0.9445 1.5585787384053
-1.82364729458918 -1.89731895180559 0.169346808062911 -0.0736716572164116 0.174774321139924 3.33829747872036 94.480670660507 0.0736716572164116 0.9299 1.53712375846697
-10.1402805611222 -10.1155210520608 0.160324480460593 0.0247595090614556 0.160937513749557 0.423956540234428 99.7976101593092 0.0247595090614556 0.9484 1.56218851796047
-5.93186372745491 -5.85218005312606 0.171612010635284 0.0796836743288551 0.177961498589831 4.23422954877218 93.2335676318353 0.0796836743288551 0.9263 1.52896147439945
-8.03607214428858 -7.99783763967504 0.162074154328467 0.0382345046135359 0.16353603167151 0.97970003902698 98.7202436211613 0.0382345046135359 0.9455 1.5577051642206
4.48897795591182 4.46888629119733 0.159688014930808 -0.0200916647144966 0.160091689921808 0.221809302325219 100.195371624681 0.0200916647144966 0.9484 1.56379015914121
6.59318637274549 6.57683283455544 0.159435165108704 -0.0163535381900513 0.159702603320037 0.142485833727477 100.354272466122 0.0163535381900513 0.9486 1.56441667790209
8.64729458917836 8.63339176318333 0.159299716909061 -0.0139028259950233 0.159493005479709 0.0999780120986884 100.439600963848 0.0139028259950233 0.949 1.56475144512006
-12.1943887775551 -12.1761366178124 0.159736754846244 0.0182521597427403 0.160069896181519 0.238166762883722 100.164799362557 0.0182521597427403 0.9484 1.56366298360617
-14.2985971943888 -14.2843255819803 0.159460006626664 0.0142716124084359 0.159663685547401 0.150818278844234 100.338638750091 0.0142716124084359 0.9491 1.56435212707307
2.38476953907816 2.35848332513668 0.160230253175527 -0.0262862139414786 0.160921218218905 0.391853451333041 99.8562985634959 0.0262862139414786 0.9479 1.56243914732003
-3.87775551102204 -3.91309038636232 0.0874481458178048 -0.0353348753402751 0.0886966992331176 75.187969924812 182.965571772504 0.0353348753402751 0.967 1.22818809789294
0.330661322645291 0.292560815687079 0.161691610141272 -0.0381005069582119 0.163143258771745 0.850336689204603 98.9538046285803 0.0381005069582119 0.9447 1.55874156607283
-1.77354709418838 -1.8456568762671 0.168923454120959 -0.0721097820787198 0.1741232747924 3.19134363793447 94.7174569881992 0.0721097820787198 0.9307 1.53848071957832
-10.0901803607214 -10.0652075493824 0.160346585936404 0.0249728113390297 0.160970227242578 0.430952200576279 99.7838520013509 0.0249728113390297 0.9483 1.56213276559041
-5.88176352705411 -5.80008047458958 0.172181215233628 0.0816830524645278 0.178853336293551 4.45957896064258 92.925351806177 0.0816830524645278 0.9244 1.52679816242222
-7.98597194388778 -7.94724522727803 0.162151605357384 0.0387267166097489 0.163651363936756 1.0044104956505 98.6730903140661 0.0387267166097489 0.9455 1.55750321061038
4.53907815631263 4.51909686221329 0.159679748194333 -0.019981294099332 0.160079000308217 0.219216331911852 100.200558811802 0.019981294099332 0.9484 1.56381067641448
6.64328657314629 6.62700404911212 0.159430902608178 -0.0162825240341711 0.159696023197101 0.14114832179915 100.3569555102 0.0162825240341711 0.9487 1.56442722172265
8.69739478957916 8.68354184103049 0.159297209324698 -0.0138529485486742 0.15948911350819 0.099190923845768 100.441182038456 0.0138529485486742 0.949 1.56475763736386
-12.1442885771543 -12.1259166360023 0.159746056552983 0.0183719411520276 0.160083584774677 0.241104137195521 100.158966958244 0.0183719411520276 0.9484 1.56363976412712
-14.248496993988 -14.2341495673137 0.159464690569268 0.0143474266742967 0.159670539221442 0.15229589644958 100.335691511908 0.0143474266742967 0.9491 1.564340490588
2.43486973947896 2.40877792369692 0.160210897084425 -0.0260918157820411 0.160891679935229 0.385784084004349 99.8683628340747 0.0260918157820411 0.9478 1.56248755621952
-3.82765531062124 -3.87626368094949 0.0901161518959782 -0.0486083703282478 0.0924789255619463 75.187969924812 177.548637656754 0.0486083703282478 0.9663 1.23275409905515
0.380761523046093 0.34307983061602 0.161630217128382 -0.0376816924300729 0.163050127072776 0.831054907551689 98.9913908690188 0.0376816924300729 0.9449 1.55889871165099
-1.72344689378757 -1.79405715522127 0.168522127494231 -0.0706102614336965 0.173507936513966 3.05385338401801 94.9430216548134 0.0706102614336965 0.9317 1.53974062133292
-10.0400801603206 -10.014890526435 0.160369240946959 0.0251896338856294 0.161003758602251 0.438122369934824 99.769755755668 0.0251896338856294 0.9482 1.56207560473078
-5.83166332665331 -5.74789355193202 0.172773626685211 0.0837697747212856 0.179791001842065 4.70331245618011 92.6067265413813 0.0837697747212856 0.9229 1.52443365338083
-7.93587174348697 -7.89664046353896 0.162231984612282 0.0392312799480106 0.163771077938641 1.03006671153176 98.6242018689369 0.0392312799480106 0.9454 1.55729328783592
4.58917835671343 4.56930614839899 0.159671625619918 -0.0198722083144425 0.160066530283211 0.216668554840417 100.205656063691 0.0198722083144425 0.9484 1.56383083363471
6.69338677354709 6.67717459911823 0.15942669987188 -0.0162121744288601 0.159689534471592 0.139829551874342 100.359601075968 0.0162121744288601 0.9487 1.56443761713977
8.74749498997996 8.73369151715956 0.159294702432856 -0.0138034728203955 0.159485238294759 0.0984130928319189 100.442762726175 0.0138034728203955 0.949 1.56476375599441
-12.0941883767535 -12.0756951754566 0.159755531043321 0.0184932012968595 0.160097529537528 0.244096175310986 100.153026912484 0.0184932012968595 0.9485 1.56361610952438
-14.1983967935872 -14.1839728090367 0.159469443588349 0.014423984550433 0.159677494918661 0.153795332388334 100.332700986291 0.014423984550433 0.9491 1.56432868153514
2.48496993987976 2.4590695306475 0.160191987091504 -0.0259004092322588 0.160862818289903 0.379854587465481 99.8801518758897 0.0259004092322588 0.9478 1.56253483607937
-3.77755511022044 -3.83879821535764 0.0936114523575347 -0.0612431051371978 0.0973621702843806 75.187969924812 170.919258243002 0.0612431051371978 0.9654 1.23876390793331
0.430861723446894 0.393589470638948 0.161570879059055 -0.0372722528079459 0.162960099888434 0.812421044820198 99.0277461704712 0.0372722528079459 0.9449 1.55905043795316
-1.67334669338677 -1.74251656661626 0.168141901974365 -0.069169873229487 0.172926373336948 2.92503371547782 95.1577198314276 0.069169873229487 0.933 1.54091264194588
-9.98997995991984 -9.96456989554196 0.160392463826713 0.0254100643778781 0.161038135198401 0.44547289837687 99.7553103073866 0.0254100643778781 0.9482 1.56201698739567
-5.78156312625251 -5.69561753001239 0.173382143735168 0.0859455962401139 0.180768789248237 4.96747399732509 92.2817059203001 0.0859455962401139 0.9208 1.52184729758493
-7.88577154308617 -7.84602288159117 0.162315440138616 0.0397486614949978 0.16389539622926 1.05671751706572 98.5734936019403 0.0397486614949978 0.945 1.5570749679932
4.63927855711423 4.61951417204078 0.159663643876608 -0.0197643850734508 0.16005427479394 0.214164927173989 100.210665443444 0.0197643850734508 0.9484 1.56385063918926
6.7434869739479 6.72734449385388 0.159422555788044 -0.01614248009402 0.15968313545163 0.138529175467667 100.362209857383 0.01614248009402 0.9487 1.56444786692794
8.79759519038076 8.78384079764184 0.159292200747089 -0.0137543927389192 0.159481384066706 0.0976443744687714 100.44434018087 0.0137543927389192 0.949 1.56476980224507
-12.0440881763527 -12.0254722086508 0.159765182620374 0.0186159677019457 0.160111736873854 0.247144241702536 100.146976566342 0.0186159677019457 0.9484 1.56359200884015
-14.1482965931864 -14.1337952961618 0.159474267048421 0.0145012970245499 0.159684554663815 0.155317018268406 100.329666322542 0.0145012970245499 0.9491 1.56431669648192
2.53507014028056 2.50935821440047 0.160173509609996 -0.0257119258800973 0.16083461274246 0.374060698361909 99.8916739663017 0.0257119258800973 0.9479 1.56258102182526
-3.72745490981964 -3.80050080702555 0.0978510343801782 -0.073045897205914 0.103186737478795 75.187969924812 163.513856561144 0.073045897205914 0.964 1.24617817115236
0.480961923847696 0.444090045403985 0.161513505724642 -0.0368718784437104 0.16287304114461 0.794406417978017 99.0629231172642 0.0368718784437104 0.945 1.55919699268738
-1.62324649298597 -1.69103203764599 0.167781777735969 -0.0677855446600164 0.172376657800824 2.80417273906792 95.3619649040702 0.0677855446600164 0.9341 1.54200490217819
-9.93987975951904 -9.9142455660986 0.160416273679335 0.0256341934204372 0.161073385551651 0.453009883058336 99.7405040836648 0.0256341934204372 0.9481 1.56195686353199
-5.7314629258517 -5.64324905633987 0.174004754803194 0.0882138695118284 0.181786441577443 5.2543979407582 91.9515102796855 0.0882138695118284 0.9194 1.51900975805078
-7.83567134268537 -7.79539199103223 0.162402129310883 0.0402793516531359 0.16402455548048 1.0844149314761 98.5208757292307 0.0402793516531359 0.9451 1.55684779385488
4.68937875751503 4.66972095491306 0.15965579972904 -0.0196578026019729 0.160042228932178 0.211704434938525 100.215588955455 0.0196578026019729 0.9485 1.56387010122233
6.7935871743487 6.77751374242725 0.159418469270627 -0.0160734319214475 0.15967682448436 0.137246852154639 100.364782532434 0.0160734319214475 0.9487 1.56445797379708
8.84769539078156 8.8339896792072 0.159289683774055 -0.0137057115743655 0.159477530303814 0.0968846269796018 100.445927325057 0.0137057115743655 0.9491 1.56477577681251
-11.9939879759519 -11.9752477073733 0.159775015721941 0.0187402685785738 0.160126213388338 0.250249743671795 100.140813178482 0.0187402685785738 0.9484 1.56356745076895
-14.0981963927856 -14.0836170174838 0.159479162347842 0.0145793753017589 0.159691720532031 0.15686139642149 100.326586648996 0.0145793753017589 0.9491 1.56430453190992
2.58517034068136 2.55964404130179 0.160155451565676 -0.0255262993795728 0.160807043525691 0.368398314484118 99.9029370751005 0.0255262993795728 0.9479 1.56262614703942
-3.67735470941884 -3.76129428036592 0.102756208074977 -0.0839395709470789 0.109802059645757 75.187969924812 155.70835377971 0.0839395709470789 0.9614 1.25492432627104
0.531062124248498 0.494581851164407 0.161458011774791 -0.0364802730840911 0.162788822099081 0.776983912533595 99.0969715539266 0.0364802730840911 0.945 1.5593386094921
-1.57314629258517 -1.63960064966245 0.167440719052576 -0.0664543570772829 0.171856900627131 2.69062994363959 95.5562069401771 0.0664543570772829 0.935 1.54302460261881
-9.88977955911824 -9.86391744444939 0.160440690416645 0.0258621146688487 0.16110953939179 0.460739680848135 99.7253250310125 0.0258621146688487 0.948 1.56189518091135
-5.6813627254509 -5.59078669180989 0.174634111966088 0.0905760336410069 0.182838129836225 5.5667596546823 91.6201297665545 0.0905760336410069 0.9178 1.51589117153003
-7.78557114228457 -7.74474727645024 0.162492219528991 0.0408238658343256 0.16415880755065 1.11321441570161 98.4662530081658 0.0408238658343256 0.945 1.55661127640727
4.73947895791583 4.71992651829281 0.159648090034178 -0.0195524396230189 0.16003038792939 0.209286093097106 100.220428547405 0.0195524396230189 0.9486 1.56388922764341
6.8436873747495 6.82768235377862 0.159414439258601 -0.0160050209708782 0.15967059995488 0.135982249349041 100.367319763581 0.0160050209708782 0.9487 1.56446794039428
8.89779559118237 8.88413816488094 0.159287149143421 -0.0136574263014246 0.1594736744366 0.0961337113339482 100.4475256544 0.0136574263014246 0.9491 1.5647816807262
-11.9438877755511 -11.925021642705 0.159785034925595 0.0188661328461155 0.160140965894163 0.253414132972601 100.134533922094 0.0188661328461155 0.9484 1.56354242364428
-14.0480961923848 -14.0334379615748 0.159484130919829 0.0146582308099763 0.159698994650307 0.158428920224289 100.323461072394 0.0146582308099763 0.9491 1.56429218421223
2.63527054108216 2.60992707570865 0.16013780037388 -0.0253434653735187 0.160780091611019 0.362863487516186 99.9139488780548 0.0253434653735187 0.9478 1.56267024402235
-3.62725450901804 -3.72109775143969 0.108212625906446 -0.0938432424216593 0.117019180054656 75.187969924812 147.857053333431 0.0938432424216593 0.9554 1.26484884771166
0.581162324649299 0.545065171488541 0.161404316410288 -0.0360971531607577 0.162707320876599 0.76012788080196 99.1299387516268 0.0360971531607577 0.9451 1.55947550888947
-9.83967935871743 -9.81358543375885 0.160465734799847 0.0260939249585892 0.161146627719591 0.468668921710474 99.7097605913015 0.0260939249585892 0.9478 1.56183188501524
-1.52304609218437 -1.58821963925883 0.167117683518347 -0.0651735470744639 0.171365274756614 2.58382780411682 95.7409154025491 0.0651735470744639 0.9359 1.54397814302954
-5.6312625250501 -5.53823069105197 0.175259162933029 0.09303183399813 0.183914085070085 5.90763665863632 91.293372239339 0.09303183399813 0.9152 1.5124589540621
-7.73547094188377 -7.69408819584135 0.162585888973372 0.0413827460424212 0.164298420643383 1.14317514896227 98.4095243506678 0.0413827460424212 0.9446 1.55636489214086
4.78957915831663 4.77013088297375 0.159640511738165 -0.0194482753428842 0.160018747151977 0.206908944564709 100.225186112172 0.0194482753428842 0.9486 1.56390802613533
6.8937875751503 6.87785033668417 0.159410464715265 -0.0159372384661287 0.159664460285191 0.134735042087335 100.369822198178 0.0159372384661287 0.9489 1.56447776930561
8.94789579158317 8.93428623085938 0.159284528187698 -0.0136095607237898 0.159469748330793 0.0953914911840599 100.449178473542 0.0136095607237898 0.9491 1.56478751350951
-11.8937875751503 -11.8747939849959 0.159795244953989 0.0189935901543592 0.16015600142094 0.256638907506066 100.128135881684 0.0189935901543592 0.9484 1.56351691542465
-13.997995991984 -13.9832581167785 0.159489174233505 0.014737875205487 0.159706379199077 0.160020054431058 100.320288677241 0.014737875205487 0.9491 1.56427964969084
2.68537074148297 2.66020738006318 0.160120543917715 -0.0251633614197875 0.160753738675657 0.357452416162076 99.9247167697754 0.0251633614197875 0.9478 1.56271334385121
-3.57715430861723 -3.67976489106609 0.114068022805922 -0.102610582448853 0.124596954436415 65.674092252207 140.267180989213 0.102610582448853 0.9479 1.27591566422772
-9.78957915831663 -9.76324943387593 0.160491428483231 0.0263297244407035 0.161184682872354 0.476804522898419 99.6937976763774 0.0263297244407035 0.9477 1.56176691891316
0.631262525050101 0.595540277925569 0.161352343097944 -0.0357222471245316 0.16262842203757 0.743814047780312 99.1618695632309 0.0357222471245316 0.9452 1.55960789916378
-1.47294589178357 -1.53688639639681 0.166811643543711 -0.0639405046132457 0.170900031673908 2.48324451227911 95.9165658949184 0.0639405046132457 0.9366 1.54487122549348
-5.5811623246493 -5.48558485654275 0.175860779494278 0.0955774681065478 0.184995831903936 6.28058284192922 90.9810592561407 0.0955774681065478 0.9136 1.50868415480681
-7.68537074148297 -7.6434141789095 0.162683327424135 0.0419565625734633 0.164443680567116 1.17436033157136 98.3505824065552 0.0419565625734633 0.9445 1.55610808006538
4.83967935871744 4.82033406927992 0.159633061873311 -0.0193452894375152 0.160007302096733 0.204572059262034 100.22986348967 0.0193452894375152 0.9486 1.56392650416202
6.9438877755511 6.92801769975974 0.159406544627574 -0.0158700757913612 0.159658403933198 0.133504912819987 100.372290468884 0.0158700757913612 0.9489 1.56448746305773
8.99799599198397 8.98443387730445 0.159281815024243 -0.0135621146795195 0.159465745978823 0.0946578328030085 100.450889497742 0.0135621146795195 0.9491 1.56479327601594
-11.8436873747495 -11.8245647038428 0.159805650680402 0.0191226709066807 0.160171327223007 0.259925613091681 100.121616049727 0.0191226709066807 0.9484 1.56349091367903
-13.9478957915832 -13.9330774712045 0.159494293794981 0.0148183203786694 0.159713876413826 0.161635275517909 100.31706852514 0.0148183203786694 0.9491 1.5642669245538
2.73547094188377 2.71048501496307 0.160103670527382 -0.0249859269207011 0.160727967071469 0.352161439627345 99.9352478759288 0.0249859269207011 0.9479 1.56275547643515
-3.52705410821643 -3.63728904730464 0.120188068309335 -0.110234939088206 0.132339810105115 56.2424326490363 133.124695529842 0.110234939088206 0.9397 1.28783240146208
-9.73947895791583 -9.71290934119142 0.160517794060511 0.0265696167244105 0.161223738593393 0.485153704014863 99.6774226411833 0.0265696167244105 0.9477 1.56170022313295
0.681362725450903 0.646007430630313 0.1613020193058 -0.0353552948205902 0.162552016177651 0.728019423990027 99.1928065678262 0.0353552948205902 0.945 1.55973597717166
-1.42284569138276 -1.48559846037536 0.166521601382149 -0.0627527689925917 0.170459511398387 2.38840766524326 96.0836303950844 0.0627527689925917 0.9369 1.54570894326095
-5.5310621242485 -5.43285088975778 0.176427617689578 0.0982112344907184 0.186073064269769 6.68971902967625 90.6887493552838 0.0982112344907184 0.911 1.50452338719967
-7.63527054108216 -7.59272462523876 0.16278473714995 0.0425459158434025 0.164594892104904 1.20683751687437 98.2893131145431 0.0425459158434025 0.9443 1.55584023841677
4.88977955911824 4.8705360970789 0.159625737555193 -0.0192434620393422 0.159996048386453 0.202274533206392 100.234462468609 0.0192434620393422 0.9487 1.56394466897601
6.9939879759519 6.97818445146447 0.159402678005503 -0.0158035244874304 0.159652429391728 0.132291551209512 100.374725194063 0.0158035244874304 0.9489 1.5644970241196
9.04809619238477 9.03458109013932 0.159278971844534 -0.0135151022454458 0.159461629833239 0.0939326050244347 100.452682577691 0.0135151022454458 0.9491 1.56479896828702
-11.7935871743487 -11.7743337680646 0.159816257134539 0.0192534062841005 0.16018695078808 0.263275845318141 100.114971323165 0.0192534062841005 0.9483 1.56346440557157
-13.8977955911824 -13.8828960127225 0.159499491148484 0.0148995784598966 0.159721488586767 0.163275072039355 100.3137996541 0.0148995784598966 0.9491 1.56425400491239
2.78557114228457 2.76076003922898 0.160087168960569 -0.0248111030555935 0.160702759795405 0.34698703143544 99.9455490648404 0.0248111030555935 0.9479 1.56279667056768
-3.47695390781563 -3.59362580060295 0.126417815972346 -0.116671892787323 0.140030146538923 48.2963158529012 126.564439331083 0.116671892787323 0.9298 1.3004802908973
-9.68937875751503 -9.66256504848794 0.160544855113978 0.0268137090270901 0.161263830105767 0.49372400300247 99.6606212552927 0.0268137090270901 0.9477 1.56163173552296
0.731462925851703 0.696466878949901 0.16125327625703 -0.0349960469018025 0.162477999555784 0.712722224702702 99.2227902054946 0.0349960469018025 0.9452 1.55985992909002
-5.4809619238477 -5.38003266801163 0.176944881108794 0.100929255836062 0.187131595792416 7.13984410472764 90.4236387045434 0.100929255836062 0.909 1.49992860643857
-1.37274549098196 -1.43435351431459 0.166246599039669 -0.0616080233326257 0.170042147578623 2.29888877048547 96.2425703288049 0.0616080233326257 0.9373 1.54649585716291
-7.58517034068136 -7.54201890232742 0.162890333872854 0.0431514383539389 0.164752380504868 1.24067897555695 98.2255952184923 0.0431514383539389 0.9441 1.55556072101887
4.93987975951904 4.92073698579449 0.159618535979867 -0.0191427737245444 0.159984981765736 0.200015487638126 100.238984788196 0.0191427737245444 0.9487 1.56396252762553
7.04408817635271 7.02835060010436 0.159398863881414 -0.0157375762483456 0.159646535187586 0.131094653934724 100.377126978166 0.0157375762483456 0.9489 1.56450645490396
9.09819639278557 9.08472784160272 0.159275936090042 -0.0134685511828518 0.159457337961007 0.0932156791840413 100.454597177535 0.0134685511828518 0.9491 1.56480458961079
-11.7434869739479 -11.7241011456776 0.159827069508586 0.019385828270277 0.160202879846311 0.266691251478065 100.108198499757 0.019385828270277 0.9484 1.56343737784569
2.83567134268537 2.81103250996909 0.160071028383822 -0.024638832716283 0.160678100461443 0.341925793558957 99.9556269585202 0.024638832716283 0.9479 1.56283695397639
-13.8476953907816 -13.8327137289559 0.159504767877514 0.014981661825626 0.159729218068571 0.164939944997478 100.310481077824 0.014981661825626 0.9491 1.56424088677807
-3.42685370741483 -3.54877694537238 0.132635635448552 -0.121923237957545 0.147500911402604 41.7120016033253 120.631231161148 0.121923237957545 0.9186 1.31378988638707
-9.63927855711423 -9.61221644478211 0.160572636266659 0.027062112332116 0.161304994190535 0.502523293128291 99.6433786727475 0.027062112332116 0.9478 1.56156139110542
-5.43086172344689 -5.32714271853291 0.177380771335213 0.103719004913986 0.188138403315561 7.63657213926091 90.2014343469242 0.103719004913986 0.9066 1.49486212106254
0.781563126252506 0.746918861974952 0.161206048701097 -0.0346442642775537 0.16240627374843 0.69790179502138 99.2518589030531 0.0346442642775537 0.9455 1.55997993110728
-1.32264529058116 -1.38314937869244 0.165985724299151 -0.0605040881112739 0.169646468977328 2.21429844916697 96.3938318645023 0.0605040881112739 0.9378 1.54723606132826
-7.53507014028056 -7.49129634347262 0.163000347815629 0.0437737968079377 0.164916493102612 1.27596209597505 98.1592997463891 0.0437737968079377 0.9439 1.55526883325749
4.98997995991984 4.9709367544191 0.15961145442119 -0.0190432055007408 0.159974098096933 0.197794068180961 100.243432139767 0.0190432055007408 0.9487 1.56398008696139
7.09418837675351 7.07851615383569 0.159395101309456 -0.0156722229178223 0.159640719880641 0.129913924501388 100.379496412107 0.0156722229178223 0.949 1.56451575776897
9.14829659318637 9.13487413125803 0.159272706911601 -0.0134224619283412 0.159452869395819 0.0925069290624094 100.456633846753 0.0134224619283412 0.9491 1.56481014076892
-11.6933867735471 -11.6738668038696 0.159838093163541 0.0195199696774608 0.16021912237975 0.270173532591009 100.101294274259 0.0195199696774608 0.9484 1.56340981680734
2.88577154308617 2.86130248264085 0.160055238354863 -0.0244690604453264 0.16065397327394 0.336974450848004 99.9654879431435 0.0244690604453264 0.9479 1.56287635337004
-13.7975951903808 -13.7825306072761 0.159510125606049 0.0150645831046567 0.159737067270167 0.166630408224428 100.307111784966 0.0150645831046567 0.9491 1.56422756605945
-3.37675350701403 -3.50273886943298 0.138672503399872 -0.125985362418955 0.154544814943707 36.1138323375867 115.379758839883 0.125985362418955 0.9072 1.32755354951057
-9.58917835671343 -9.56186341515843 0.160601163237705 0.0273149415549945 0.161347269269858 0.511559801034558 99.6256794000832 0.0273149415549945 0.9478 1.56148912192028
-5.38076152304609 -5.27418465953999 0.177727743678476 0.106576863506102 0.189086371513275 8.18650265336877 90.0253368936325 0.106576863506102 0.9048 1.48924777939391
0.831663326653308 0.797363609057695 0.161160274700805 -0.0342997175956127 0.162336745327944 0.683538540337544 99.2800491914281 0.0342997175956127 0.9455 1.56009615006265
-1.27254509018036 -1.33198400434499 0.165738113888013 -0.059438914164629 0.169271098405083 2.13428223839845 96.5378428935844 0.059438914164629 0.9383 1.54793323975707
-7.48496993987976 -7.44055624549289 0.163115024838859 0.0444136943868738 0.165087601087949 1.31276982462995 98.0902894494631 0.0444136943868738 0.944 1.55496382761861
5.04008016032064 5.02113542152555 0.159604490228248 -0.0189447387950903 0.159963393356263 0.195609444034702 100.247806168351 0.0189447387950903 0.9487 1.56399735364364
7.14428857715431 7.12868112066839 0.159391389364978 -0.015607456485923 0.159634982062938 0.128749073058565 100.381834073626 0.015607456485923 0.949 1.56452493501958
9.19839679358718 9.18501990960586 0.159269190640732 -0.0133768839813104 0.159448131665781 0.0918062308296044 100.458851681438 0.0133768839813104 0.9491 1.56481561980622
-11.6432865731463 -11.6236307089728 0.159849333635837 0.0196558641734512 0.160235686632242 0.273724445519527 100.094255234436 0.0196558641734512 0.9484 1.56338170830758
-9.53907815631263 -9.51150584059428 0.16063046290123 0.0275723157183485 0.161390695495302 0.520842125932731 99.6075072624193 0.0275723157183485 0.9478 1.56141485685885
2.93587174348697 2.91157001111005 0.160039788805792 -0.0243017323769252 0.160630363002312 0.332129845738152 99.9751381790183 0.0243017323769252 0.9479 1.56291489448325
-13.74749498998 -13.7323466347954 0.159515565999798 0.0151483551845946 0.159745038664596 0.16834698877863 100.303690738372 0.0151483551845946 0.9491 1.56421403855907
-3.32665330661323 -3.45563708974136 0.144448263105246 -0.128983783128132 0.161085079415291 31.5531980995688 110.766302453511 0.128983783128132 0.8922 1.3414404381882
-5.33066132264529 -5.22118836476529 0.177926748906972 0.10947295788 0.189911077413968 8.79743335692167 89.9246465092526 0.10947295788 0.9014 1.48305990777785
0.881763527054108 0.847801340299319 0.161115895434034 -0.0339621867547895 0.162269325563201 0.669613861727669 99.3073958152745 0.0339621867547895 0.9455 1.56020874403801
-1.22244488977956 -1.28085546523404 0.165502954602798 -0.0584105754544799 0.168914749927722 2.05851690866825 96.6750112612762 0.0584105754544799 0.9385 1.54859071510295
-7.43486973947896 -7.38979786627525 0.163234627675241 0.0450718732037121 0.165266101429332 1.35119115144862 98.0184181988173 0.0450718732037121 0.944 1.55464489873547
5.09018036072144 5.07133300527866 0.159597640822879 -0.0188473554427802 0.159952863630066 0.193460807199095 100.252108474189 0.0188473554427802 0.9487 1.56401433414784
7.19438877755511 7.17884550846932 0.159387727143963 -0.0155432690857911 0.159629320357836 0.127599816220915 100.384140527635 0.0155432690857911 0.949 1.56453398890903
9.24849699398798 9.23516512826641 0.159265301291376 -0.0133318657215629 0.159443039934994 0.0911134629910109 100.461304943806 0.0133318657215629 0.949 1.56482102487968
-9.48897795591182 -9.46114359777557 0.16066056334884 0.0278343581362535 0.161435314841697 0.530379260024205 99.5888453674811 0.0278343581362535 0.9478 1.56133852148651
-11.5931863727455 -11.5733928264359 0.159860796644266 0.0197935463096375 0.160252581119778 0.277345805182819 100.087077856895 0.0197935463096375 0.9484 1.56335303772427
2.98597194388778 2.96183514770744 0.160024670027122 -0.0241367961803407 0.160607254956973 0.327388933222487 99.9845836100661 0.0241367961803407 0.9479 1.56295260211896
-13.6973947895792 -13.6821617983606 0.159521090767484 0.0152329912185092 0.159753134788948 0.17009022735536 100.300216874277 0.0152329912185092 0.949 1.56420029997006
-3.27655310621243 -3.40756835504528 0.149881886380892 -0.131015248832854 0.167046881807626 27.7558063058806 106.750724762961 0.131015248832854 0.8734 1.35526202924174
-5.28056112224449 -5.16817350493539 0.177947925435716 0.112387617309103 0.190578901960133 9.47862776820384 89.9139451096329 0.112387617309103 0.897 1.47623240011461
0.93186372745491 0.898232267008615 0.161072855009021 -0.0336314604462956 0.162203930140771 0.656110095892643 99.3339318354042 0.0336314604462956 0.9457 1.56031786290627
-1.17234468937876 -1.22976195119901 0.165279483012034 -0.0574172618202478 0.168576224966969 1.98670722558578 96.8057239072745 0.0574172618202478 0.9392 1.54921149082611
-7.38476953907816 -7.33902042213244 0.163359437269131 0.045749116945716 0.165452418970444 1.39132164514667 97.9435303369733 0.045749116945716 0.9438 1.55431117788125
5.14028056112225 5.12152952344636 0.159590903697291 -0.0187510376758908 0.159942505111213 0.191347371727154 100.256340614178 0.0187510376758908 0.9487 1.56403103477125
7.24448897795591 7.22900932496544 0.159384113762475 -0.0154796529904768 0.159623733419181 0.126465876896305 100.386416326562 0.0154796529904768 0.949 1.56454292164025
-9.43887775551102 -9.41077655890246 0.160691493956132 0.0281011966085583 0.161481171206965 0.540180610238089 99.5696760674083 0.0281011966085583 0.9478 1.56126003785362
9.29859719438878 9.28530963817165 0.159260789214092 -0.0132875562171328 0.159437348364316 0.0904285063347174 100.464151150798 0.0132875562171328 0.949 1.56482634860327
-11.5430861723447 -11.5231531207946 0.159872488097231 0.0199330515501188 0.160269814641331 0.281039486873674 100.079758502721 0.0199330515501188 0.9484 1.56332378994292
3.03607214428858 3.01209794328287 0.160009872652594 -0.0239742010057036 0.160584634966456 0.322748776072572 99.9938299728443 0.0239742010057036 0.948 1.56298950018862
-13.6472945891784 -13.6319760845466 0.159526701662195 0.0153185046317983 0.159761358246349 0.171860678712257 100.296689101494 0.0153185046317983 0.949 1.56418634587272
-3.22645290581162 -3.35863089472083 0.154909660561173 -0.132177988909211 0.172380681313256 24.556929576248 103.286005159644 0.132177988909211 0.8542 1.36889009327715
-5.23046092184369 -5.11519546250043 0.177701665360175 0.115265459343259 0.190987791477788 10.2411542567694 90.0385484152348 0.115265459343259 0.8925 1.46878237259615
0.981963927855713 0.948656592133832 0.16103110029216 -0.0333073357218809 0.16214047890505 0.643010459279118 99.3596887245448 0.0333073357218809 0.9459 1.56042364883993
-1.12224448897796 -1.17870176084399 0.165066984200395 -0.0564572718660343 0.168254407746951 1.91858309584321 96.9303466559709 0.0564572718660343 0.9396 1.54979828770511
-7.33466933867735 -7.28822308495463 0.163489754229624 0.0464462537227224 0.165647008714499 1.43326404465967 97.8654599818395 0.0464462537227224 0.9437 1.55396172683476
5.19038076152305 5.17172499341042 0.159584276411768 -0.0186557681126294 0.159932314095641 0.189268373006939 100.260504103273 0.0186557681126294 0.9488 1.56404746163861
7.29458917835671 7.27917257774688 0.15938054835613 -0.0154166006098375 0.159618219930493 0.125346984119041 100.388662010678 0.0154166006098375 0.949 1.56455173536713
-9.38877755511022 -9.36040459148444 0.16072328545344 0.0283729636257846 0.161528310518351 0.550256021383973 99.5499809181975 0.0283729636257846 0.9478 1.56117932429369
9.34869739478958 9.33545333767881 0.15925551102782 -0.0132440571107697 0.159430916076574 0.0897512438802437 100.467480822092 0.0132440571107697 0.949 1.56483158618589
-11.4929859719439 -11.4729115556419 0.159884414100323 0.0200744163019966 0.160287396290189 0.284807428683813 100.072293412918 0.0200744163019966 0.9484 1.56329394933661
3.08617234468938 3.06235844725728 0.159995387644751 -0.0238138974320981 0.160562489355657 0.318206540294298 100.002882805134 0.0238138974320981 0.9481 1.56302561175055
-3.17635270541082 -3.308959682714 0.159502426422415 -0.132606977303174 0.1770870368519 21.8670456322897 100.311953610202 0.132606977303174 0.8367 1.382056510727
-13.5971943887776 -13.5817894796483 0.159532400482761 0.0154049091292663 0.159769711708042 0.173658912110476 100.293106300554 0.0154049091292663 0.949 1.56417217173092
-5.18036072144289 -5.06228829092052 0.177151867574248 0.118072430522365 0.191092966423707 11.0983187873971 90.317986590201 0.118072430522365 0.8873 1.46066515565452
1.03206412825651 0.999074510669554 0.160990580747382 -0.0329896175869604 0.162078895615916 0.630298996053014 99.3846964569085 0.0329896175869604 0.9459 1.56052623678313
-7.28456913827655 -7.23740497913905 0.163625900405698 0.0471641591375072 0.165850358312847 1.47712891344371 97.7840302808367 0.0471641591375072 0.943 1.55359553103546
-1.07214428857715 -1.12767329466062 0.164864789892899 -0.0555290060834677 0.167948260409516 1.85389704627209 97.0492244608088 0.0555290060834677 0.9399 1.55035357554291
5.24048096192385 5.22191943217695 0.159577756592475 -0.0185615297468997 0.15992228697902 0.187223067070491 100.264600415836 0.0185615297468997 0.9488 1.56406362070786
-9.33867735470942 -9.31002755812411 0.160755970001139 0.0286497965853094 0.161576780845518 0.560615800825992 99.52974063661 0.0286497965853094 0.9477 1.56109629520789
7.34468937875751 7.32933527426999 0.159377030079574 -0.0153541044875256 0.159612778604188 0.124242872887841 100.390878108417 0.0153541044875256 0.9491 1.5645604321959
-11.4428857715431 -11.4226680935962 0.159896580964266 0.0202176779468797 0.16030533546583 0.288651634043731 100.064678703641 0.0202176779468797 0.9484 1.563263499745
9.39879759519038 9.38559621068863 0.159249481158496 -0.0132013845017482 0.159423757711259 0.0890815608286033 100.471284952418 0.0132013845017482 0.949 1.56483673762357
3.13627254509018 3.11261670767237 0.159981206281195 -0.0236558374178073 0.160540804925132 0.313759490805822 100.011747454118 0.0236558374178073 0.9482 1.56306095904619
-3.12625250501002 -3.2585901438 0.163566170621242 -0.132337638789984 0.181079421261751 19.58714988978 97.8197382700239 0.132337638789984 0.8425 1.39480437563983
-13.5470941883768 -13.5316019696743 0.1595381890752 0.0154922187024269 0.159778197915524 0.175485511771939 100.289467322825 0.0154922187024269 0.949 1.56415777288843
-5.13026052104208 -5.00947816000263 0.176286070191311 0.120782361039452 0.190874448929576 12.0662216132656 90.7615671654389 0.120782361039452 0.8823 1.45178797392381
1.08216432865731 1.04948621004023 0.16095124828623 -0.0326781186170804 0.162019107722582 0.617960529625428 99.4089835920137 0.0326781186170804 0.9459 1.56062575489007
-7.23446893787575 -7.1865651782798 0.163768220591959 0.0479037595959531 0.166062990775385 1.5230353643878 97.6990526132983 0.0479037595959531 0.9429 1.55321149193138
-1.02204408817635 -1.07667504845053 0.164672276203159 -0.054630960274177 0.167656818023638 1.79242199238332 97.162681957833 0.054630960274177 0.9402 1.55087960077182
5.29058116232465 5.27211285638643 0.159571341929324 -0.01846830593822 0.159912420253551 0.185210729928741 100.268630986926 0.01846830593822 0.9488 1.56407951777553
-9.28857715430862 -9.2596453162891 0.160789581269846 0.0289318380195205 0.161626632521034 0.571270744793075 99.5089350543672 0.0289318380195205 0.9474 1.56101086083472
7.39478957915832 7.37949742186026 0.159373558105991 -0.0152921572980578 0.159607408180819 0.123153284009184 100.393065136685 0.0152921572980578 0.9491 1.56456901418636
-11.3927855711423 -11.3724226962686 0.159908995213231 0.0203628748736548 0.160323641886351 0.292574174383013 100.056910361201 0.0203628748736548 0.9484 1.56323242445225
9.44889779559118 9.43573810052001 0.159242513442571 -0.0131596950711756 0.159415691016938 0.0884193445137029 100.475681111189 0.0131596950711756 0.949 1.56484179513886
3.18637274549098 3.16287277123836 0.159967320141523 -0.0234999742526227 0.160519568931397 0.309404987324854 100.02042908417 0.0234999742526227 0.9482 1.56309556353472
-3.07615230460922 -3.20756877074516 0.167031447747152 -0.131416466135944 0.184301735318812 17.642868713154 95.7903449667777 0.131416466135944 0.8501 1.40714231055438
-13.496993987976 -13.4814135403389 0.159544069334211 0.0155804476370367 0.159786819682781 0.177341077353582 100.285770989603 0.0155804476370367 0.949 1.56414314456508
-5.08016032064128 -4.95684073167666 0.17502322988178 0.123319588964623 0.190230950904183 13.1644793550909 91.4164366113417 0.123319588964623 0.8766 1.44216693147965
1.13226452905812 1.09989187046192 0.160913057127852 -0.0323726585961945 0.161961046152438 0.605980617456197 99.4325773531685 0.0323726585961945 0.946 1.56072232493264
-7.18436873747495 -7.13570270159924 0.163917084373236 0.0486660358757058 0.166285467421092 1.57111186416702 97.6103257398618 0.0486660358757058 0.9424 1.55280841840837
-0.97194388777555 -1.02570560708458 0.164488861179059 -0.0537617193090316 0.167379183642122 1.73394925908587 97.2710242220157 0.0537617193090316 0.9406 1.55137841055134
-9.23847695390782 -9.20925771807106 0.160824154525888 0.0292192358367522 0.161677918268772 0.582232166450964 99.4875430694367 0.0292192358367522 0.9473 1.56092292700382
5.34068136272545 5.32230528232349 0.159565030173941 -0.018376080401957 0.15990271050488 0.183230656931116 100.272597213553 0.018376080401957 0.9488 1.56409515848196
-11.3426853707415 -11.3221753242289 0.159921663593546 0.020510046512582 0.160342325601494 0.296577191918026 100.04898423684 0.020510046512582 0.9484 1.5632007061639
7.44488977955912 7.42965902771517 0.159370131626607 -0.0152307518439541 0.159602107428339 0.122077963945181 100.395223601163 0.0152307518439541 0.9491 1.56457748335309
9.49899799599199 9.4858787566809 0.159234319822134 -0.0131192393110879 0.159406434262236 0.0877644843549135 100.480851225239 0.0131192393110879 0.9491 1.56484674581182
3.23647294589178 3.21312668337967 0.159953721094884 -0.0233462625121112 0.160498769068168 0.305140480454192 100.028932684278 0.0233462625121112 0.9482 1.56312944592589
-3.02605210420842 -3.1560116034263 0.169922569801829 -0.129959499217884 0.186812041238792 15.9667813522715 94.1605345226353 0.129959499217884 0.8581 1.4189485087845
-13.4468937875751 -13.4312241770543 0.159550043204716 0.0156696105208542 0.159795579898592 0.179226224439184 100.282016091156 0.0156696105208542 0.949 1.56412828185272
-5.03006012024048 -4.90446101120195 0.173289050155236 0.125599109038528 0.189064186346508 14.4171697479328 92.3312810917186 0.125599109038528 0.8692 1.43184809284296
-7.13426853707415 -7.08481651010123 0.164072888115666 0.0494520269729204 0.166518391087396 1.62149712712565 97.5176348984637 0.0494520269729204 0.942 1.55238501717146
1.18236472945892 1.15029166528359 0.160875963668164 -0.0320730641753291 0.161904645113759 0.59434550888448 99.4555037009935 0.0320730641753291 0.9462 1.56081606267964
-0.921843687374748 -0.974763638616979 0.164314002267056 -0.0529199512422305 0.167114523506536 1.6782868215931 97.3745376489311 0.0529199512422305 0.941 1.55185187385962
-9.18837675350701 -9.15886460993119 0.160859726722413 0.0295121435758254 0.161730693340853 0.593511925871745 99.4655425942028 0.0295121435758254 0.9473 1.56083239487251
5.39078156312625 5.37249672592638 0.159558819137695 -0.0182848371998716 0.15989315440912 0.181282162149259 100.276500455876 0.0182848371998716 0.9488 1.56411054831636
-11.2925851703407 -11.2719259369699 0.159934593082823 0.0206592333707913 0.160361397006292 0.300662902573706 100.040896041261 0.0206592333707913 0.9485 1.56316832698268
7.49498997995992 7.47982009890696 0.159366749850231 -0.0151698810529606 0.159596875141392 0.121016664666122 100.397353996592 0.0151698810529606 0.9491 1.56458584166666
9.54909819639279 9.53601798124511 0.159224729876328 -0.0130802151476761 0.159395821904637 0.0871168718109629 100.486903086144 0.0130802151476761 0.9491 1.56485157970578
3.28657314629259 3.26337848827883 0.159940401288125 -0.0231946580137534 0.1604783934485 0.300963507954386 100.037263075117 0.0231946580137534 0.9482 1.56316262621126
-2.97595190380762 -3.10403472034941 0.172281368095836 -0.128082816541796 0.188686575989116 14.5151175058299 92.871331223116 0.128082816541796 0.865 1.43007034421661
-13.3967935871743 -13.3810338649227 0.159556112683471 0.0157597222516692 0.159804481528921 0.181141585049666 100.278201385747 0.0157597222516692 0.949 1.56411317971115
-4.97995991983968 -4.85239928768771 0.171065357353111 0.127560632151971 0.187337072228122 15.8540789750055 93.5315030907922 0.127560632151971 0.8628 1.42081846272335
-7.08416833667335 -7.033905502426 0.164236057110564 0.050262834247345 0.16676240961714 1.67434111024051 97.4207508478408 0.050262834247345 0.9417 1.55193988192789
1.23246492985972 1.2006857613094 0.16083992635752 -0.0317791685503246 0.16184984191127 0.583042105757116 99.4777874023312 0.0317791685503246 0.9463 1.56090707824984
-0.871743486973948 -0.923847888758936 0.164147193778427 -0.052104401784988 0.166862062463799 1.62525773901015 97.4734909059575 0.052104401784988 0.9411 1.552301700001
-9.13827655310621 -9.10846583243114 0.160896336596592 0.0298107206750746 0.16178501566376 0.605122462048669 99.4429105002933 0.0298107206750746 0.9471 1.56073916064365
5.44088176352706 5.42268720279609 0.159552706689805 -0.018194560730965 0.159883748729998 0.179364577783268 100.280342038362 0.018194560730965 0.9488 1.56412569262163
-11.2424849699399 -11.2216744928706 0.159947790899524 0.0208104770692312 0.160380866855373 0.304833599046916 100.032641338891 0.0208104770692312 0.9485 1.56313526838298
7.54509018036072 7.52998064238539 0.159363412002788 -0.0151095379753317 0.159591710140616 0.119969143507589 100.399456807062 0.0151095379753317 0.9491 1.56459409105476
9.59919839679359 9.58615572137736 0.159213788670176 -0.0130426754162265 0.159383900052189 0.0864764003350018 100.493808567958 0.0130426754162265 0.9491 1.56485629495203
3.33667334669339 3.31362822891853 0.159927353134505 -0.0230451177748585 0.160458430587762 0.296871691193495 100.045424915796 0.0230451177748585 0.9482 1.56319512369395
-2.92585170340681 -3.05174971221303 0.17417509534233 -0.125898008806221 0.190025403963701 13.2501045400675 91.8615831302002 0.125898008806221 0.8728 1.44043385868808
-13.3466933867735 -13.330842588728 0.159562279820728 0.0158507980455642 0.15981352761941 0.183087808172381 100.274325598609 0.0158507980455642 0.949 1.5640978329638
-4.92985971943888 -4.80071141102459 0.168353287974418 0.129148308414291 0.185032573540691 17.5123641252851 95.0382388874478 0.129148308414291 0.8553 1.40901483502125
-7.03406813627254 -6.98296851038618 0.16440704787538 0.0510996258863639 0.167018219641106 1.72980612241602 97.3194288612734 0.0510996258863639 0.9413 1.55147148119695
1.28256513026052 1.25107431910309 0.160804905586265 -0.0314908111574315 0.161796576773618 0.572057925644785 99.4994520948658 0.0314908111574315 0.9463 1.56099547644103
-0.821643286573146 -0.87295717570753 0.16398796441323 -0.0513138891343839 0.166621079631325 1.57469875689626 97.5681359132062 0.0513138891343839 0.9413 1.55272945488717
-9.08817635270541 -9.05806121994856 0.160934024773361 0.0301151327568459 0.161840945994323 0.617076827117806 99.4196225598185 0.0301151327568459 0.9471 1.56064311526343
5.49098196392786 5.47287672820524 0.159546690755516 -0.0181052357226141 0.159874490316087 0.177477253589913 100.284123250904 0.0181052357226141 0.9487 1.56414059659902
-11.1923847695391 -11.1714209491579 0.159961264512993 0.0209638203811444 0.160400746277966 0.309091654019511 100.024215541884 0.0209638203811444 0.9485 1.56310151118422
7.59519038076152 7.58014066498032 0.159360117326884 -0.0150497157811982 0.159586611271979 0.118935163031757 100.401532506281 0.0150497157811982 0.9491 1.56460223340336
9.64929859719439 9.63629168378156 0.159201296998843 -0.0130069134128323 0.159370476795372 0.0858429653306985 100.50169377776 0.0130069134128323 0.9491 1.56486087640566
3.38677354709419 3.36387594712201 0.159914569302936 -0.0228975999721786 0.160438869387422 0.292862731764387 100.053422710286 0.0228975999721786 0.9481 1.56322695701697
-2.87575150300601 -2.99919890498757 0.175597465451253 -0.12344740198156 0.19083672650725 12.1414818501414 91.1174882785635 0.12344740198156 0.8781 1.45010773831872
-13.2965931863727 -13.2806503329273 0.159568546721965 0.0159428534454591 0.159822721297948 0.185065560310647 100.270387420891 0.0159428534454591 0.9488 1.56408223629327
-4.87975951903808 -4.74952721094965 0.165084940801103 0.130232308088426 0.182045394871142 19.4387906741696 96.9198033591511 0.130232308088426 0.8488 1.39656688806938
-6.98396793587174 -6.93200429416327 0.164586350612773 0.0519636417084728 0.167286570672379 1.78806806334435 97.2134076758507 0.0519636417084728 0.9412 1.55097814454184
1.33266533066132 1.3014574932757 0.160770863577604 -0.0312078373856275 0.161744792691892 0.561381067453212 99.5205203477483 0.0312078373856275 0.9465 1.56108135703673
-0.771543086172345 -0.822090385319185 0.163835874878074 -0.0505472991468399 0.166390904329114 1.52645905832124 97.658708826178 0.0505472991468399 0.9417 1.55313657539474
5.54108216432866 5.52306531710667 0.159540769314341 -0.0180168472219835 0.159865376098161 0.175619556331753 100.287845349896 0.0180168472219835 0.9487 1.56415526531263
-9.03807615230461 -9.00765060037611 0.160972833876208 0.0304255519284968 0.161898548086361 0.629388722961188 99.3956533827592 0.0304255519284968 0.9472 1.56054414409732
-11.1422845691383 -11.1211652618661 0.159975021653976 0.0211193072721532 0.160421046793632 0.313439523529148 100.015613903824 0.0211193072721532 0.9485 1.56306703552276
7.64529058116232 7.63030017340433 0.159356865081374 -0.0149904077579901 0.159581577406125 0.117914490892851 100.403581557844 0.0149904077579901 0.9491 1.56461027055772
9.69939879759519 9.68642542830003 0.15918696282864 -0.0129733692951639 0.159355271139509 0.0852164641096635 100.510743566504 0.0129733692951639 0.9491 1.56486530095935
3.43687374749499 3.41412168359185 0.159902042707729 -0.0227520639031398 0.160419699119582 0.28893440826058 100.061260813566 0.0227520639031398 0.9481 1.56325814419012
-2.82565130260521 -2.94644640400301 0.17658607375644 -0.120795101397801 0.191177530278145 11.164802640064 90.6073715760187 0.120795101397801 0.8836 1.45908886846266
-13.2464929859719 -13.230457081642 0.159574915549677 0.016035904329927 0.159832065777356 0.187075526053839 100.266385508561 0.016035904329927 0.9488 1.5640663842367
-4.82965931863727 -4.69896026592382 0.1612372065895 0.130699052713453 0.178319448969694 21.6927741011388 99.232679221087 0.130699052713453 0.8412 1.38359703406818
-6.93386773547094 -6.88101153714514 0.164774491824042 0.0528561983258005 0.167568269525499 1.84931780948209 97.1024084060651 0.0528561983258005 0.9409 1.55045804698404
1.38276553106212 1.35183543275752 0.160737764287261 -0.0309300983046044 0.161694435268394 0.551000179253258 99.5410137185044 0.0309300983046044 0.9466 1.5611648150925
-0.721442885771543 -0.771246466613302 0.163690515619751 -0.049803580841759 0.166170912284412 1.4803991456819 97.7454310008262 0.049803580841759 0.9422 1.55352438205644
5.59118236472946 5.57325298414175 0.159534940398367 -0.017929380587705 0.159856403086626 0.173790869246282 100.291509559267 0.017929380587705 0.9487 1.56416970369369
-11.0921843687375 -11.0709073857954 0.159989070325659 0.021276982942025 0.160441780328775 0.317879750507011 100.006831513127 0.021276982942025 0.9484 1.56303182082246
-8.98797595190381 -8.95723379480281 0.16101280864556 0.0307421571009954 0.161957888868783 0.642072540383509 99.370976350217 0.0307421571009954 0.9474 1.56044212658231
7.69539078156313 7.6804591742552 0.159353654540944 -0.01493160730793 0.159576607437742 0.116906899706834 100.405604415486 0.01493160730793 0.9491 1.5646182043235
9.74949899799599 9.73655682965482 0.159170865895648 -0.0129421683411763 0.159338365617019 0.084596795849734 100.52090820747 0.0129421683411763 0.9491 1.56486956302433
3.48697394789579 3.46436547794718 0.159889766498813 -0.0226084699486133 0.16040090941223 0.28508457320217 100.06894343747 0.0226084699486133 0.9481 1.56328870261575
-2.77555110220441 -2.89356835264385 0.177217845989722 -0.118017250439438 0.191145917391007 10.3001606488645 90.2843610960487 0.118017250439438 0.8892 1.46734603967356
-13.1963927855711 -13.1802628186488 0.159581388525243 0.0161299669222945 0.159841564358157 0.189118408669565 100.262318481262 0.0161299669222945 0.9488 1.56405027118096
-4.77955911823647 -4.64909587181413 0.156844018585123 0.130463246422344 0.173864677252181 24.3505563150962 102.012178368896 0.130463246422344 0.8546 1.37017210981482
-6.88376753507014 -6.8299888403867 0.164972037066145 0.0537786946834444 0.167864185068 1.91376276740871 96.986133435358 0.0537786946834444 0.9407 1.54990919131871
1.43286573146293 1.40220828105548 0.16070557330945 -0.0306574504074428 0.161645452574934 0.540904428167721 99.5609528064774 0.0306574504074428 0.9465 1.56124594120321
-0.671342685370741 -0.720424427589278 0.163551504686806 -0.0490817422185372 0.165960522106013 1.43638983788799 97.8285099280457 0.0490817422185372 0.9423 1.55389409030522
5.64128256513026 5.62343974364845 0.159529202090625 -0.0178428214818158 0.159847568369057 0.171990591534389 100.295117071486 0.0178428214818158 0.9487 1.5641839165448
-11.0420841683367 -11.0206472744685 0.160003418815253 0.0214368938681915 0.160462959233969 0.322414968491941 99.9978632861236 0.0214368938681915 0.9484 1.5629958457637
-8.93787575150301 -8.90681061717665 0.161053996065354 0.0310651343263562 0.162019038636069 0.655143401070177 99.345563543219 0.0310651343263562 0.9474 1.56033693585359
7.74549098196393 7.73061767401833 0.15935048499571 -0.0148733079455958 0.159571700284954 0.115912166924666 100.407601523339 0.0148733079455958 0.9491 1.56462603646775
9.79959919839679 9.78668540966613 0.159152832863739 -0.0129137887306658 0.15931959880312 0.0839838615545219 100.532297868041 0.0129137887306658 0.9491 1.56487363754581
3.53707414829659 3.51460736875943 0.159877734052405 -0.0224667795371607 0.160382490235176 0.281311150104081 100.076474656286 0.0224667795371607 0.9481 1.56331864911316
-2.72545090180361 -2.840620737661 0.177554109693857 -0.115169835857391 0.190818200785276 9.53122640703396 90.1133746078171 0.115169835857391 0.8929 1.47489745731629
-13.1462925851703 -13.1300675273703 0.159587967930853 0.0162250578000371 0.159851220431467 0.191194930718375 100.258184921137 0.0162250578000371 0.9488 1.56403389135769
-6.83366733466934 -6.7789347166793 0.165179593831476 0.0547326179900347 0.168175253303519 1.98162861802055 96.8642653058219 0.0547326179900347 0.9405 1.54932938799923
-4.72945891783567 -4.60006454278196 0.151911301356755 0.129394375053716 0.168654205652296 27.5109965485891 105.324619413436 0.129394375053716 0.8758 1.35649043440874
1.48296593186373 1.45257617649666 0.1606742577887 -0.0303897553670709 0.16159779501997 0.531083472166053 99.5803573030431 0.0303897553670709 0.9465 1.56132482175283
-0.62124248496994 -0.669623331338875 0.163418485724282 -0.0483808463689346 0.165759192019656 1.39431136953225 97.9081401292327 0.0483808463689346 0.9423 1.55424682045814
5.69138276553106 5.67362560966911 0.159523552523513 -0.0177571558619496 0.159838869107818 0.170218137867174 100.29866904852 0.0177571558619496 0.9487 1.56419790854387
-10.9919839679359 -10.9703848800847 0.160018075706152 0.0215990878511274 0.160484596302153 0.327047905530989 99.9887039598042 0.0215990878511274 0.9485 1.56295908825087
-8.88777555110221 -8.85638087394704 0.161096445498432 0.0313946771551663 0.162082071252109 0.668617202555446 99.3193856667417 0.0313946771551663 0.9474 1.56022843834333
7.79559118236473 7.7807756790692 0.159347355750824 -0.0148155032955346 0.159566854888724 0.114930074709498 100.409573316169 0.0148155032955346 0.9491 1.56463376871988
9.8496993987976 9.836810842056 0.159132896563097 -0.0128885567415935 0.159299011457978 0.0833775640138228 100.544892637305 0.0128885567415935 0.9491 1.56487750803495
3.5871743486974 3.56484739358671 0.159865938962113 -0.0223269551106822 0.160364431886628 0.27761213067874 100.08385841209 0.0223269551106822 0.9483 1.56334799994197
-2.67535070140281 -2.78765651643408 0.177666017131603 -0.112305815031273 0.190278613221442 8.84451111382531 90.0566144179855 0.112305815031273 0.8976 1.48175879458235
-13.0961923847695 -13.079871190865 0.159594656111519 0.0163211939044938 0.159861037481987 0.193305834692232 100.253983371597 0.0163211939044938 0.9487 1.56401723883807
-6.78356713426854 -6.7278475842199 0.165397814515364 0.0557195500486367 0.168502482772986 2.05316127876817 96.7364656351839 0.0557195500486367 0.9402 1.54871623219938
-4.67935871743487 -4.55197009229296 0.146492113467828 0.127388625141913 0.162719975283375 31.2818936109344 109.220896751645 0.127388625141913 0.8934 1.3427249477551
1.53306613226453 1.50293925245888 0.160643786337146 -0.0301268798056518 0.16155141522397 0.521527433630119 99.5992460388136 0.0301268798056518 0.9465 1.56140153914795
-0.571142284569138 -0.618842292435502 0.163291126102033 -0.0477000078663635 0.165566416852484 1.35405258037885 97.9845040079053 0.0477000078663635 0.9424 1.55458360660043
5.74148296593187 5.72381059595811 0.159517989877281 -0.0176723699737575 0.15983030253777 0.168472937910451 100.302166622768 0.0176723699737575 0.9487 1.56421168424804
-10.9418837675351 -10.9201201534734 0.160033049890714 0.0217636140616815 0.16050670478774 0.331781388277179 99.9793480842008 0.0217636140616815 0.9484 1.56292152537815
-8.8376753507014 -8.80594436368578 0.161140208831476 0.0317309870156262 0.162147064368462 0.682510666449048 99.2924119685929 0.0317309870156262 0.9473 1.56011649334919
7.84569138276553 7.83093319567559 0.159344266126094 -0.014758187089944 0.159562070212276 0.113960409817537 100.411520219615 0.014758187089944 0.9491 1.56464140277268
9.8997995991984 9.88693304563998 0.159111287070463 -0.0128665535584176 0.159276835270934 0.0827778077650905 100.558548011207 0.0128665535584176 0.9491 1.56488117165992
3.6372745490982 3.61508558900679 0.159854375030439 -0.0221889600914067 0.160346724980377 0.2739855721669 100.091098519846 0.0221889600914067 0.9483 1.56337677082434
-2.625250501002 -2.7346852242068 0.177554254565998 -0.109434723204797 0.189530213208909 8.22879946684355 90.1133010814601 0.109434723204797 0.901 1.48803317252029
-6.73346693386774 -6.6767257598788 0.165627399416244 0.0567411739889332 0.168846960241887 2.12862911557642 96.6023741023055 0.0567411739889332 0.9391 1.5480670775885
-13.0460921843687 -13.0296737918179 0.159601455477161 0.0164183925508858 0.159871019091116 0.195451883677805 100.249712336048 0.0164183925508858 0.9487 1.56400030752743
-4.62925851703407 -4.50483277705531 0.140713668921939 0.124425739978759 0.156195433691201 35.8286211647787 113.706082163745 0.124425739978759 0.907 1.32887792862587
1.58316633266533 1.55329763758921 0.160614128956881 -0.0298686950761198 0.161506267902431 0.512226874565172 99.6176370280316 0.0298686950761198 0.9465 1.56147617203632
-0.521042084168336 -0.568080473582104 0.163169115173861 -0.0470383894137684 0.165381725252502 1.31551018498219 98.0577726547796 0.0470383894137684 0.9425 1.55490540450713
5.79158316633266 5.77399471598909 0.159512512378568 -0.017588450343573 0.159821865964057 0.166754435866167 100.305610897956 0.017588450343573 0.9487 1.56422524809736
-10.8917835671343 -10.8698530440438 0.160048350583672 0.0219305230904219 0.160529298426691 0.336618346296063 99.9697900143955 0.0219305230904219 0.9484 1.5628831333935
-8.7875751503006 -8.755500876685 0.161185340630237 0.0320742736156046 0.162214099658205 0.696841390194287 99.2646101527584 0.0320742736156046 0.9472 1.56000095257001
7.89579158316633 7.88109022999992 0.159341215455615 -0.0147013531664149 0.159557345240539 0.113002963482245 100.413442650416 0.0147013531664149 0.9491 1.56464894028316
9.9498997995992 9.93705175923998 0.159088185670199 -0.0128480403592182 0.159253257811271 0.0821844990558915 100.57315024743 0.0128480403592182 0.9491 1.56488461561928
3.687374749499 3.66532199064884 0.159843036260663 -0.0220527588501582 0.160329360433566 0.27042959478905 100.098198672278 0.0220527588501582 0.9483 1.56340497696619
-2.5751503006012 -2.68175691769921 0.177308549898198 -0.106606617098008 0.18867352070728 7.67470903227166 90.2381752554313 0.106606617098008 0.9051 1.49371437879806
-6.68336673346693 -6.62556745207733 0.165869099685555 0.0577992813896078 0.16920985661471 2.20832544133334 96.461607558803 0.0577992813896078 0.9383 1.54737900626816
-12.9959919839679 -12.9794753125292 0.159608368504771 0.0165166714386942 0.159881168940184 0.197633862045627 100.24537027657 0.0165166714386942 0.9487 1.5639830911597
1.63326653306613 1.60365145601101 0.160585256967038 -0.0296150770551249 0.161462309756019 0.503172773340012 99.6355475103431 0.0296150770551249 0.9466 1.56154879551142
-0.470941883767535 -0.517337082499771 0.163052162662618 -0.0463951987322353 0.165204677128021 1.27858811352129 98.12810660541 0.0463951987322353 0.9424 1.55521309872066
5.84168336673347 5.82417798296218 0.159507118298991 -0.0175053837712902 0.159813556759971 0.165062090030318 100.309002950003 0.0175053837712902 0.9487 1.56423860441843
10 9.98716660365148 0.159063767195827 -0.0128333963485208 0.159228463257666 0.0815975458073126 100.588589608229 0.0128333963485208 0.9491 1.56488782075315
3.7374749498998 3.71555663322395 0.159831916849102 -0.0219183166758499 0.160312329455005 0.266942379312042 100.10516244453 0.0219183166758499 0.9483 1.56343263307745
-2.5250501002004 -2.62888258760949 0.176945429019095 -0.103832487409084 0.187726614460652 7.17434521617523 90.42335870837 0.103832487409084 0.9088 1.49886598905447
-12.9458917835671 -12.9292757349048 0.159615397740664 0.0166160486623479 0.159891490813813 0.199852576166357 100.240955612541 0.0166160486623479 0.9487 1.5639655832915
-0.420841683366733 -0.466611369039927 0.162939997165138 -0.0457696856731933 0.16503486129176 1.24319691603352 98.1956565507007 0.0457696856731933 0.9425 1.55550750888641
