1.68336673346693 1.66130314370526 0.159843935214175 -0.0220635897616699 0.160330737207346 0.270711518816377 100.097635725507 0.0220635897616699 0.9483 1.56340274090776
-2.4749498997996 -2.52139589356958 0.163061339220609 -0.0464459937699804 0.16521856955789 1.28148439806805 98.1225842770326 0.0464459937699804 0.9424 1.5551889825044
5.89178356713427 5.8770776848586 0.15934145809118 -0.0147058822756723 0.159557721064686 0.113079114387588 100.41328974688 0.0147058822756723 0.9491 1.56464834079666
-15 -14.9834912310488 0.15960781122028 0.0165087689511783 0.159880350672563 0.197457962725927 100.245720291959 0.0165087689511783 0.9487 1.56398447910982
-0.370741482965931 -0.40037668425611 0.16058753847764 -0.0296352012901787 0.161465783633149 0.50388823740608 99.6341319611661 0.0296352012901787 0.9466 1.56154305786971
3.7875751503006 3.76998001795231 0.159512947486024 -0.0175951323482955 0.159822536168378 0.166890946392776 100.305337291832 0.0175951323482955 0.9487 1.56422417068307
-12.8957915831663 -12.8738745017025 0.16004711428997 0.0219170814638048 0.160527472749861 0.336227510937555 99.9705622371396 0.0219170814638048 0.9484 1.56288623583806
-10.8416833667335 -10.8099795384183 0.16113665814582 0.0317038283151874 0.162141790875659 0.681383337076682 99.2945999011648 0.0317038283151874 0.9473 1.56012557925879
-6.63326653306613 -6.5085661844516 0.141187588007325 0.124700348614529 0.15673776495191 35.4274831208243 113.324409219101 0.124700348614529 0.9062 1.3299854166658
-8.7374749498998 -8.68081682396561 0.165608597063892 0.0566581259341916 0.168818740298267 2.12244013473065 96.6133418413486 0.0566581259341916 0.9391 1.54812040158702
-4.57915831663327 -4.68598981041 0.177333814738982 -0.10683149377673 0.188746782801549 7.71696291004491 90.2253189756869 0.10683149377673 0.905 1.49327898188295
7.94589178356713 7.93304240197789 0.159090086092625 -0.0128493815892474 0.159255192699851 0.0822317286623289 100.571948843403 0.0128493815892474 0.9491 1.56488434877279
-2.4248496993988 -2.47066879255997 0.162948800329309 -0.0458190931611702 0.165048189627421 1.24597387597587 98.1903516175944 0.0458190931611702 0.9425 1.55548442665955
1.73346693386774 1.71153792574947 0.159832798463115 -0.0219290081182602 0.160313679860165 0.26721886794946 100.1046102793 0.0219290081182602 0.9483 1.56343044049149
5.94188376753507 5.92723428083733 0.159338442682465 -0.0146494866977376 0.159553050142972 0.112132728496093 100.415190023448 0.0146494866977376 0.9491 1.56465579092176
3.8376753507014 3.82016335269058 0.159507546795485 -0.0175119980108209 0.159814216869816 0.165196527670403 100.308733482778 0.0175119980108209 0.9487 1.56423754344979
-14.9498997995992 -14.9332917419666 0.159614831064133 0.0166080576325989 0.159890658642461 0.199673707781137 100.241311495491 0.0166080576325989 0.9487 1.56396699480306
-12.8456913827655 -12.8236051541348 0.160062723798105 0.0220862286306964 0.160550525293232 0.341162345879276 99.9608129884234 0.0220862286306964 0.9484 1.56284705933331
-0.320641282565131 -0.350026961303692 0.160559364790457 -0.0293856787385616 0.161422882905383 0.495053248999916 99.6516149704582 0.0293856787385616 0.9468 1.5616138961134
-10.7915831663327 -10.7595366174762 0.16118167839339 0.0320465488565116 0.162208659687003 0.69567841087953 99.2668655611677 0.0320465488565116 0.9472 1.56001033178732
-8.687374749499 -8.62966150345269 0.165849299214889 0.0577132460463119 0.169180117984091 2.20178675262286 96.4731239489231 0.0577132460463119 0.9384 1.54743555795375
-4.52905811623246 -4.63310971203715 0.176977016235365 -0.104051595804683 0.187803750824866 7.21256134985194 90.4072197641827 0.104051595804683 0.9084 1.49847330882831
-6.58316633266533 -6.4624165335793 0.135131361366237 0.120749799086031 0.149711875345554 40.8326582047025 118.403306517695 0.120749799086031 0.9162 1.31625337291003
7.99599198396794 7.98315756294728 0.15906576214396 -0.0128344210206519 0.159230484506895 0.0816442703266063 100.587328060701 0.0128344210206519 0.9491 1.56488757333666
-2.374749498998 -2.41995871393804 0.162840814240407 -0.0452092149400452 0.164884687355902 1.21191731611173 98.2554654656705 0.0452092149400452 0.9425 1.55576728841834
1.78356713426854 1.76177097987533 0.159821875895002 -0.0217961543932035 0.160296948241334 0.263793356763273 100.111451642024 0.0217961543932035 0.9483 1.56345760315634
3.88777555110221 3.87034584627938 0.159502227972521 -0.0174297048228222 0.159806022582732 0.163527778869465 100.312078416588 0.0174297048228222 0.9488 1.56425071257148
5.99198396793587 5.97739040607844 0.159335464988208 -0.0145935618574349 0.159548437035894 0.111198172471632 100.417066603371 0.0145935618574349 0.9491 1.56466314758918
-6.53306613226453 -6.41741845339582 0.128880182566535 0.115647678868709 0.142254568194255 47.2629738129086 124.146317000598 0.115647678868709 0.9273 1.30292003128708
-14.8997995991984 -14.8830911375433 0.159621969522118 0.0167084616550799 0.159901142212997 0.201926950520161 100.23682860136 0.0167084616550799 0.9487 1.56394921290616
-0.270541082164328 -0.299681578713237 0.160531924870851 -0.029140496548909 0.161381093409968 0.486448485181747 99.6686485437219 0.029140496548909 0.947 1.56168285985198
-4.47895791583166 -4.58029819893904 0.176532727089211 -0.101340283107382 0.186802580069496 6.75570243330768 90.6347523420649 0.101340283107382 0.9102 1.50318178343737
-12.7955911823647 -12.7733333224447 0.160078678462873 0.0222578599200034 0.160574090791091 0.346206586124424 99.9508501296811 0.0222578599200034 0.9485 1.56280700560021
-10.7414829659319 -10.7090865191843 0.161228119816121 0.0323964467475442 0.162277649577987 0.710427755433699 99.2382719481432 0.0323964467475442 0.9471 1.5598913449531
-8.6372745490982 -8.57846794901673 0.166102855100135 0.0588066000814624 0.169561071313276 2.28565616538257 96.3258577966914 0.0588066000814624 0.9379 1.54670884367451
8.04609218436874 8.03326869656405 0.159040406726665 -0.0128234878046918 0.159204848566142 0.0810630841861411 100.603364448749 0.0128234878046918 0.9491 1.56489055200301
-2.32464929859719 -2.36926498109677 0.162737142005599 -0.0446156824995794 0.164727701130502 1.17923651056638 98.3180594350705 0.0446156824995794 0.9427 1.5560382782544
3.93787575150301 3.92052751141275 0.15949698937133 -0.0173482400902611 0.15979795080556 0.161884184163256 100.315373118109 0.0173482400902611 0.9488 1.56426368216649
1.83366733466934 1.81200233911249 0.159811162056316 -0.0216649955568542 0.160280534088794 0.260433275846466 100.118163175372 0.0216649955568542 0.9484 1.56348424271335
6.04208416833668 6.027546066449 0.159332524382207 -0.0145381018876725 0.159543880788704 0.110275249990458 100.41891987865 0.0145381018876725 0.9491 1.56467041235668
-6.48296593186373 -6.37359419624913 0.12256494780575 0.109371735614593 0.134527124357099 55.1478353840401 130.543032787465 0.109371735614593 0.9379 1.2900999103547
-14.8496993987976 -14.8328893988949 0.15962922928029 0.0168099999027227 0.159911805377019 0.20421854166613 100.232269942906 0.0168099999027227 0.9487 1.56393112661824
-4.42885771543086 -4.52755287136331 0.175996160098195 -0.0986951559324529 0.185736893902726 6.34063349608348 90.9110743727194 0.0986951559324529 0.9126 1.50747748134926
-0.220440881763526 -0.249340424483458 0.160505193506361 -0.0288995427199321 0.161340377075782 0.478066019895103 99.685247875583 0.0288995427199321 0.9471 1.56175001485426
-12.7454909819639 -12.7230589515929 0.160094988523743 0.0224320303710233 0.160598184510309 0.351363488523681 99.940667397138 0.0224320303710233 0.9485 1.5627660481916
-10.6913827655311 -10.6586290167192 0.16127604260022 0.0327537488118566 0.16234885066145 0.725650809173622 99.2087835368187 0.0327537488118566 0.9471 1.55976845442957
-8.5871743486974 -8.52723413961107 0.166370121000758 0.0599402090863261 0.16996294966607 2.37439783786747 96.1711147636126 0.0599402090863261 0.9378 1.54593671803931
8.09619238476954 8.08337575408651 0.159014393590452 -0.0128166306830302 0.159178659612517 0.0804880812757105 100.61982213515 0.0128166306830302 0.9491 1.56489328388395
-2.27454909819639 -2.31858695225812 0.16263755980524 -0.0440378540617261 0.164576892395602 1.14785843368479 98.3782591128405 0.0440378540617261 0.9429 1.55629805677553
1.88376753507014 1.86223203565508 0.159800651665868 -0.0215354994150663 0.160264429400924 0.257136969831713 100.124748135914 0.0215354994150663 0.9484 1.56351037253157
3.98797595190381 3.97070836053073 0.159491829387245 -0.0172675913730811 0.159789999099073 0.160265240614706 100.318618586737 0.0172675913730811 0.9488 1.56427645624945
-6.43286573146293 -6.33091370742096 0.116357053046375 0.101952024041965 0.126751268252628 64.2688964248357 137.507779555255 0.101952024041965 0.9462 1.27796813498817
6.09218436873747 6.07770126771906 0.159329620251202 -0.0144831010184179 0.159539380466312 0.109363768784142 100.420750233221 0.0144831010184179 0.9491 1.56467758674969
-14.7995991983968 -14.7826865067088 0.159636613101125 0.0169126916879616 0.159922652241257 0.206549356200171 100.227633806441 0.0169126916879616 0.9486 1.56391272894272
-4.37875751503006 -4.4748903764036 0.175410966884526 -0.0961328613735377 0.18465249392039 5.96244072610052 91.2143652371111 0.0961328613735377 0.9142 1.51137563035232
-0.170340681362726 -0.199003390422753 0.160479146555458 -0.0286627090600271 0.161300697446118 0.469898265094741 99.7014275276617 0.0286627090600271 0.9471 1.5618154240206
-12.6953907815631 -12.6727819849051 0.160111664602138 0.0226087966580089 0.160622822288461 0.35663643197902 99.9302582966612 0.0226087966580089 0.9486 1.56272415965374
-10.6412825651303 -10.6081638736561 0.161325510131289 0.0331186914742094 0.162422357856252 0.741368060643303 99.1783629692478 0.0331186914742094 0.9471 1.55964148671836
-8.53707414829659 -8.47595792309685 0.166652010974253 0.0611162251997452 0.170387203956919 2.46839555685833 96.0084424212073 0.0611162251997452 0.9375 1.54511525224611
8.14629258517034 8.13347862702802 0.158988110627544 -0.0128139581423152 0.159152308150817 0.079978672354045 100.636456001937 0.0128139581423152 0.9491 1.56489576483392
1.93386773547094 1.91246010088797 0.159790339608311 -0.0214076345829775 0.16024862642675 0.253902835358929 100.13120967901 0.0214076345829775 0.9485 1.56353600555497
4.03807615230461 4.02088840582572 0.159486746455506 -0.0171877464788919 0.159782165084529 0.158670457791928 100.321815797175 0.0171877464788919 0.9488 1.56428903873443
-2.22444889779559 -2.26792401831351 0.162541857855059 -0.0434751205179191 0.164431943959107 1.11771483588249 98.4361826002225 0.0434751205179191 0.943 1.55654723889987
-6.38276553106212 -6.28941349569569 0.110387252238259 0.0933520353664301 0.119101854745314 74.3205704470091 144.944272781297 0.0933520353664301 0.9537 1.2668098154396
6.14228456913828 6.12785601556358 0.159326751994551 -0.0144285535746951 0.159534935152809 0.108463540539518 100.422558043154 0.0144285535746951 0.949 1.56468467226207
-14.749498997996 -14.7324824412322 0.159644123826139 0.0170165567637692 0.159933687030234 0.208920294195927 100.22291842965 0.0170165567637692 0.9486 1.56389401268058
-4.32865731462926 -4.42232025446076 0.174808071707197 -0.0936629398315008 0.183580818005076 5.61690747988256 91.528954262478 0.0936629398315008 0.9165 1.51490491929542
-0.120240480961924 -0.148670371989144 0.160453760893596 -0.0284298910272205 0.161262019597415 0.461937953603808 99.7172014597423 0.0284298910272205 0.9472 1.56187914753218
-12.6452905811623 -12.6225023640111 0.160128717718627 0.0227882171511791 0.160648020559556 0.362028922971675 99.9196160935649 0.0227882171511791 0.9485 1.5626813114799
-10.5911823647295 -10.5576908434597 0.161376589198646 0.0334915212697613 0.162498271195609 0.757601117257614 99.146970942017 0.0334915212697613 0.947 1.55951025852498
-8.48697394789579 -8.42463700814718 0.166949497828291 0.0623369397486115 0.170835391885513 2.56807154502089 95.837365239973 0.0623369397486115 0.9369 1.54424007662002
8.19639278557114 8.18357722982813 0.158961943359268 -0.0128155557430158 0.15912618182827 0.079978672354045 100.653022112586 0.0128155557430158 0.9491 1.56489799207789
1.98396793587174 1.96268656541197 0.159780220927941 -0.0212813704597716 0.160233117656587 0.250729319127139 100.137550862543 0.0212813704597716 0.9485 1.56356115431856
4.08817635270541 4.07106765924857 0.159481739050076 -0.017108693456839 0.159774446441876 0.157099357396966 100.324965700155 0.017108693456839 0.9487 1.56430143343796
-2.17434869739479 -2.21727560081701 0.162449839398049 -0.0429269034222233 0.16429255843547 1.08874187408176 98.4919410156839 0.0429269034222233 0.9434 1.55678639762641
-6.33266533066132 -6.24903200253817 0.104772144398019 0.0836333281231489 0.111766677970973 75.187969924812 152.712346320007 0.0836333281231489 0.9589 1.25661139909423
6.19238476953908 6.17801031556444 0.159323919023924 -0.0143744539746384 0.159530543950993 0.107574380801367 100.424343676842 0.0143744539746384 0.949 1.56469167035695
-0.0701402805611213 -0.0983412681382023 0.160429014362394 -0.028200987577081 0.161224310062717 0.454178122976415 99.7325830591807 0.028200987577081 0.9472 1.56194124299128
-14.6993987975952 -14.6822771822589 0.159651764378617 0.0171216153362774 0.15994491409034 0.21133228168803 100.218121999928 0.0171216153362774 0.9486 1.56387497042326
-4.27855711422846 -4.3698464998952 0.174206947267503 -0.0912893856667436 0.182540699202915 5.30039957599352 91.8447871968688 0.0912893856667436 0.9182 1.51810134948111
-12.5951903807615 -12.572220028781 0.160146159311024 0.0229703519804971 0.160673796381132 0.367544601384211 99.9087338018892 0.0229703519804971 0.9485 1.56263747406139
-10.5410821643287 -10.507209668943 0.161429350214835 0.0338724953856211 0.162576696158484 0.774372779369813 99.1145660854531 0.0338724953856211 0.9469 1.55937457608405
-8.43687374749499 -8.37326895625338 0.167263612695025 0.0636047912416053 0.171309182163913 2.67389116007207 95.6573862192795 0.0636047912416053 0.9366 1.54330631923972
8.24649298597194 8.23367179010194 0.158936292924278 -0.0128211958700071 0.159100675987815 0.079978672354045 100.669266318064 0.0128211958700071 0.9492 1.56489997999157
2.03406813627254 2.01291145906817 0.159770290822752 -0.0211566772043783 0.160217895813082 0.24761491603136 100.143774650509 0.0211566772043783 0.9485 1.56358583096386
4.13827655310621 4.12124613251455 0.159476805682497 -0.0170304205916603 0.159766840908026 0.155551472907376 100.328069223147 0.0170304205916603 0.9487 1.56431364408189
-6.28256513026052 -6.20971105499195 0.0996520611388565 0.0728540752685749 0.104959777422096 75.187969924812 160.558645924096 0.0728540752685749 0.9627 1.24757478164567
-2.12424849699399 -2.16664115011949 0.16236131977501 -0.0423926531254994 0.164158456814029 1.0608797750472 98.5456389623576 0.0423926531254994 0.9435 1.55701606744462
6.24248496993988 6.22816417321229 0.159321120762999 -0.0143207967275938 0.159526205981912 0.106696108878104 100.426107495196 0.0143207967275938 0.949 1.56469858246745
-0.0200400801603209 -0.0480159811784639 0.160404885721751 -0.027975901018143 0.161187536759528 0.446612100298701 99.7475851686628 0.027975901018143 0.9473 1.56200176555319
-14.6492985971944 -14.6320707091166 0.159659537766449 0.0172278880778283 0.159956337894071 0.213786271575536 100.213242652656 0.0172278880778283 0.9485 1.56385559454529
-4.22845691382765 -4.31746200065457 0.173597985544236 -0.0890050868269148 0.181519891025303 5.00977188801263 92.1669681237336 0.0890050868269148 0.9198 1.52101813335301
-12.5450901803607 -12.5219349172584 0.160164001253448 0.0231552631023266 0.160700167462786 0.373187246634984 99.8976041731195 0.0231552631023266 0.9485 1.5625926166359
-10.4909819639279 -10.4567200816907 0.161483867451561 0.0342618822371836 0.162657744025995 0.791707120118126 99.0811048341991 0.0342618822371836 0.9469 1.55923423442939
-8.38677354709419 -8.32185117412351 0.167595442534083 0.0649223729706758 0.171810357046227 2.78636827593792 95.4679898097238 0.0649223729706758 0.9355 1.54230853435912
8.29659318637275 8.28376212705383 0.158911579913135 -0.0128310593189198 0.159076215996381 0.079978672354045 100.684921820965 0.0128310593189198 0.9492 1.5649017203911
2.08416833667335 2.06313481096128 0.159760544638766 -0.0210335257120691 0.160202953842646 0.244558167379346 100.149883916442 0.0210335257120691 0.9485 1.56361004725362
-6.23246492985972 -6.17135660321818 0.0951632985853991 0.0611083266415422 0.0988975261703285 75.187969924812 168.132044998857 0.0611083266415422 0.9642 1.23995346360181
4.18837675350701 4.17142383710911 0.159471944900787 -0.0169529163979076 0.159759346275181 0.154026349230158 100.331127271033 0.0169529163979076 0.9487 1.56432567429624
-2.07414829659319 -2.11602014363303 0.162276125567566 -0.0418718470398418 0.164029377142094 1.03407252831898 98.5973749622101 0.0418718470398418 0.9438 1.55723674742227
6.29258517034068 6.27831759390842 0.15931835664717 -0.0142675764322595 0.15952192038442 0.10582854774988 100.427849851816 0.0142675764322595 0.949 1.5647054099974
0.0300601202404813 0.00230558336606721 0.160381354604683 -0.0277545368744141 0.161151668921796 0.43923348786663 99.762220112417 0.0277545368744141 0.9474 1.56206076805026
-14.5991983967936 -14.5818630006531 0.159667447085085 0.0173353961404921 0.159967963044433 0.216283244562412 100.208278469397 0.0173353961404921 0.9485 1.56383587719663
-4.17835671342685 -4.26516991974019 0.173001028516231 -0.0868132063133364 0.180537561306633 4.74229186066197 92.484999292931 0.0868132063133364 0.9211 1.52367417302835
-12.4949899799599 -12.4716469655908 0.160182255876407 0.0233430143691358 0.160727152196245 0.378960784143999 99.8862196843154 0.0233430143691358 0.9485 1.56254670723307
-10.4408817635271 -10.4062218014453 0.161540219293475 0.0346599620817862 0.162741532264986 0.809629571572124 99.0465412884718 0.0346599620817862 0.9469 1.55908901660379
-8.33667334669339 -8.2703809068892 0.167946124631565 0.0662924398041813 0.172340812206756 2.90607146101648 95.2686466276035 0.0662924398041813 0.9346 1.54124061868218
8.34669338677355 8.33384846712429 0.158888152904616 -0.0128449196492628 0.159053144865412 0.079978672354045 100.699767147555 0.0128449196492628 0.9492 1.56490322757153
2.13426853707415 2.11335664948223 0.15975097786459 -0.0209118875919154 0.160188284907247 0.241557659185332 100.155881446698 0.0209118875919154 0.9485 1.56363381458593
-6.18236472945892 -6.1338501127266 0.0914109634947492 0.0485146167323132 0.0937646315314324 75.187969924812 175.033709177773 0.0485146167323132 0.9654 1.2338598418602
6.34268537074148 6.32847058296661 0.159315626123261 -0.0142147877748773 0.159517686314746 0.104971523979529 100.429571093177 0.0142147877748773 0.949 1.56471215432209
4.23847695390782 4.22160078429347 0.15946715528837 -0.0168761696143473 0.159751960389222 0.152523542367319 100.334140726764 0.0168761696143473 0.9487 1.56433752762188
-2.02404809619238 -2.06541208421573 0.162194093807912 -0.0413639880233445 0.163905073313107 1.00826760581023 98.6472418591826 0.0413639880233445 0.944 1.55744890400623
0.0801603206412835 0.0526235168867164 0.160358401474733 -0.0275368037545672 0.161116677035751 0.432036149683249 99.7764997209766 0.0275368037545672 0.9475 1.56211830110866
-14.5490981963928 -14.5316540352227 0.159675495520609 0.0174441611700384 0.159979794279535 0.218824210136603 100.203227476034 0.0174441611700384 0.9485 1.56381581029463
-4.12825651302605 -4.21296557076687 0.172413881591962 -0.084709057740822 0.1795895060553 4.49557655292887 92.799952371967 0.084709057740822 0.9231 1.52610365161045
-10.3907815631263 -10.3557145354537 0.161598488511311 0.0350670276725111 0.162828184941096 0.828167017752925 99.0108270652548 0.0350670276725111 0.9468 1.55893869280254
-12.4448897795591 -12.4213561079567 0.160200935987958 0.0235336716024044 0.160754769687048 0.38486929215081 99.8745725256106 0.0235336716024044 0.9485 1.56249971261688
-8.28657314629259 -8.21885523270991 0.168316836806188 0.0677179135826762 0.172902552626179 3.03363109090354 95.058820636129 0.0677179135826762 0.934 1.540095713154
8.39679358717435 8.38393118360958 0.158866237203053 -0.0128624035647693 0.159031678628516 0.079978672354045 100.713658746445 0.0128624035647693 0.9492 1.5649045238769
-6.13226452905812 -6.09701952048711 0.0884412946554924 0.0352450085710077 0.0896835052846628 75.187969924812 180.910965429952 0.0352450085710077 0.9662 1.22913268872684
2.18436873747495 2.16357700232989 0.159741586126213 -0.0207917351450626 0.160173882376555 0.238612020536102 100.161769943603 0.0207917351450626 0.9484 1.56365714400776
6.39278557114228 6.37862314561481 0.159312928649254 -0.0141624255274708 0.159513502946075 0.104124867625835 100.431271558794 0.0141624255274708 0.949 1.56471881678897
0.130260521042084 0.102937907814642 0.160336007585771 -0.0273226132274424 0.161082532779347 0.425014198722131 99.7904353545843 0.0273226132274424 0.9476 1.56217441325833
4.28857715430862 4.2717769851101 0.159462435463049 -0.0168001691985165 0.159744681148147 0.151042619093047 100.337110451995 0.0168001691985165 0.9487 1.56434920751317
-1.97394789579158 -2.01481649866763 0.162115071249889 -0.0408686028760497 0.16378531395093 0.983415705457901 98.6953271934667 0.0408686028760497 0.9441 1.55765297356633
-14.498997995992 -14.4814437906716 0.159683686352937 0.0175542053204207 0.159991836477368 0.22141020758955 100.198087640815 0.0175542053204207 0.9485 1.56379538551575
-4.07815631262525 -4.16084798519271 0.171845633178759 -0.0826916725674609 0.178683545890763 4.26754055571088 93.106817461904 0.0826916725674609 0.9251 1.52832659887169
-10.3406813627255 -10.3051979777703 0.161658762556033 0.0354833849551657 0.162917833163909 0.847347895160297 98.9739111386198 0.0354833849551657 0.9469 1.55878301944437
-12.3947895791583 -12.3710622764894 0.160220054896028 0.0237273026689238 0.160783039787971 0.390917008906904 99.8626545870487 0.0237273026689238 0.9484 1.56245159822496
-8.23647294589178 -8.16727105959923 0.168708781550712 0.0692018862925536 0.17349768261716 3.16974756004925 94.8379797004851 0.0692018862925536 0.9329 1.538866087463
8.44689378757515 8.43401067878684 0.158845988744924 -0.0128831087883121 0.159011963236975 0.079978672354045 100.726496944741 0.0128831087883121 0.9492 1.56490563308485
-6.08216432865731 -6.06066234874952 0.0863324241364372 0.0215019799077965 0.0867947592763924 75.187969924812 185.330137084001 0.0215019799077965 0.9672 1.22585121403101
6.44288577154309 6.42877528699697 0.159310263694014 -0.0141104845461184 0.15950936946814 0.103288412159372 100.432951581394 0.0141104845461184 0.949 1.56472539871827
2.23446893787575 2.21379589653196 0.159732365182017 -0.0206730413437963 0.160159739820419 0.235719922026568 100.167552028468 0.0206730413437963 0.9483 1.56368004622785
0.180360721442886 0.153248841739377 0.160314154944034 -0.0271118797035091 0.161049208965091 0.418161984907954 99.8040379253202 0.0271118797035091 0.9476 1.56222915103658
4.33867735470942 4.32195245038798 0.159457784076006 -0.0167249043214408 0.159737506500567 0.14958315664154 100.340037287697 0.0167249043214408 0.9487 1.56436071734046
-1.92384769539078 -1.96423293632942 0.162038913696445 -0.040385240938638 0.163669881382117 0.959470516599715 98.7417135489659 0.040385240938638 0.9442 1.55784936470907
-14.4488977955912 -14.4312322443224 0.159692022959152 0.0176655512687507 0.160004094660781 0.224042307078093 100.192856872335 0.0176655512687507 0.9485 1.56377459428685
-4.02805611222445 -4.10881471991815 0.171301200591687 -0.0807586076937001 0.177823153308312 4.05635269957381 93.4027312402647 0.0807586076937001 0.9263 1.53036324208537
-10.2905811623246 -10.2546718085129 0.16172113387582 0.0359093538117179 0.163010615566995 0.867202301507099 98.9357396682974 0.0359093538117179 0.9466 1.55862173816258
-12.3446893787575 -12.3207654011969 0.16023962643195 0.0239239775606404 0.160811983134272 0.397108340265611 99.8504574447125 0.0239239775606404 0.9484 1.56240232810437
-8.18637274549098 -8.11562512561775 0.169123161688832 0.0707476198732291 0.174128387406559 3.31520078997392 94.6056107290513 0.0707476198732291 0.9317 1.53754300390556
8.49699398797595 8.48408725701581 0.158827538304151 -0.0129067309601414 0.158994122008228 0.079978672354045 100.738197990328 0.0129067309601414 0.9492 1.56490657329232
-6.03206412825651 -6.02456796662856 0.0851494070415199 0.00749616162795252 0.0852055994806723 75.187969924812 187.905007866916 0.00749616162795252 0.9675 1.22411074956694
6.49298597194389 6.47892701217461 0.159307630737032 -0.0140589597692733 0.159505285086826 0.102461994380619 100.434611487074 0.0140589597692733 0.949 1.56473190140373
0.230460921843688 0.20355640152173 0.160292826272277 -0.0269045203219581 0.161016679486032 0.411474083768141 99.8173179180335 0.0269045203219581 0.9476 1.56228255908573
2.28456913827655 2.26401335846519 0.159723310918007 -0.0205557798113634 0.16014585100166 0.232880074260962 100.173230244479 0.0205557798113634 0.9483 1.56370253162909
4.38877755511022 4.37212719074772 0.159453199810843 -0.0166503643625022 0.159730434444247 0.148144742405492 100.342922054751 0.0166503643625022 0.9487 1.56437206039257
-1.87374749498998 -1.91366096777607 0.16196548537885 -0.0399134727860861 0.163558570688695 0.936388505000167 98.7864788758837 0.0399134727860861 0.9442 1.55803846038505
-14.3987975951904 -14.3810193729596 0.159700508816979 0.0177782222308149 0.160016574002667 0.226721610730785 100.187533017421 0.0177782222308149 0.9485 1.56375342777615
-3.97795591182365 -4.05686249246707 0.170782631667303 -0.0789065806434177 0.177008880136139 3.86039990495711 93.6863417772432 0.0789065806434177 0.9271 1.53223321752913
-10.2404809619238 -10.2041356930701 0.161785700257872 0.0363452688537755 0.163106678825926 0.887762113434398 98.8962558155473 0.0363452688537755 0.9465 1.55845457470843
-12.2945891783567 -12.2704654098784 0.160259664975299 0.0241237684782707 0.160841621180892 0.403447867695448 99.8379723461051 0.0241237684782707 0.9485 1.56235186484373
-8.13627254509018 -8.06391400400496 0.169561144272854 0.0723585410852188 0.174796902740835 3.47086127239764 94.3612410060949 0.0723585410852188 0.9308 1.53611655665367
8.54709418837675 8.53416133527313 0.158810869658176 -0.0129328531036261 0.158978128347576 0.079978672354045 100.748771380941 0.0129328531036261 0.9492 1.56490736875911
-5.98196392785571 -5.98853590457656 0.0848838567654604 -0.00657197672084742 0.0849270476434798 75.187969924812 188.492849049131 0.00657197672084742 0.9676 1.22373444613078
6.54308617234469 6.52907832612857 0.159305029268169 -0.0140078462161188 0.159501249023784 0.101645454340392 100.43625159546 0.0140078462161188 0.949 1.56473832611317
0.280561122244489 0.253860667401372 0.16027200497589 -0.0267004548431168 0.160984919264719 0.404945285713644 99.8302854101495 0.0267004548431168 0.9478 1.56233468024524
2.33466933867735 2.31422941387484 0.15971441934323 -0.0204399248025107 0.160132209869162 0.230091226416974 100.178807059466 0.0204399248025107 0.9484 1.56372461028037
4.43887775551102 4.42230121660657 0.159448681382652 -0.0165765389044568 0.159723463024703 0.146726973644668 100.345765554514 0.0165765389044568 0.9487 1.5643832398791
-1.82364729458918 -1.86310018359832 0.161894658383459 -0.0394528890091468 0.163451188834627 0.914128715669349 98.8296967902603 0.0394528890091468 0.9443 1.55822061981069
-14.3486973947896 -14.3308051528124 0.159709147508393 0.0178922419771581 0.160029279831362 0.229449253800652 100.182113858939 0.0178922419771581 0.9484 1.5637318768838
-3.92785571142285 -4.00498756821754 0.170290130513779 -0.0771318567946926 0.176239453846376 3.67825686504619 93.9572948339797 0.0771318567946926 0.9281 1.53395440175229
-10.190380761523 -10.1535892812531 0.161852565197201 0.0367914802699776 0.163206178217657 0.909061114064855 98.8553995452938 0.0367914802699776 0.9462 1.55828123775787
-12.2444889779559 -12.220162228037 0.160280185480116 0.0243267499188846 0.160871976241732 0.409940356743661 99.825190194735 0.0243267499188846 0.9485 1.56230016950147
-8.08617234468938 -8.01213411538921 0.170023808348422 0.0740382293001716 0.175505467746327 3.63770293586418 94.1044678120131 0.0740382293001716 0.9299 1.534575481817
8.59719438877756 8.58423317713713 0.158796029737076 -0.0129612116404232 0.158964022744264 0.079978672354045 100.758186627788 0.0129612116404232 0.9494 1.56490803506241
-5.93186372745491 -5.95240326840555 0.0855882356565137 -0.0205395409506419 0.0860101083989768 75.187969924812 186.941579964469 0.0205395409506419 0.9676 1.22494761867751
6.59318637274549 6.57922923376052 0.159302458787412 -0.0139571389849706 0.159497260516058 0.100838635262498 100.437872219863 0.0139571389849706 0.949 1.56474467408916
0.330661322645291 0.304161717099393 0.160251675110861 -0.0264996055458975 0.160953904204949 0.398570585908573 99.8429500904205 0.0264996055458975 0.9478 1.56238555563857
2.38476953907816 2.36444408789343 0.159705686585389 -0.0203254511847222 0.160118810551252 0.227352164869572 100.184284868563 0.0203254511847222 0.9485 1.5637462919479
4.48897795591182 4.47247453818323 0.159444227537112 -0.0165034177285905 0.159716590333836 0.145329457204056 100.348568569382 0.0165034177285905 0.9487 1.56439425893275
-1.77354709418838 -1.81255019326544 0.161826312122115 -0.039003099077068 0.16334755385973 0.892652591812499 98.8714368521625 0.039003099077068 0.9442 1.55839618022312
-3.87775551102204 -3.9531862017512 0.169823363118277 -0.0754306907291538 0.175513152222154 3.50866051450033 94.2155408196487 0.0754306907291538 0.9293 1.53554236979314
-14.2985971943888 -14.2805895595391 0.159717942723401 0.0180076348497202 0.160042217636282 0.232226405866754 100.176597113505 0.0180076348497202 0.9484 1.56370993223203
-10.1402805611222 -10.1030322063907 0.161921838294791 0.0372483547315028 0.163309278224995 0.931135131343865 98.81310741341 0.0372483547315028 0.946 1.55810141761167
-12.1943887775551 -12.1698557787874 0.160301203502591 0.0245329987676666 0.160903071531125 0.416590765979443 99.8121015338566 0.0245329987676666 0.9484 1.56224720152991
-8.03607214428858 -7.9602817499467 0.170512070856731 0.0757903943418787 0.176256254731228 3.81681818664602 93.8349990097982 0.0757903943418787 0.9292 1.5329069330726
8.64729458917836 8.63430277385306 0.158783240452606 -0.0129918153253019 0.158952027718053 0.079978672354045 100.766302252005 0.0129918153253019 0.9495 1.56490857265818
0.380761523046093 0.354459625916085 0.160231821353481 -0.0263018971300079 0.160923611146119 0.392345174692764 99.8553212766834 0.0263018971300079 0.9479 1.56243522475527
6.64328657314629 6.62937973989459 0.159299918804628 -0.0139068332517081 0.159493318815719 0.100041383468465 100.439473667422 0.0139068332517081 0.949 1.56475094654958
-5.88176352705411 -5.91601554277192 0.0872728030348629 -0.034252015717815 0.0884460036155964 75.187969924812 183.333174180374 0.034252015717815 0.967 1.22788598849805
2.43486973947896 2.41465740505884 0.159697108886642 -0.0202123344201177 0.160105647349353 0.224661711871825 100.189665996754 0.0202123344201177 0.9484 1.56376758610612
-1.72344689378757 -1.76201062406307 0.16176033284262 -0.0385637302755 0.163247494135381 0.871923808421101 98.9117648241165 0.0385637302755 0.9445 1.55856545848456
4.53907815631263 4.52264716550261 0.159439837049624 -0.016430990810016 0.159709814508623 0.143951809241521 100.351331863317 0.016430990810016 0.9487 1.56440512061152
-3.82765531062124 -3.90145470516493 0.169381630048323 -0.0737993945436846 0.174827980683338 3.35048844307112 94.4612470398078 0.0737993945436846 0.9299 1.53701072242964
-14.248496993988 -14.2303725682089 0.15972689826396 0.0181244257790905 0.160055393073782 0.235054272087083 100.1709804291 0.0181244257790905 0.9484 1.5636875841549
-12.1442885771543 -12.1195459827602 0.160322735230318 0.0247425943940929 0.160934931207668 0.423404256447867 99.7986965293137 0.0247425943940929 0.9484 1.56219291869486
-10.0901803607214 -10.0524640843612 0.161993635687735 0.0377162763602907 0.163416153190221 0.954022188223313 98.7693123379376 0.0377162763602907 0.9458 1.55791478477795
8.69739478957916 8.68437042824273 0.158772413616781 -0.0130243613364254 0.158942047605002 0.079978672354045 100.773173598143 0.0130243613364254 0.9495 1.56490899920501
-7.98597194388778 -7.9083531032964 0.171026583384361 0.0776188405913709 0.17705126779911 4.00943555210885 93.5527079088165 0.0776188405913709 0.9275 1.53109621718687
0.430861723446894 0.404754466824226 0.160212428971671 -0.0261072566226676 0.160894017820033 0.386264428522622 99.8674079326838 0.0261072566226676 0.9478 1.56248372552844
6.69338677354709 6.67952984927884 0.159297408839338 -0.0138569242682491 0.159489423189514 0.0992535483044534 100.441056239258 0.0138569242682491 0.949 1.56475714468825
-5.83166332665331 -5.87922844049479 0.0898704464222887 -0.0475651138414834 0.0921328864770419 75.187969924812 178.034054986422 0.0475651138414834 0.9664 1.23233381880117
2.48496993987976 2.46486938933177 0.159688682599565 -0.0201005505479901 0.160092714731897 0.22201872428969 100.194952701323 0.0201005505479901 0.9484 1.56378850194806
-1.67334669338677 -1.71148112010079 0.161696613176 -0.038134426714018 0.163150847676807 0.851908119169281 98.9507429112609 0.038134426714018 0.9447 1.55872875255078
4.58917835671343 4.57281910840033 0.159435508724467 -0.0163592483131039 0.159703133729837 0.142593654964337 100.354056182371 0.0163592483131039 0.9486 1.56441582790079
-3.77755511022044 -3.8497875039847 0.168956500252568 -0.0722323937642613 0.174174018961483 3.20274057516356 94.6989312401836 0.0722323937642613 0.9307 1.53837586398894
-14.1983967935872 -14.1801541532848 0.159736018048084 0.0182426403023932 0.160068811973286 0.237934094504752 100.165261382587 0.0182426403023932 0.9484 1.56366482268758
8.74749498997996 8.73443650411375 0.158763337962489 -0.0130584858662051 0.158933862015607 0.079978672354045 100.778934263654 0.0130584858662051 0.9495 1.56490933562467
-12.0941883767535 -12.0692327580007 0.160344797513215 0.0249556187527968 0.16096758042055 0.430386201668092 99.7849649514283 0.0249556187527968 0.9483 1.56213727699051
-10.0400801603206 -10.0018845125557 0.162068080514178 0.0381956477649137 0.16352698802236 0.977762665859224 98.723943352931 0.0381956477649137 0.9455 1.5577209884246
-7.93587174348697 -7.85634433100498 0.171567590894577 0.0795274124819931 0.177892200230658 4.21694045144472 93.2577062869147 0.0795274124819931 0.9264 1.52912648373027
0.480961923847696 0.455046310558102 0.160193483797842 -0.0259156132895935 0.160865102810018 0.380323901398491 99.8792186840219 0.0259156132895935 0.9478 1.56253109440796
6.7434869739479 6.72967955785154 0.159294903253383 -0.0138074160963573 0.159485547992641 0.098474982070023 100.442636099597 0.0138074160963573 0.949 1.56476326919158
2.53507014028056 2.51508006411261 0.159680404183286 -0.0199900761679501 0.160080007328486 0.219422092388982 100.200147174194 0.0199900761679501 0.9484 1.56380904839539
-5.78156312625251 -5.84182419443254 0.0933039981373335 -0.0602610681800382 0.0969353944755327 75.187969924812 171.482469341236 0.0602610681800382 0.9654 1.23823436404554
4.63927855711423 4.62299037652719 0.159431241393987 -0.0162881805870363 0.159696546220823 0.141254628374462 100.356742255181 0.0162881805870363 0.9487 1.56442638371547
-3.72745490981964 -3.79818291507553 0.168553444253605 -0.0707280052558952 0.173555894981083 3.0645235645923 94.9253815064524 0.0707280052558952 0.9315 1.53964317769842
-1.62324649298597 -1.66096134138411 0.161635051717566 -0.0377148483981411 0.16305746150726 0.832573215414072 98.988429984591 0.0377148483981411 0.9449 1.55888634281693
-14.1482965931864 -14.1299342886046 0.159745306114109 0.0183623045818226 0.160082480343664 0.240867153410782 100.159437477123 0.0183623045818226 0.9484 1.56364163755517
8.79759519038076 8.78450144647123 0.158755634931663 -0.0130937439095291 0.158927081061232 0.079978672354045 100.783824189215 0.0130937439095291 0.9495 1.56490960709044
-12.0440881763527 -12.0189160198634 0.160367407896215 0.0251721564893437 0.161001045358539 0.437542198212384 99.7708961558744 0.0251721564893437 0.9483 1.56208023054926
-9.98997995991984 -9.9512930687703 0.16214530341619 0.0386868911495348 0.163641978963006 1.00239948112702 98.6769253435092 0.0386868911495348 0.9455 1.55751965468778
-7.88577154308617 -7.80425162776007 0.172134742415871 0.0815199153261066 0.178780239010647 4.44089974017319 92.9504397278765 0.0815199153261066 0.9246 1.52697836411876
0.531062124248498 0.505335225698473 0.160174972203193 -0.0257268985500252 0.160836845512196 0.374519316749115 99.8907618332712 0.0257268985500252 0.9479 1.56257736642975
6.7935871743487 6.77982886977011 0.159292400990926 -0.0137583045785847 0.159481691935803 0.0977055399490325 100.444213913955 0.0137583045785847 0.949 1.56476932118826
2.58517034068136 2.5652894522577 0.159672270199775 -0.0198808884236636 0.160067519924289 0.216870738671261 100.205251544188 0.0198808884236636 0.9484 1.56382923410793
-5.7314629258517 -5.80359674045504 0.0974853623582329 -0.0721338146033412 0.102688649567462 75.187969924812 164.127204463827 0.0721338146033412 0.964 1.24553116559112
-3.67735470941884 -3.74663771097431 0.168171566726187 -0.0692830015554682 0.172971701030722 2.93503745574108 95.1409344128361 0.0692830015554682 0.933 1.54082191687212
4.68937875751503 4.67316097935354 0.15942703391781 -0.0162177781614927 0.159690050246305 0.139934372021976 100.359390793462 0.0162177781614927 0.9487 1.56443679090189
-1.57314629258517 -1.6104509629463 0.16157555263901 -0.0373046703611262 0.162967191069763 0.813888596219591 99.0248817885647 0.0373046703611262 0.9449 1.55903849335222
-14.0981963927856 -14.0797129473617 0.159754766625154 0.0184834454238541 0.160096404379891 0.243854768765871 100.153506139458 0.0184834454238541 0.9485 1.56361801816105
8.84769539078156 8.83456530725875 0.158749349558359 -0.0131300835228139 0.158921748651675 0.079978672354045 100.78781452971 0.0131300835228139 0.9495 1.56490981695104
-9.93987975951904 -9.90068931001721 0.162225443083965 0.0391904495018256 0.16376133441612 1.0279782799063 98.6281787605823 0.0391904495018256 0.9454 1.55731038482084
-11.9939879759519 -11.9685956809007 0.160390584653849 0.0253922950512457 0.161035353301819 0.444878076904189 99.7564790634735 0.0253922950512457 0.9482 1.56202173154609
-7.83567134268537 -7.75207171902538 0.172725678462524 0.083599623659989 0.179714575538616 4.6830908281626 92.632433940455 0.083599623659989 0.923 1.52463057315692
0.581162324649299 0.555621278753715 0.160156881073358 -0.0255410458955831 0.160809226098798 0.368846559745393 99.9020453743191 0.0255410458955831 0.9479 1.56262257528118
6.8436873747495 6.82997778304797 0.159289885128207 -0.0137095917015282 0.159477838032829 0.0969450799422304 100.445800354004 0.0137095917015282 0.9491 1.5647753014473
2.63527054108216 2.61549757609502 0.159664277310283 -0.0197729649871454 0.160055247454666 0.214363616756991 100.210267879185 0.0197729649871454 0.9484 1.56384906749286
-5.6813627254509 -5.76446702274218 0.102341812789475 -0.0831042972912828 0.109248137017753 75.187969924812 156.338837117466 0.0831042972912828 0.9615 1.25417689870571
-3.62725450901804 -3.69514880669766 0.167809872232116 -0.0678942976796204 0.172419507889525 2.81356424381489 95.3459995361219 0.0678942976796204 0.934 1.54192028156705
4.73947895791583 4.72333092617338 0.159422885182079 -0.0161480317424481 0.159683644111234 0.138632536766835 100.362002492466 0.0161480317424481 0.9487 1.56444705223981
-1.52304609218437 -1.55994967403557 0.161518025329045 -0.0369035818511994 0.162879899682494 0.795825448431593 99.0601511342447 0.0369035818511994 0.945 1.55918545303387
-14.0480961923848 -14.0294901020856 0.159764403873774 0.0186060902991745 0.160110590469995 0.246898301684183 100.147464717117 0.0186060902991745 0.9484 1.56359395357469
8.89779559118237 8.88462825962998 0.158744345581992 -0.0131673315523866 0.158917724202202 0.079978672354045 100.790991586758 0.0131673315523866 0.9495 1.56490997518939
-9.88977955911824 -9.85007277125203 0.162308646845073 0.0397067878662032 0.163885275847725 1.05454764775494 98.5776193136049 0.0397067878662032 0.945 1.55709275316604
-11.9438877755511 -11.9182716507466 0.16041434682685 0.0256161248044773 0.161070532676848 0.452399914677457 99.7417021388387 0.0256161248044773 0.9481 1.56196173009717
-7.78557114228457 -7.69980299704512 0.173332837564121 0.0857681452394532 0.180689012301937 4.94553636551743 92.3079563275545 0.0857681452394532 0.921 1.52206308966256
0.631262525050101 0.605904534237345 0.160139197785324 -0.0253579908127557 0.160782225483384 0.363301670017712 99.9130770059739 0.0253579908127557 0.9478 1.56266675336312
6.8937875751503 6.88012630071562 0.159287353113044 -0.0136612744346865 0.159473983532224 0.0961934628018497 100.447397029977 0.0136612744346865 0.9491 1.56478121099976
2.68537074148297 2.66570445743937 0.159656422271923 -0.0196662840435984 0.160043185000006 0.211899710313389 100.215198188202 0.0196662840435984 0.9484 1.56386855671353
-5.6312625250501 -5.72435267777749 0.107759584165855 -0.0930901527273864 0.116425360700663 75.187969924812 148.478672443409 0.0930901527273864 0.9561 1.26401575212141
-3.57715430861723 -3.64371327118001 0.167467326732023 -0.0665589625627772 0.171897422229456 2.69945803229945 95.5410247015097 0.0665589625627772 0.9348 1.54294554136677
4.78957915831663 4.77350022610854 0.159418794098722 -0.0160789322080968 0.159677326159674 0.137348781547942 100.364578031445 0.0160789322080968 0.9487 1.56445717044423
-1.47294589178357 -1.5094571773538 0.161462384060265 -0.0365112855702292 0.162795458034256 0.778356535924601 99.0942880790616 0.0365112855702292 0.945 1.55932745658974
-13.997995991984 -13.9792657246206 0.159774222286811 0.0187302673633667 0.160125045202314 0.249999155982167 100.141310475468 0.0187302673633667 0.9484 1.56356943251891
8.94789579158317 8.93469051677418 0.158740388544507 -0.0132052748089926 0.158914767827288 0.079978672354045 100.793504077344 0.0132052748089926 0.9495 1.56491009395385
-9.83967935871743 -9.79944296400805 0.162395071302806 0.04023639470938 0.164014038762015 1.08215933978143 98.5251576395813 0.04023639470938 0.9451 1.55686630492942
-11.8937875751503 -11.8679438359945 0.160438714260896 0.0258437391558477 0.161106613114452 0.460114047141886 99.7265533677969 0.0258437391558477 0.948 1.56190017415227
-7.73547094188377 -7.64744191763075 0.173954754157389 0.0880290242530162 0.181703863268327 5.23054573895093 91.9779403414504 0.0880290242530162 0.9196 1.51924653472339
0.681362725450903 0.656185054742071 0.160121910185553 -0.0251776707088316 0.160755825287875 0.357880834752919 99.923864144881 0.0251776707088316 0.9478 1.56270993184852
6.9438877755511 6.93027440088695 0.159284740887822 -0.0136133746641525 0.159470064857568 0.0954505519677937 100.449044339208 0.0136133746641525 0.9491 1.56478704947678
2.73547094188377 2.715910117607 0.159648701934387 -0.0195608242767658 0.160031327780774 0.209478032025373 100.220044423385 0.0195608242767658 0.9485 1.56388770969789
-3.52705410821643 -3.59232832863036 0.167142887468345 -0.065274220413932 0.171403611318991 2.59213653851104 95.726478358406 0.065274220413932 0.9359 1.54390415610074
-5.5811623246493 -5.68311441422537 0.113587962204913 -0.101952089576076 0.123982190773842 66.3741283376935 140.859996864244 0.101952089576076 0.9483 1.27499244810749
4.83967935871744 4.82366888811256 0.159414759604733 -0.0160104706048791 0.159671094773723 0.136082773160055 100.367118074084 0.0160104706048791 0.9487 1.56446714816722
-1.42284569138276 -1.45897318834292 0.161408547680136 -0.0361274969601546 0.162713743716742 0.761456097229463 99.1273400942015 0.0361274969601546 0.945 1.55946472555803
-13.9478957915832 -13.9290397861048 0.159784226430461 0.0188560054783444 0.16013977537306 0.253158779796102 100.135040594656 0.0188560054783444 0.9484 1.56354444335658
8.99799599198397 8.98475226286427 0.158737253521664 -0.0132437291197007 0.15891264988266 0.079978672354045 100.795494724976 0.0132437291197007 0.9495 1.56491018366715
-9.78957915831663 -9.74879937493087 0.162484883028059 0.0407797833857622 0.164147873761049 1.11086853173886 98.4706989464184 0.0407797833857622 0.945 1.55663055373649
-11.8436873747495 -11.817612140068 0.160463707647668 0.0260752346815352 0.161143625511365 0.468027081902925 99.711020233506 0.0260752346815352 0.9478 1.56183700938049
-7.68537074148297 -7.59498722774291 0.174583514623214 0.0903835137400595 0.182752694179213 5.54076493982779 91.6466828757069 0.0903835137400595 0.9181 1.51615198448238
0.731462925851703 0.706462901010605 0.160105006569213 -0.0250000248410982 0.160730007811269 0.35258038214829 99.9344139377878 0.0250000248410982 0.9479 1.56275214073799
6.9939879759519 6.98042208180815 0.1592820374292 -0.0135658941437562 0.159466070913119 0.0947162135057056 100.450749238513 0.0135658941437562 0.9491 1.56479281762536
2.78557114228457 2.76611457742978 0.1596411132368 -0.0194565648547869 0.160019671152749 0.207097622607058 100.224808481928 0.0194565648547869 0.9486 1.56390653414661
-3.47695390781563 -3.54099135686532 0.166835525036237 -0.0640374490496867 0.170936319917028 2.49107374086766 95.9028360208343 0.0640374490496867 0.9366 1.54480188021946
-5.5310621242485 -5.64072966706099 0.11969244645009 -0.109667542812495 0.131719416396621 56.9789397273089 133.675937576159 0.109667542812495 0.9406 1.28685362669241
4.88977955911824 4.87383692097461 0.159410780661491 -0.0159426381436285 0.15966494837247 0.134834186037565 100.369623268931 0.0159426381436285 0.9489 1.56447698799966
-1.37274549098196 -1.40849743451574 0.161356439324192 -0.0357519435337819 0.162634640790635 0.745099750824622 99.1593522205417 0.0357519435337819 0.9452 1.55959746917138
-13.8977955911824 -13.8788122569477 0.15979442101557 0.0189833342346226 0.160154787994234 0.256378667271157 100.128652166404 0.0189833342346226 0.9484 1.56351897407675
9.04809619238477 9.03481365202101 0.15873472662151 -0.0132825403637629 0.158911152500025 0.079978672354045 100.797099289752 0.0132825403637629 0.9495 1.56491025305333
-9.73947895791583 -9.69814146420493 0.162578259309563 0.0413374937108983 0.164287047695862 1.14073409460643 98.4141426285948 0.0413374937108983 0.9446 1.5563849789434
-11.7935871743487 -11.7672764630865 0.160489348568339 0.0263107112621892 0.161181602095461 0.476145912688111 99.6950896911826 0.0263107112621892 0.9477 1.56177217904893
-7.63527054108216 -7.54243843695157 0.175210018507613 0.0928321041305953 0.183827818064927 5.87923677625484 91.3189789960828 0.0928321041305953 0.9157 1.51274548970194
0.781563126252506 0.756738132003365 0.160088475660492 -0.0248249942491409 0.160704755999962 0.347396775201872 99.9447332731937 0.0248249942491409 0.9479 1.56279340891245
7.04408817635271 7.03056932940257 0.159279204873679 -0.0135188469501317 0.15946196409654 0.0939903160465505 100.452535613103 0.0135188469501317 0.9491 1.56479851548945
2.83567134268537 2.81631785726884 0.159633653204686 -0.0193534854165285 0.160008210602454 0.204757549852658 100.229492207915 0.0193534854165285 0.9486 1.56392503754088
-3.42685370741483 -3.48969988342395 0.166544238877587 -0.0628461760091188 0.170493880716556 2.39579349628511 96.0705702450643 0.0628461760091188 0.9369 1.54564385271467
-5.4809619238477 -5.59716502265728 0.125918236544507 -0.116203098809581 0.139421396717456 48.9097742216014 127.066582562445 0.116203098809581 0.9305 1.29943272726047
4.93987975951904 4.92400433332323 0.159406856254083 -0.0158754261958123 0.159658885410981 0.13360270204538 100.372094249806 0.0158754261958123 0.9489 1.56448669247291
-1.32264529058116 -1.35802965482798 0.161305986149668 -0.0353843642468168 0.162558039382819 0.729264407443111 99.1903672139878 0.0353843642468168 0.945 1.55972588517232
-13.8476953907816 -13.8285831068071 0.159804810903159 0.0191122839744136 0.160170090301877 0.259660360326372 100.122142190675 0.0191122839744136 0.9484 1.56349301228011
-9.68937875751503 -9.64746866386308 0.162675388967703 0.0419100936519481 0.164431844917618 1.17181889520008 98.3553818529769 0.0419100936519481 0.9445 1.55612902267522
9.09819639278557 9.08487467843583 0.158732858324881 -0.0133217143497415 0.158910326398097 0.079978672354045 100.798285678524 0.0133217143497415 0.9495 1.56491030191943
-11.7434869739479 -11.7169367017229 0.1605156595397 0.0265502722249522 0.161220576494919 0.484477734336636 99.6787481413476 0.0265502722249522 0.9477 1.56170562389374
-7.58517034068136 -7.48979999563852 0.175813271492876 0.0953703450428449 0.184908774206467 6.2494739356369 91.0056440230015 0.0953703450428449 0.9138 1.50900022940604
0.831663326653308 0.807010804963221 0.160072306593888 -0.0246525216900867 0.160680053419568 0.342326605819189 99.9548287924211 0.0246525216900867 0.9479 1.56283376418297
7.09418837675351 7.08071611782527 0.159276184728284 -0.0134722589282417 0.159457686488913 0.093272730727989 100.454440362789 0.0134722589282417 0.9491 1.56480414246086
2.88577154308617 2.8665199770278 0.159626318947063 -0.0192515660583763 0.159996941742763 0.202456907724326 100.23409739409 0.0192515660583763 0.9487 1.56394322714985
-3.37675350701403 -3.43845158014892 0.166268067552158 -0.0616980731348882 0.170074719780716 2.30586398450233 96.2301434999289 0.0616980731348882 0.9372 1.54643467446114
-5.43086172344689 -5.55240761611928 0.132142788442259 -0.121545892672386 0.146916192467787 42.1785138981031 121.081144030734 0.121545892672386 0.9198 1.31271146982564
4.98997995991984 4.97417113362996 0.159402985390664 -0.0158088262898808 0.159652904379327 0.132388010276301 100.374531636201 0.0158088262898808 0.9489 1.56449626406047
-1.27254509018036 -1.30756959908861 0.16125711908797 -0.0350245089082506 0.162483835312234 0.713928188807905 99.2204256809995 0.0350245089082506 0.9452 1.55985016056597
-13.7975951903808 -13.7783523045651 0.159815401110198 0.0192428858156237 0.160185689764711 0.263005450498788 100.115507572186 0.0192428858156237 0.9483 1.56346654516376
-9.63927855711423 -9.5967803759694 0.162776473237606 0.0424981811448255 0.164582568638224 1.20419012566705 98.2943031124939 0.0424981811448255 0.9443 1.55586208655885
-11.6933867735471 -11.6665927490542 0.160542664063075 0.0267940244928511 0.161260583811598 0.493030058712577 99.661981401491 0.0267940244928511 0.9477 1.56163728198291
9.14829659318637 9.13493550627564 0.158731367253637 -0.0133610869107379 0.158909885897073 0.079978672354045 100.799232545094 0.0133610869107379 0.9495 1.56491033947933
0.881763527054108 0.857280975477465 0.160056488896461 -0.024482551576643 0.160655884228163 0.337366589218469 99.9647069001388 0.024482551576643 0.9479 1.56287323333816
-7.53507014028056 -7.43707266183099 0.176384154613554 0.0979974784495701 0.185987660396028 6.65554810218387 90.711096101886 0.0979974784495701 0.911 1.5048712280756
7.14428857715431 7.13086244472355 0.159272971587493 -0.0134261324307579 0.159453232619541 0.0925633311371215 100.4564669104 0.0134261324307579 0.9491 1.56480969922049
-3.32665330661323 -3.38724425678219 0.166006095031987 -0.0605909501689657 0.169677358274365 2.22089285942696 96.3820033048609 0.0605909501689657 0.9378 1.54717847473005
2.93587174348697 2.91672095616551 0.159619107653649 -0.0191507873214669 0.159985860308681 0.200194815475932 100.23862578356 0.0191507873214669 0.9487 1.56396111003784
-5.38076152304609 -5.50646142847104 0.138197088679995 -0.125699905424945 0.153997554903835 36.5261968168661 115.776679182071 0.125699905424945 0.9085 1.3264451529893
5.04008016032064 5.02433733021292 0.159399167101828 -0.0157428301077225 0.159647003801629 0.131189806854898 100.376936033667 0.0157428301077225 0.9489 1.56450570517955
-1.22244488977956 -1.257117027406 0.161209772614496 -0.0346721376264372 0.162411929742082 0.699070352263043 99.2495662050287 0.0346721376264372 0.9455 1.55997047231566
-13.74749498998 -13.7281198183032 0.159826196815645 0.0193751716767547 0.160201594093149 0.266415580871488 100.108745116769 0.0193751716767547 0.9484 1.56343955950539
0.93186372745491 0.907548697537116 0.160041012470958 -0.0243150299177942 0.160632233150861 0.332513558616917 99.9743737743691 0.0243150299177942 0.9479 1.56291184218899
-9.58917835671343 -9.54607597066484 0.162881726727634 0.0431023860485826 0.164739542410715 1.23791966507579 98.2307857452585 0.0431023860485826 0.9441 1.55558352811384
-11.6432865731463 -11.6162444944043 0.16057038667624 0.0270420787419798 0.161301660698927 0.501810731607328 99.6447746760491 0.0270420787419798 0.9478 1.56156708857037
9.19839679358718 9.1849961502656 0.158730245551921 -0.0134006433215763 0.158909822793353 0.079978672354045 100.799944864738 0.0134006433215763 0.9495 1.56491036663851
-7.48496993987976 -7.38426091030698 0.176906149537337 0.100709029572783 0.187048458174829 7.10219925248289 90.4434359226336 0.100709029572783 0.9091 1.50031294657191
-3.27655310621243 -3.33607585399587 0.165757454064897 -0.0595227477834435 0.169300411568588 2.14052300675561 96.5265790927009 0.0595227477834435 0.9383 1.54787896844123
7.19438877755511 7.18100826907057 0.159269488041314 -0.0133805084845386 0.159448526048619 0.0918619932548026 100.458664096727 0.0133805084845386 0.9491 1.56481518427939
2.98597194388778 2.96692081370843 0.159612016592175 -0.0190511301793483 0.159974962153285 0.197970416810641 100.243079071431 0.0190511301793483 0.9487 1.56397869307122
-5.33066132264529 -5.4594415558757 0.143997901900869 -0.12878023323041 0.160582250371748 31.892594400464 111.112730038349 0.12878023323041 0.8933 1.34033358193252
5.09018036072144 5.07450293124025 0.159395400440004 -0.0156774294811974 0.159641182235142 0.130007794747627 100.379308034189 0.0156774294811974 0.949 1.56451501819258
-1.17234468937876 -1.20667170966716 0.161163884534466 -0.0343270202884032 0.162342228856346 0.684671220817172 99.2778254645402 0.0343270202884032 0.9455 1.56008698798616
-13.6973947895792 -13.6778856152764 0.159837203366754 0.019509174302792 0.160217811248731 0.269892448089273 100.101851527565 0.019509174302792 0.9484 1.56341204164658
0.981963927855713 0.957814023593691 0.160025867579787 -0.024149904262022 0.160609085455652 0.327764460182081 99.9838353760063 0.024149904262022 0.9479 1.56294961561139
-9.53907815631263 -9.49535478406421 0.162991378459902 0.0437233722484116 0.164903111740675 1.27308447671909 98.1647014166228 0.0437233722484116 0.9439 1.55529265675912
-11.5931863727455 -11.5658918231785 0.160598853008538 0.0272945495669568 0.161343845444601 0.510827950702478 99.6271125245794 0.0272945495669568 0.9478 1.56149497594063
9.24849699398798 9.23505668471245 0.158729355508334 -0.0134403092755306 0.158909997421756 0.079978672354045 100.800510080569 0.0134403092755306 0.9495 1.56491038756405
-7.43486973947896 -7.33137637574059 0.177349291265593 0.103493363738365 0.188060167603474 7.5949704696103 90.2174453916419 0.103493363738365 0.907 1.49528621334099
-3.22645290581162 -3.28494443616931 0.165521327437318 -0.0584915303576881 0.168942586560902 2.06442882295241 96.6642803541985 0.0584915303576881 0.9385 1.54853950552369
7.24448897795591 7.2311535335916 0.159265629847634 -0.0133354443643121 0.159443463924027 0.0911685954015837 100.461097697644 0.0133354443643121 0.949 1.56482059529762
3.03607214428858 3.01711956826253 0.159605043105799 -0.0189525760260447 0.159964243243822 0.195782879071167 100.247458906382 0.0189525760260447 0.9487 1.56399598292505
-5.28056112224449 -5.41144583597007 0.149460211349943 -0.130884713725578 0.16659101963697 28.0375907136628 107.051902680225 0.130884713725578 0.8749 1.35416395088441
5.14028056112225 5.12466794473346 0.159391684478865 -0.0156126163887835 0.159635438269369 0.128841683578685 100.381648216545 0.0156126163887835 0.949 1.56452420540874
-1.12224448897796 -1.15623342504808 0.161119395783524 -0.0339889360701211 0.162274643558703 0.670712118159976 99.3052383432294 0.0339889360701211 0.9455 1.56019986633918
-13.6472945891784 -13.6276496618863 0.159848426285672 0.0196449272920756 0.160234349453983 0.2734378044671 100.094823401049 0.0196449272920756 0.9484 1.56338397747544
1.03206412825651 1.00807700461359 0.160011044829773 -0.0239871236429279 0.160586426930435 0.323116348233476 99.9930974578754 0.0239871236429279 0.948 1.56298657758672
-9.48897795591182 -9.44461611599218 0.163105672999883 0.0443618399196435 0.165073645840939 1.30976704521367 98.0959135615811 0.0443618399196435 0.944 1.55498872938804
-11.5430861723447 -11.5155346166895 0.160628089839435 0.027551555655176 0.161387178058455 0.520090284669251 99.6089788280104 0.027551555655176 0.9478 1.56142087324326
9.29859719438878 9.28511707191766 0.158728790378327 -0.0134801224711243 0.158910504080164 0.079978672354045 100.800868965638 0.0134801224711243 0.9493 1.56491040021434
-7.38476953907816 -7.27842323963853 0.177704418119382 0.10634629943963 0.189013953523885 8.14037524129462 90.0371536584486 0.10634629943963 0.9049 1.48971803676844
-3.17635270541082 -3.23384818413603 0.165296947771975 -0.05749547872521 0.168602677845816 1.99231294378902 96.7954957164231 0.05749547872521 0.9392 1.5491631135604
7.29458917835671 7.28129810335566 0.159261172419097 -0.0132910750010504 0.159437825093781 0.0904830181848482 100.463909419779 0.0132910750010504 0.949 1.56482592567425
3.08617234468938 3.06731723802487 0.159598184610629 -0.0188551066645148 0.159953699657959 0.193631392461079 100.251766892181 0.0188551066645148 0.9487 1.56401298608944
-5.23046092184369 -5.36257510802548 0.154523624550105 -0.13211418618179 0.171977782740582 24.7926586621658 103.544037661451 0.13211418618179 0.8553 1.36781325968087
5.19038076152305 5.17483237857075 0.159388018312765 -0.0155483829522955 0.159629770525196 0.127691189451909 100.383957146662 0.0155483829522955 0.949 1.56453326908537
-1.07214428857715 -1.1058019615528 0.161076250241976 -0.0336576729756457 0.162209089192112 0.657175308251979 99.3318380330065 0.0336576729756457 0.9456 1.56030925788513
-13.5971943887776 -13.5774119236533 0.159859871276341 0.0197824651242478 0.160251217202733 0.277053460195802 100.087657222879 0.0197824651242478 0.9484 1.56335535240838
1.08216432865731 1.05833769013018 0.159996535157668 -0.023826638527138 0.160564243861171 0.318566380680203 100.002165573353 0.023826638527138 0.9481 1.56302275124018
-9.43887775551102 -9.39385922754494 0.163224871682658 0.0450185279660822 0.165251539542891 1.34805585801063 98.0242767848962 0.0450185279660822 0.944 1.55467094545694
-11.4929859719439 -11.4651727519735 0.160658125160744 0.0278132199703833 0.161431700365865 0.529606693487921 99.590356752834 0.0278132199703833 0.9478 1.56134470631652
9.34869739478958 9.3351773743058 0.158728420240958 -0.0135200204837833 0.15891121119484 0.079978672354045 100.801104022274 0.0135200204837833 0.9493 1.56491040809382
-7.33466933867735 -7.22542952085427 0.177916013804981 0.109239817823081 0.189849351603 8.74610639338203 89.9300723853791 0.109239817823081 0.9016 1.48357871927384
-3.12625250501002 -3.18278538805565 0.165083596334835 -0.0565328830456293 0.168279563200286 1.923903361559 96.9205926889766 0.0565328830456293 0.9396 1.54975253471883
3.13627254509018 3.11751384079469 0.159591438593326 -0.0187587042954909 0.159943327580172 0.19151516929594 100.25600458914 0.0187587042954909 0.9487 1.56402970887567
7.34468937875751 7.33144187150668 0.159255960599939 -0.0132475072508331 0.1594314570483 0.0898051444474106 100.467197207099 0.0132475072508331 0.949 1.56483117032624
-5.18036072144289 -5.3129589411631 0.159152660724041 -0.132598219720215 0.176734948597011 22.0659795379093 100.532406603889 0.132598219720215 0.8373 1.38101996351121
5.24048096192385 5.22499624049014 0.15938440105618 -0.0154847214337064 0.15962417765406 0.126556034777934 100.386235377955 0.0154847214337064 0.949 1.56454221142934
-1.02204408817635 -1.05537711557953 0.161034394561622 -0.0333330274031769 0.162145485277483 0.644043939123769 99.3576561302706 0.0333330274031769 0.9459 1.56041530539473
1.13226452905812 1.10859612829373 0.15998232981636 -0.0236684007643817 0.160542523011104 0.314111814681411 100.011045084579 0.0236684007643817 0.9481 1.56305815887728
-13.5470941883768 -13.5271723651875 0.159871544231719 0.0199218231892946 0.160268423270904 0.280741285650464 100.080349363546 0.0199218231892946 0.9484 1.56332615137102
-9.38877755511022 -9.34308333846317 0.163349253943733 0.0456942166470551 0.165437215378721 1.38804593654159 97.949636216345 0.0456942166470551 0.9438 1.55433844152475
-11.4428857715431 -11.4148061015969 0.1606889882428 0.0280796699461696 0.161477456107086 0.539386550076799 99.5712287130969 0.0280796699461696 0.9478 1.56126639749923
-3.07615230460922 -3.13175444051511 0.164880601198834 -0.0556021359058896 0.167972198716131 1.85895087918312 97.0399178779388 0.0556021359058896 0.9399 1.55031025781383
9.39879759519038 9.38523763675178 0.15872814582994 -0.0135599584386039 0.158912018302796 0.079978672354045 100.801278288365 0.0135599584386039 0.9493 1.56491041371532
-7.28456913827655 -7.17241395724583 0.177955198526677 0.112155181030728 0.190533983158713 9.42129877299936 89.9102702953713 0.112155181030728 0.8974 1.47680151650259
3.18637274549098 3.16770939398431 0.159584802608815 -0.018663351506675 0.159933123298277 0.189433443282802 100.260173515521 0.018663351506675 0.9488 1.56404615742208
7.39478957915832 7.38158481576938 0.159249997011191 -0.0132047633889378 0.159424362787349 0.0891348592176158 100.470959499457 0.0132047633889378 0.949 1.56483632890757
-5.13026052104208 -5.26264468578962 0.163262682198313 -0.132384164747536 0.180788249274216 19.7564048548878 98.0015750357757 0.132384164747536 0.842 1.39379912401535
5.29058116232465 5.27515953809261 0.159380831843181 -0.0154216242320402 0.159618658337135 0.125435948106926 100.388483451654 0.0154216242320402 0.949 1.56455103459844
-0.97194388777555 -1.0049586915118 0.160993778004243 -0.0330148037362499 0.162083755269986 0.631301990552835 99.3827227259571 0.0330148037362499 0.9459 1.5605181443738
1.18236472945892 1.15885236591928 0.159968420361752 -0.0235123635396379 0.160521251600973 0.309750002517525 100.019741170274 0.0235123635396379 0.9482 1.56309282201854
-13.496993987976 -13.4769309501582 0.159883451241335 0.0200630378177316 0.160285976727811 0.284503213807035 100.072896073834 0.0200630378177316 0.9484 1.56329635877821
-3.02605210420842 -3.08075382992551 0.164687335015022 -0.0547017257170985 0.167679613811451 1.79722685703995 97.1537975190413 0.0547017257170985 0.9402 1.5508385462175
-9.33867735470942 -9.29228762430076 0.163479118762732 0.0463897304086576 0.165631125850119 1.42983942292572 97.8718268185792 0.0463897304086576 0.9437 1.55399028517174
-11.3927855711423 -11.3644345334523 0.160720709704847 0.0283510376900047 0.161524491042947 0.549439663327881 99.5515763300382 0.0283510376900047 0.9478 1.56118586542999
-7.23446893787575 -7.11943147642298 0.177732237880423 0.115037461452768 0.19096585541792 10.1768618457519 90.0230604802529 0.115037461452768 0.8931 1.46940211070796
9.44889779559118 9.43529788438479 0.158727908600493 -0.0135999112063967 0.158912866185315 0.079978672354045 100.801428942599 0.0135999112063967 0.9493 1.5649104184836
3.23647294589178 3.21790391462949 0.159578274278066 -0.0185690312622935 0.159923083200086 0.18738546882701 100.264275148884 0.0185690312622935 0.9488 1.56406233769977
-5.08016032064128 -5.21167241677579 0.166776545837106 -0.131512096134512 0.184071977266799 17.7879963122546 95.9367512961174 0.131512096134512 0.8491 1.40617143674465
7.44488977955912 7.43172679274579 0.15924311434988 -0.0131629868133265 0.159416378571728 0.0884720496604672 100.47530196405 0.0131629868133265 0.949 1.56484139437228
5.34068136272545 5.3253222788451 0.159377309826912 -0.0153590838803552 0.159613211284555 0.124330663966326 100.39070189713 0.0153590838803552 0.9491 1.56455974070265
1.23246492985972 1.20910644853247 0.159954798640272 -0.02335848132725 0.160500417290188 0.305478387660081 100.02825883319 0.02335848132725 0.9482 1.56312676143248
-0.921843687374748 -0.954546501333139 0.160954352290853 -0.0327028139583913 0.16202382633165 0.618934225315691 99.4070664898032 0.0327028139583913 0.9459 1.56061790350437
-13.4468937875751 -13.4266876412631 0.159895598599203 0.020206146312022 0.160303886947986 0.288341242772582 100.065293480066 0.020206146312022 0.9484 1.56326595851307
-2.97595190380762 -3.02978213425356 0.164503212569391 -0.0538302304459477 0.167400906279255 1.73852121475247 97.2625382209534 0.0538302304459477 0.9405 1.55133946221806
-9.28857715430862 -9.24147121337291 0.163614786228454 0.0471059409357082 0.165833755899893 1.47354622896919 97.7906726453151 0.0471059409357082 0.943 1.55362546821474
-11.3426853707415 -11.314057910543 0.160753321589972 0.0286274601984786 0.161572853067388 0.559776302655145 99.5313803892067 0.0286274601984786 0.9477 1.5611030248328
-7.18436873747495 -7.06651817698119 0.177206459743853 0.117850560493762 0.191095214352547 11.0259039534493 90.2901622385977 0.117850560493762 0.8878 1.46134245191558
9.49899799599199 9.48535809975935 0.158727756132007 -0.0136398962326343 0.158913802901244 0.079978672354045 100.801525769025 0.0136398962326343 0.9493 1.56491042143658
3.28657314629259 3.26809741939961 0.159571851285968 -0.0184757268929778 0.159913203770192 0.185370520365026 100.268310927386 0.0184757268929778 0.9488 1.56407825551796
-5.03006012024048 -5.1601543792542 0.169713237040905 -0.130094259013714 0.186637753269233 16.0920486486213 94.2766768165737 0.130094259013714 0.857 1.41802504734771
7.49498997995992 7.4818675540945 0.159235024476389 -0.0131224258654248 0.159407222536982 0.0878166050302269 100.480406572691 0.0131224258654248 0.9491 1.56484635391588
1.28256513026052 1.25935842041361 0.159941456776974 -0.0232067098469169 0.160480008158893 0.30129450102995 100.036602907217 0.0232067098469169 0.9482 1.56315999716702
5.39078156312625 5.37548447008345 0.159373834179089 -0.0152970930428049 0.159607835234649 0.12323992270364 100.3928912322 0.0152970930428049 0.9491 1.56456833180544
-0.871743486973948 -0.904140364263653 0.160916071460921 -0.032396877289705 0.161965629119045 0.606926143738626 99.4307147492451 0.032396877289705 0.946 1.56071470505459
-13.3967935871743 -13.3764424001951 0.159907992812102 0.0203511869792301 0.160322163623565 0.292257438435954 100.057537579129 0.0203511869792301 0.9484 1.56323493390502
-2.92585170340681 -2.97883801510691 0.164327688250197 -0.0529863117000944 0.167135237477776 1.68264065554635 97.3664278392284 0.0529863117000944 0.941 1.55181488833529
-9.23847695390782 -9.19063318346575 0.163756599233864 0.0478437704420607 0.166045625603976 1.51928475511919 97.705986047928 0.0478437704420607 0.9429 1.55324289912356
-11.2925851703407 -11.2636760907562 0.160786857444902 0.0289090795844906 0.161622592327324 0.570407224169479 99.5106207948797 0.0289090795844906 0.9475 1.56101778628805
-7.13426853707415 -7.01369824488363 0.176368017095274 0.120570292190521 0.190905212454182 11.9842777397634 90.7193960873121 0.120570292190521 0.8826 1.45252732109811
9.54909819639279 9.5354182989236 0.158727647085543 -0.0136798974691867 0.15891478668031 0.079978672354045 100.801595020036 0.0136798974691867 0.9493 1.56491042347653
3.33667334669339 3.31828992460741 0.159565531379285 -0.0183834220859787 0.159903481586876 0.183387891722234 100.272282251035 0.0183834220859787 0.9488 1.56409391652931
-4.97995991983968 -5.10820483941037 0.172109580220776 -0.128244919570695 0.18855633961647 14.6239344007599 92.964028960362 0.128244919570695 0.8643 1.42920891881404
7.54509018036072 7.53200689614008 0.15922554617628 -0.0130832842206487 0.159396718502278 0.0871684166241664 100.486387920982 0.0130832842206487 0.9491 1.56485119727684
1.33266533066132 1.30960832463985 0.159928387164208 -0.0230570060214699 0.160460012690882 0.297195957433246 100.044778064146 0.0230570060214699 0.9482 1.5631925485793
5.44088176352706 5.42564611901528 0.159370404089516 -0.0152356445117734 0.159602528953205 0.122163470334009 100.395051963432 0.0152356445117734 0.9491 1.56457680992498
-0.821643286573146 -0.853740106417101 0.160878891740834 -0.0320968198439552 0.16190909758493 0.595263941295059 99.4536935633233 0.0320968198439552 0.9462 1.56080866526016
-13.3466933867735 -13.3261951876085 0.159920640608256 0.0204981991650204 0.160340816777265 0.296253937244863 100.049624233271 0.0204981991650204 0.9484 1.5632032677068
-2.87575150300601 -2.92792021217915 0.164160253511687 -0.0521687091731402 0.166881827728479 1.62940708534155 97.4657364235913 0.0521687091731402 0.9411 1.55226654602084
-9.18837675350701 -9.13977255828914 0.163904925309287 0.0486041952178731 0.166267293102064 1.56718268810845 97.6175668291127 0.0486041952178731 0.9424 1.55284139452823
-11.2424849699399 -11.2132889266228 0.160821352405029 0.0291960433171177 0.161673761350404 0.581343698604847 99.4892765215897 0.0291960433171177 0.9473 1.56093005598755
-7.08416833667335 -6.96104355617202 0.175140504506679 0.123124780501329 0.190300216080179 13.071287136868 91.3552238819197 0.123124780501329 0.8769 1.44296343078306
9.59919839679359 9.58547848152472 0.158727584670288 -0.0137199152688741 0.158915820745273 0.079978672354045 100.801634657489 0.0137199152688741 0.9493 1.56491042459232
-4.92985971943888 -5.05594393112637 0.174042532297075 -0.126084211687494 0.189939760733932 13.3451903611056 91.931551379001 0.126084211687494 0.8722 1.43962857759802
3.38677354709419 3.3684814462185 0.159559312364675 -0.0182921008756867 0.159893913319122 0.18143689549462 100.276190482896 0.0182921008756867 0.9488 1.56410932623495
7.59519038076152 7.58214476103911 0.159214715711041 -0.0130456197224138 0.159384903904983 0.0865273777374682 100.493223434437 0.0130456197224138 0.9491 1.56485592231031
1.38276553106212 1.35985620312577 0.159915582450816 -0.0229093279363537 0.160440419757311 0.293180452165515 100.052788820133 0.0229093279363537 0.9481 1.5632244343641
5.49098196392786 5.47580723272277 0.159367018765609 -0.0151747312050867 0.159597291232755 0.121101058392398 100.397184586431 0.0151747312050867 0.9491 1.5645851770353
-0.771543086172345 -0.803345560477174 0.160842771420903 -0.0318024743048285 0.161854168792812 0.583934469017876 99.4760277919499 0.0318024743048285 0.9463 1.56089989467946
-2.82565130260521 -2.87702753805061 0.164000434391895 -0.0513762354453946 0.166639951960436 1.57865620258985 97.5607171976533 0.0513762354453946 0.9413 1.55269601210572
-13.2965931863727 -13.2759459630837 0.15993354894643 0.020647223289032 0.160359856775977 0.300332949116743 100.041549164642 0.020647223289032 0.9485 1.56317094207025
-9.13827655310621 -9.08888830365285 0.164060158601517 0.0493882494533615 0.166499357785585 1.61737788727158 97.5252013431371 0.0493882494533615 0.942 1.55241966968937
-11.1923847695391 -11.162896265064 0.160856843285065 0.0294885044750348 0.161726415181239 0.59259754113075 99.4673255625524 0.0294885044750348 0.9473 1.5608397354725
-7.03406813627254 -6.90864012578191 0.173446108115259 0.125428010490633 0.189178293930897 14.3106117110584 92.2476737809975 0.125428010490633 0.8701 1.43269824717099
-4.87975951903808 -5.00341144455369 0.175500579995142 -0.12365192551561 0.19079037867886 12.2250240628152 91.1677898753546 0.12365192551561 0.8777 1.44935875177146
9.64929859719439 9.63553865618273 0.15872754531599 -0.01375994101166 0.158916881292635 0.079978672354045 100.801659649859 0.01375994101166 0.9493 1.56491042526225
3.43687374749499 3.41867199986054 0.159553192106799 -0.0182017476344534 0.159884495723747 0.179516862453347 100.280036950249 0.0182017476344534 0.9488 1.5641244899893
7.64529058116232 7.63228087663221 0.159202354828109 -0.0130097045301154 0.15937160724007 0.0858933836193785 100.501025988436 0.0130097045301154 0.9491 1.56486051502868
1.43286573146293 1.4101020966622 0.159903035531844 -0.0227636348007298 0.160421218601185 0.289245757775312 100.060639541854 0.0227636348007298 0.9482 1.56325567258095
5.54108216432866 5.52596781816536 0.159363677431941 -0.0151143461632994 0.159592120891885 0.1200524437903 100.399289586129 0.0151143461632994 0.9491 1.56459343506749
-0.721442885771543 -0.752956565391687 0.160807670740309 -0.031513679620144 0.16180078274351 0.572925196515925 99.4977411608594 0.031513679620144 0.9463 1.56098849852438
-2.77555110220441 -2.82615887333468 0.163847789121946 -0.0506077711302688 0.16640893562072 1.53023623813812 97.6516075422402 0.0506077711302688 0.9417 1.55310473330172
-13.2464929859719 -13.2256946850902 0.159946725025455 0.0207983008817134 0.160379294345021 0.304496760490501 100.033307949592 0.0207983008817134 0.9485 1.56313793852103
-9.08817635270541 -9.03797932334614 0.16422272200528 0.050197029359266 0.166742463761775 1.67001937095862 97.4286615434712 0.050197029359266 0.9417 1.55197632778324
-11.1422845691383 -11.1124979471239 0.160893368675728 0.0297866220143632 0.161780611526755 0.604181143197721 99.4447448747693 0.0297866220143632 0.9472 1.56074672135298
-4.82965931863727 -4.95067184522762 0.176520621491484 -0.121012526590349 0.191164653083264 11.2385752515418 90.6409679776244 0.121012526590349 0.8831 1.45839767380351
-6.98396793587174 -6.85655131718172 0.171261193471211 0.127416618690027 0.187496188189611 15.7315261590153 93.4245503940714 0.127416618690027 0.8633 1.42172862498723
9.69939879759519 9.6855988272666 0.158727516537714 -0.0137999703285878 0.158917955718784 0.079978672354045 100.801677925821 0.0137999703285878 0.9492 1.56491042573009
3.48697394789579 3.46886160083209 0.159547168526484 -0.0181123470637052 0.15987522564264 0.177627140971182 100.283822945715 0.0181123470637052 0.9488 1.56413941300477
7.69539078156313 7.68241480973416 0.159188172598366 -0.012975971828971 0.159356548443272 0.0852663314304039 100.50997972298 0.012975971828971 0.9491 1.56486495270191
1.48296593186373 1.4603460449536 0.159890739538719 -0.0226198869101288 0.160402398822546 0.285389720978337 100.068334452387 0.0226198869101288 0.9481 1.56328628067986
5.59118236472946 5.57612788218241 0.159360379329801 -0.0150544825470469 0.159587016774561 0.119017388676774 100.401367437056 0.0150544825470469 0.9491 1.56460158591081
-2.72545090180361 -2.77531316215571 0.163701905849851 -0.0498622603521008 0.166188150857271 1.48400682717894 97.738629962411 0.0498622603521008 0.9422 1.5534940390174
-0.671342685370741 -0.702572966083613 0.160773551779408 -0.0312302807128725 0.161748882212813 0.562224177400289 99.5188563225439 0.0312302807128725 0.9465 1.56107457696879
-13.1963927855711 -13.1754413109485 0.159960176294223 0.020951474622672 0.160399140583087 0.308747737527305 100.024896012683 0.020951474622672 0.9485 1.56310423793195
-9.03807615230461 -8.98704445469999 0.164393069451526 0.0510316976046212 0.166997303611936 1.72526841615124 97.3277039803544 0.0510316976046212 0.9414 1.55150984782851
-4.77955911823647 -4.89780194407443 0.177179177583955 -0.118242825837958 0.1911605434461 10.365613395894 90.3040651739031 0.118242825837958 0.8891 1.46671145067269
-11.0921843687375 -11.0620938076856 0.160930969046954 0.0300905610518729 0.16183641091137 0.616107506576093 99.4215103205635 0.0300905610518729 0.9471 1.56065090500735
-6.93386773547094 -6.80482958330535 0.168589987840354 0.129038152165597 0.185240832554666 17.3705244151437 94.9048054689414 0.129038152165597 0.8557 1.40998429565416
3.53707414829659 3.51905026411126 0.159541239598965 -0.0180238841853337 0.159866100000091 0.175767096470025 100.287549728326 0.0180238841853337 0.9487 1.56415410035627
9.74949899799599 9.73565899832095 0.158727487865193 -0.013839999675044 0.158919033456198 0.079978672354045 100.801696134628 0.013839999675044 0.9492 1.56491042619292
7.74549098196393 7.73254641603096 0.159172223952128 -0.0129445659329681 0.159339785739321 0.0846461202005813 100.520050563672 0.0129445659329681 0.9491 1.56486922868566
1.53306613226453 1.51058808665395 0.159878687829891 -0.0224780456105795 0.160383950364362 0.281610259714569 100.075877636823 0.0224780456105795 0.9481 1.56331627552591
-2.67535070140281 -2.72448940794155 0.163562400491587 -0.0491387065387476 0.165977012971888 1.43983799772423 97.8219930247536 0.0491387065387476 0.9423 1.55386515271067
5.64128256513026 5.62628743149579 0.159357123716758 -0.0149951336344678 0.159581977749474 0.117995660303599 100.403418603604 0.0149951336344678 0.9491 1.56460963141375
-0.62124248496994 -0.652194613177847 0.160740378358864 -0.0309521282079065 0.161698412599463 0.551820016943068 99.5393949134478 0.0309521282079065 0.9466 1.5611582254364
-13.1462925851703 -13.1251857967897 0.159973910462169 0.0211067883806244 0.160419406977913 0.313088329468414 100.016308620422 0.0211067883806244 0.9485 1.56306982049507
-4.72945891783567 -4.84485744705237 0.17753573083151 -0.115398529216695 0.190852551376887 9.58955256382021 90.122703328857 0.115398529216695 0.8928 1.47431998807556
-8.98797595190381 -8.93608246381148 0.164571688353922 0.0518934880923254 0.16726462246031 1.78329978634476 97.2220687533507 0.0518934880923254 0.9412 1.55101857105266
-11.0420841683367 -11.011683675172 0.160969686858094 0.0304004931646382 0.161893876842747 0.628390279761959 99.3975966052856 0.0304004931646382 0.9472 1.56055217225998
3.5871743486974 3.56923800436404 0.159535403352184 -0.0179363443333527 0.159857115800229 0.173936110888448 100.291218524574 0.0179363443333527 0.9487 1.56416855698553
-6.88376753507014 -6.75359914507566 0.165369375655795 0.130168389994481 0.182313185409551 19.2735037886432 96.7531015736727 0.130168389994481 0.8496 1.39758042627431
9.79959919839679 9.78571916934608 0.158727459297299 -0.0138800290507142 0.158920114503748 0.079978672354045 100.801714276997 0.0138800290507142 0.9492 1.5649104266508
7.79559118236473 7.78267523351877 0.159154345504371 -0.012915948845964 0.159321167238963 0.0840326507889557 100.531342385248 0.012915948845964 0.9491 1.56487331880551
1.58316633266533 1.56082825940118 0.159866873981893 -0.0223380732641476 0.160365863499047 0.277905360340554 100.083273047625 0.0223380732641476 0.9483 1.56334567342265
-2.625250501002 -2.67368666951301 0.163428914715114 -0.0484361685110057 0.165774977135141 1.39760926206708 97.9018922562807 0.0484361685110057 0.9423 1.55421920196727
-0.571142284569138 -0.601821362742733 0.16070811594513 -0.0306790781735954 0.161649321782712 0.541701841805221 99.5593776076799 0.0306790781735954 0.9465 1.56123953486953
5.69138276553106 5.67644647271237 0.159353909866247 -0.0149362928186934 0.159577002709413 0.116987030894414 100.40544354029 0.0149362928186934 0.9491 1.56461757338508
-13.0961923847695 -13.0749280975145 0.159987935510265 0.0212642872550273 0.160440105422729 0.317521072159259 100.007540874689 0.0212642872550273 0.9484 1.56303466569239
-4.67935871743487 -4.79189470531012 0.177666649472589 -0.112535987875249 0.190330998039647 8.89669950569011 90.0562938936299 0.112535987875249 0.8972 1.48123090633894
-8.93787575150301 -8.88509204041074 0.164759102210218 0.0527837110922658 0.16754522236689 1.84430310504853 97.1114784273672 0.0527837110922658 0.941 1.55050068546155
-10.9919839679359 -10.9612673712287 0.161009566675677 0.0307165967071779 0.161953075988948 0.64104379694033 99.3729772109068 0.0307165967071779 0.9473 1.56045040303554
3.6372745490982 3.61942483595238 0.159529657865155 -0.0178497131458193 0.159848270124543 0.172133582168662 100.294830529407 0.0178497131458193 0.9487 1.56418278770526
-6.83366733466934 -6.70298248672286 0.161564084464935 0.130684847946482 0.17864261394773 21.4987316818679 99.0319107924791 0.130684847946482 0.8416 1.38465618057002
9.8496993987976 9.83577934034231 0.15872743083292 -0.0139200584552874 0.158921198860318 0.079978672354045 100.801732353634 0.0139200584552874 0.9492 1.56491042710381
7.84569138276553 7.83280093155185 0.15913456024111 -0.0128904512136865 0.159300723973603 0.0834258258438041 100.54384148709 0.0128904512136865 0.9491 1.56487720632116
1.63326653306613 1.61106659985032 0.159855291780818 -0.0221999332158191 0.160348128815605 0.274273074950109 100.090524509743 0.0221999332158191 0.9483 1.56337449013444
-2.5751503006012 -2.62290405745163 0.163301114058071 -0.0477537568504243 0.165581535351401 1.35720879943769 97.9785109996877 0.0477537568504243 0.9424 1.55455722746754
-0.521042084168336 -0.551453076045467 0.160676731561825 -0.0304109918771316 0.161601559988776 0.531859271683885 99.5788241674778 0.0304109918771316 0.9465 1.56131859198021
5.74148296593187 5.72660501232647 0.159350737067164 -0.0148779536054002 0.159572090570649 0.115991277517985 100.407442692005 0.0148779536054002 0.9491 1.56462541359491
-13.0460921843687 -13.0246681667493 0.16000225970256 0.0214240176194558 0.160461248233519 0.322048591749059 99.9985877058461 0.0214240176194558 0.9484 1.56299875226493
-4.62925851703407 -4.73892111543832 0.177567478735604 -0.109662598404251 0.189593364224376 8.27567470866862 90.1065899788091 0.109662598404251 0.9008 1.48755480390446
-8.88777555110221 -8.83407179235229 0.164955873348391 0.053703758749915 0.16783996705226 1.90848439493632 96.9956369253224 0.053703758749915 0.9407 1.54995420833414
-10.9418837675351 -10.9108447103877 0.161050655299294 0.0310390571473409 0.16201407836789 0.654083119712759 99.3476243251905 0.0310390571473409 0.9474 1.56034547098775
3.687374749499 3.669610772942 0.159524001266384 -0.0177639765569992 0.159839560129502 0.17035892376186 100.298386907197 0.0177639765569992 0.9487 1.56419679720322
-6.78356713426854 -6.65305578553622 0.15721598244733 0.130511348732318 0.174249194595258 24.1209159241316 101.770823493472 0.130511348732318 0.853 1.37125836831952
9.8997995991984 9.88583951130994 0.158727402470959 -0.0139600878884583 0.158922286524812 0.079978672354045 100.801750365237 0.0139600878884583 0.9492 1.56491042755202
7.89579158316633 7.88292339375001 0.15911307308935 -0.0128681894163218 0.159278663388204 0.0828255497642374 100.557419257531 0.0128681894163218 0.9491 1.5648808864534
-2.5250501002004 -2.57214073072756 0.163178686176606 -0.0470906305271619 0.165396213660052 1.31853271955563 98.0520212222044 0.0470906305271619 0.9425 1.55488019098037
-0.470941883767535 -0.501089619320471 0.160646193706597 -0.0301477355529356 0.161555079665566 0.522282392741225 99.5977534906449 0.0301477355529356 0.9465 1.56139547948499
5.79158316633266 5.77676305672224 0.159347604623473 -0.0148201096104232 0.159567240272338 0.115008181964932 100.409416494254 0.0148201096104232 0.9491 1.56463315377564
-12.9959919839679 -12.9744059568011 0.160016891598293 0.0215860271668262 0.16048284816714 0.326673608576101 99.9894438655042 0.0215860271668262 0.9485 1.5629620581804
-8.8376753507014 -8.78302023971622 0.16516260579767 0.0546551109851787 0.168149786954472 1.97606780582596 96.8742284170582 0.0546551109851787 0.9406 1.54937696631517
3.7374749498998 3.71979582911002 0.159518431732347 -0.0176791207897771 0.159830983044247 0.168611564151369 100.301888792676 0.0176791207897771 0.9487 1.56421059004606
-10.8917835671343 -10.8604154997121 0.161093001896274 0.0313680674221732 0.162076957550076 0.667524081815664 99.3215087661118 0.0313680674221732 0.9474 1.56023724310048
-6.73346693386774 -6.60395501903027 0.152323635859114 0.129511914837467 0.169096971943981 27.2368442684983 105.03950952693 0.129511914837467 0.8737 1.35759240978445
9.9498997995992 9.93589967632196 0.158727395169254 -0.0140001232772402 0.158923398621032 0.079978672354045 100.801755002272 0.0140001232772402 0.9492 1.56491042766689
-0.420841683366733 -0.450730863549979 0.160616472273085 -0.0298891801832462 0.161509835365112 0.512961732688098 99.6161836551626 0.0298891801832462 0.9465 1.56147027632462
-12.9458917835671 -12.9241414186106 0.160031840064619 0.0217503649565689 0.160504918440363 0.331398941249276 99.9801039189415 0.0217503649565689 0.9485 1.5629245605991
5.84168336673347 5.82692061217603 0.159344511853823 -0.0147627545574345 0.159562450775946 0.114037530628309 100.411365373398 0.0147627545574345 0.9491 1.56464079562294
-8.7875751503006 -8.73193580850949 0.165379948250733 0.0556393417911067 0.168475684605681 2.04729755837231 96.746916232809 0.0556393417911067 0.9402 1.54876657271903
-6.68336673346693 -6.55578386965687 0.146939771040833 0.127582863810059 0.163217158178809 30.955858191515 108.888151156529 0.127582863810059 0.8921 1.34383173095831
10 9.98595983926906 0.158727395169254 -0.0140401607309446 0.158924521282605 0.079978672354045 100.801755002272 0.0140401607309446 0.9492 1.56491042766689
