-6.63326653306613 -6.50308987490139 0.165334093193019 0.130176658164745 0.18228005552396 19.2940516467146 96.7737487834458 0.130176658164745 0.8495 1.39745376146055
-12.8957915831663 -12.8746832306895 0.15997404925926 0.0211083524768316 0.160419611803546 0.313132196448763 100.016221844018 0.0211083524768316 0.9485 1.56306947263181
-10.8416833667335 -10.8115897363177 0.160931350621255 0.0300936304157791 0.161836977212857 0.616228546773414 99.4212745884132 0.0300936304157791 0.9471 1.56064993231115
-15 -14.9839706419728 0.15957446636785 0.0160293580272288 0.159831406686615 0.186933765278802 100.266667745684 0.0160293580272288 0.9488 1.56406750231016
-8.7374749498998 -8.68557270256864 0.164573518053475 0.0519022473311601 0.1672673613315 1.78389477918895 97.2209878554161 0.0519022473311601 0.9412 1.55101352706683
1.68336673346693 1.6606045457088 0.159902911341083 -0.022762187758137 0.160421028532619 0.289206811580101 100.060717255304 0.022762187758137 0.9481 1.56325598175244
-2.4749498997996 -2.52480481753974 0.163700479843456 -0.0498549177401366 0.166185992666332 1.48355514737519 97.7394813704916 0.0498549177401366 0.9422 1.5534978382494
-0.370741482965931 -0.401690855651694 0.160740051281461 -0.0309493726857628 0.161697914951103 0.551717437262752 99.5395974584051 0.0309493726857628 0.9466 1.56115904996102
-4.57915831663327 -4.70014369352239 0.176528902303769 -0.12098537688912 0.191166363724771 11.2293142503657 90.636716091212 0.12098537688912 0.8831 1.45848436807531
5.89178356713427 5.87678902441212 0.159357091372726 -0.0149945427221461 0.159581927684172 0.117985509545115 100.40343898206 0.0149945427221461 0.9491 1.56460971134296
7.94589178356713 7.93291613767167 0.159188021817802 -0.0129756458954615 0.159356389204206 0.0852600956220755 100.510074924561 0.0129756458954615 0.9491 1.56486499627973
3.7875751503006 3.76955214605858 0.15954118078097 -0.0180230042420169 0.159866009462878 0.175748643788985 100.287586701304 0.0180230042420169 0.9487 1.56415424605652
-6.58316633266533 -6.45247946507937 0.161523413025156 0.130686867585962 0.178602470384587 21.5228477972675 99.0568469322038 0.130686867585962 0.8416 1.38452392923883
-10.7915831663327 -10.7611795429842 0.160970079828241 0.0304036233484162 0.161894460140954 0.628514955268301 99.3973539497051 0.0304036233484162 0.9472 1.56055116980352
-12.8456913827655 -12.8244255093311 0.159988077257409 0.0212658734344249 0.160440314630338 0.317565873755484 100.007452269441 0.0212658734344249 0.9484 1.56303431034937
-14.9498997995992 -14.9337764503346 0.159580931979498 0.0161233492646122 0.159840894371006 0.188974320421615 100.262605322142 0.0161233492646122 0.9488 1.56405140771029
-8.687374749499 -8.63458198795369 0.164761022631989 0.0527927615453052 0.167548098303568 1.84492882908323 97.1103465152536 0.0527927615453052 0.941 1.55049536567515
1.73346693386774 1.71084847474467 0.159890617823306 -0.0226184591230623 0.160402212516408 0.285351550728357 100.06841062858 0.0226184591230623 0.9481 1.5632865836363
-2.4248496993988 -2.47398127805309 0.163561036413459 -0.0491315786542956 0.165974948434522 1.4394063001801 97.8228088476664 0.0491315786542956 0.9423 1.55386877586867
-0.320641282565131 -0.351317655532222 0.16070779780874 -0.0306763729670919 0.161648837667156 0.541602068758756 99.5595746949488 0.0306763729670919 0.9465 1.56124033644855
-4.52905811623246 -4.64727279286505 0.177184155385894 -0.118214676632586 0.191158865157241 10.3573981275068 90.3015281764511 0.118214676632586 0.8891 1.46679096356086
5.94188376753507 5.92694806058071 0.159353877936224 -0.0149357069543576 0.15957695327845 0.1169770099918 100.40546365871 0.0149357069543576 0.9491 1.56461765228798
7.99599198396794 7.98304771861056 0.159172054790353 -0.0129442653573744 0.159339608795995 0.0846399522981756 100.520157392413 0.0129442653573744 0.9491 1.56486927053746
3.8376753507014 3.81973987715413 0.159535345451212 -0.0179354735472721 0.159857026662577 0.173917945729954 100.291254923775 0.0179354735472721 0.9487 1.56416870040306
-6.53306613226453 -6.40256058057331 0.157169618682421 0.130505551691214 0.174201317704649 24.1494478685973 101.800845062364 0.130505551691214 0.8531 1.37112289386551
-10.7414829659319 -10.7107631764021 0.161009971498395 0.0307197895297211 0.161953676967145 0.641172254699036 99.3727273603019 0.0307197895297211 0.9473 1.56044936958704
-12.7955911823647 -12.7741655560124 0.160002404483868 0.0214256263523644 0.160461461948459 0.322094354691671 99.9984972201664 0.0214256263523644 0.9484 1.56299838922571
-14.8997995991984 -14.8835812315832 0.159587503859415 0.0162183676152168 0.159850539307517 0.191048463777058 100.25847646627 0.0162183676152168 0.9488 1.56403504675184
-8.6372745490982 -8.58356143432649 0.164957890321376 0.0537131147717105 0.167842989019854 1.90914299887966 96.9944509403482 0.0537131147717105 0.9407 1.54994859199264
1.78356713426854 1.76109049757085 0.159878568524526 -0.022476636697687 0.160383767721766 0.281572844939298 100.075952315932 0.022476636697687 0.9481 1.56331657243306
-0.270541082164328 -0.300949417788729 0.160676422044263 -0.0304083356244002 0.161601088919709 0.531762203866748 99.5790159902386 0.0304083356244002 0.9465 1.56131937146019
-2.374749498998 -2.42317874520749 0.1634276091055 -0.0484292462094951 0.165773000993919 1.39719638696466 97.9026743863781 0.0484292462094951 0.9423 1.55422265987417
-4.47895791583166 -4.59432785954678 0.177538097963257 -0.115369943715116 0.190848321876086 9.58223286830704 90.121501714586 0.115369943715116 0.8928 1.47439242658911
5.99198396793587 5.97710659521121 0.159350705544116 -0.0148773727246674 0.159572041763305 0.115981384265979 100.407462554789 0.0148773727246674 0.9491 1.56462549148901
3.88777555110221 3.86992669972734 0.159529600862249 -0.0178488513748638 0.159848182357651 0.17211569859127 100.294866366623 0.0178488513748638 0.9487 1.56418292888758
8.04609218436874 8.033176507063 0.159154157392838 -0.0129156773057399 0.159320972113104 0.0840265498101473 100.531461207811 0.0129156773057399 0.9491 1.56487335874308
-6.48296593186373 -6.35346845423473 0.152272218199356 0.129497477628999 0.169041814911629 27.2708957890826 105.074978149019 0.129497477628999 0.8743 1.35745491060285
-10.6913827655311 -10.6603404510306 0.161051072454304 0.0310423145004375 0.162014697743849 0.654215514161962 99.3473669946516 0.0310423145004375 0.9474 1.56034440525075
-12.7454909819639 -12.7239033230269 0.16001703950089 0.0215876589369977 0.160483066519271 0.326720360557765 99.9893514459813 0.0215876589369977 0.9485 1.56296168722065
-8.5871743486974 -8.53250956085823 0.165164725582721 0.0546647878391635 0.168152964612221 1.97676162909908 96.8729850974541 0.0546647878391635 0.9406 1.54937103064806
-14.8496993987976 -14.833384968803 0.15959418434815 0.0163144299945905 0.159860344974198 0.193156936420571 100.254279724231 0.0163144299945905 0.9487 1.56401841351739
1.83366733466934 1.81133065181527 0.159866757023414 -0.0223366828540674 0.160365684424337 0.277868681239902 100.083346268522 0.0223366828540674 0.9483 1.5633459644408
-0.220440881763526 -0.250586008704179 0.160645892500015 -0.0301451269406527 0.161554621178283 0.522187933285032 99.5979402336634 0.0301451269406527 0.9465 1.56139623767368
-2.32464929859719 -2.37239633008464 0.163299863686856 -0.0477470314874435 0.165579642702719 1.35681366978254 97.9792612116421 0.0477470314874435 0.9424 1.55456053011907
-4.42885771543086 -4.54136494463027 0.177666669467398 -0.11250722919941 0.190324546089527 8.89015097908485 90.0562837585922 0.11250722919941 0.8973 1.48129707368672
6.04208416833668 6.02726463468667 0.159347573500514 -0.0148195336500008 0.159567192078117 0.114998414204884 100.409436105712 0.0148195336500008 0.9491 1.56463323067807
3.93787575150301 3.92011262784103 0.159523945143073 -0.0177631236619815 0.159839473705304 0.170341315976792 100.298422193922 0.0177631236619815 0.9487 1.56419693619658
8.09619238476954 8.08330217149697 0.159134352872839 -0.0128902132725734 0.159300510471051 0.0834197908240029 100.543972505957 0.0128902132725734 0.9491 1.56487724410802
-6.43286573146293 -6.30530682091637 0.146883934682809 0.127558910546551 0.163155210342632 30.9968490697008 108.929543823505 0.127558910546551 0.8924 1.3436934232995
-10.6412825651303 -10.6099111738561 0.161093431887686 0.0313713912741687 0.162077596078163 0.667660575351448 99.3212436566326 0.0313713912741687 0.9474 1.56023614370971
-12.6953907815631 -12.6736387613015 0.160031991178776 0.0217520202616619 0.16050514156424 0.331446710966688 99.9800095102605 0.0217520202616619 0.9485 1.56292418148622
-8.53707414829659 -8.48142479258197 0.165382177570483 0.0556493557146194 0.168479028361935 2.04802915172736 96.7456121031006 0.0556493557146194 0.9402 1.54876029269734
1.88376753507014 1.86156897412329 0.159855177108116 -0.0221985609468562 0.160347953216227 0.274237112368205 100.09059631005 0.0221985609468562 0.9483 1.56337477541859
-14.7995991983968 -14.7831876447053 0.159600975851009 0.0164115536914498 0.159870314945576 0.195300499975119 100.250013602275 0.0164115536914498 0.9487 1.56400150192406
-0.170340681362726 -0.200227299307224 0.160616179083218 -0.029886617944498 0.161509389015379 0.512869789019469 99.6163654952226 0.029886617944498 0.9465 1.56147101399306
-2.27454909819639 -2.32163319212238 0.163177488026449 -0.0470840939259909 0.165394399927281 1.31815433418935 98.0527411808581 0.0470840939259909 0.9425 1.55488334762053
-4.37875751503006 -4.48839163485187 0.177565916132422 -0.109634119821812 0.189585556361525 8.26979362855777 90.1073829285335 0.109634119821812 0.9008 1.48761475655351
6.09218436873747 6.07742218528238 0.159344481124212 -0.0147621834550948 0.159562403184574 0.114027886246987 100.411384737747 0.0147621834550948 0.9491 1.56464087155047
3.98797595190381 3.97029767526945 0.159518376470633 -0.0176782766343586 0.159830897935394 0.16859422651779 100.301923540111 0.0176782766343586 0.9487 1.56421072689553
8.14629258517034 8.1334246011368 0.159112850209386 -0.0128679840335444 0.159278435222474 0.0828195797561264 100.557560115004 0.0128679840335444 0.9491 1.56488092216341
-6.38276553106212 -6.25809913822774 0.14112843425324 0.124666392834382 0.156670143755577 35.4772716834769 113.371908961235 0.124666392834382 0.9062 1.32984685613642
-10.5911823647295 -10.5594751440146 0.161137101503625 0.0317072207148765 0.162142449349087 0.681524100549836 99.2943266988085 0.0317072207148765 0.9473 1.56012444477572
-12.6452905811623 -12.6233718203464 0.160047268709242 0.0219187608158915 0.160527700784946 0.336276328135391 99.9704657820012 0.0219187608158915 0.9484 1.56288584833083
1.93386773547094 1.91180550018946 0.159843822768116 -0.0220622352814834 0.160330564993731 0.270676254216653 100.097706141645 0.0220622352814834 0.9483 1.56340302060781
-8.48697394789579 -8.43030545368831 0.165610943132699 0.0566684942074804 0.168822261368443 2.1232122835231 96.6119732026383 0.0566684942074804 0.9391 1.54811374964571
-14.749498997996 -14.732989241618 0.159607880840216 0.0165097563780314 0.159880452895878 0.19747993729834 100.245676565418 0.0165097563780314 0.9487 1.56398430571796
-0.120240480961924 -0.14987316516436 0.160587253023094 -0.0296326842024369 0.161465348996135 0.503798721020182 99.6343090674767 0.0296326842024369 0.9466 1.56154377575425
-2.22444889779559 -2.27088853598705 0.163060190471316 -0.0464396381914538 0.165216830466669 1.28112182535804 98.1232755447725 0.0464396381914538 0.9424 1.55519200169296
-4.32865731462926 -4.43546068919752 0.177330718147086 -0.106803374568263 0.188737678966254 7.71166227918626 90.2268945120321 0.106803374568263 0.9051 1.49333357013701
6.14228456913828 6.12757925316804 0.159341427748318 -0.0147053159702351 0.159557674066102 0.113069591316055 100.413308868252 0.0147053159702351 0.9491 1.56464841576572
4.03807615230461 4.02048185550569 0.159512893068367 -0.0175942967989142 0.159822452348215 0.166873873413309 100.305371510894 0.0175942967989142 0.9487 1.56422430543256
8.19639278557114 8.18354357322577 0.159089849101024 -0.0128492123453707 0.159254951358921 0.0822258227355732 100.57209866256 0.0128492123453707 0.9491 1.56488438222527
-6.33266533066132 -6.21196074451226 0.135069558330884 0.120704586149067 0.149639155448302 40.8936647726139 118.457483667817 0.120704586149067 0.9163 1.31611734648649
-10.5410821643287 -10.5090321523914 0.161182135675056 0.0320500119372564 0.162209338940234 0.695823624128884 99.2665839361757 0.0320500119372564 0.9472 1.56000916069537
-12.5951903807615 -12.5731024482047 0.160062881619471 0.0220879325567864 0.160550758384104 0.341212241396477 99.9607144274581 0.0220879325567864 0.9484 1.56284666318152
1.98396793587174 1.96204026478818 0.159832688186462 -0.0219276710835639 0.160313510945611 0.267184283390762 100.104679346532 0.0219276710835639 0.9483 1.5634307147525
-8.43687374749499 -8.37914976042963 0.165851769767844 0.0577239870653603 0.169183828450566 2.20260250312172 96.4716868707311 0.0577239870653603 0.9384 1.54742850367315
-14.6993987975952 -14.6827897414744 0.159614901857159 0.0166090561207639 0.159890762602382 0.199696053196973 100.241267036073 0.0166090561207639 0.9487 1.56396681846833
-0.0701402805611213 -0.0995234861828854 0.160559086802044 -0.0293832056217641 0.161422459574655 0.494966075247888 99.6517875050365 0.0293832056217641 0.9468 1.56161459491753
-2.17434869739479 -2.22016160867049 0.16294769834337 -0.0458129112757057 0.165046521182925 1.24562624810861 98.1910156612594 0.0458129112757057 0.9425 1.55548731633244
-4.27855711422846 -4.3825812971033 0.176973097502239 -0.10402418287484 0.187794128125017 7.20776778765359 90.4092216603577 0.10402418287484 0.9085 1.49852256259343
6.19238476953908 6.17773584441004 0.15933841271989 -0.0146489251290429 0.159553003727326 0.112123324708591 100.415208905886 0.0146489251290429 0.9491 1.56465586494842
4.08817635270541 4.07066518176879 0.159507493204788 -0.0175111709366194 0.15981413431236 0.165179713986788 100.308767184109 0.0175111709366194 0.9487 1.5642376761421
8.24649298597194 8.23365869466932 0.159065513197654 -0.0128342913026191 0.159230232230895 0.0816384275674125 100.58748548542 0.0128342913026191 0.9491 1.56488760436216
-6.28256513026052 -6.1669744677199 0.128817085673236 0.115590662540618 0.142178286939815 47.3380443221927 124.207126068559 0.115590662540618 0.9274 1.30278930899633
-10.4909819639279 -10.4585819811962 0.161228591608309 0.0323999827316523 0.162278350489321 0.710577607859179 99.2379815539827 0.0323999827316523 0.9471 1.55989013565246
-12.5450901803607 -12.5228305913981 0.160078839786892 0.0222595889625907 0.160574329087676 0.346257591942795 99.9507494013591 0.0222595889625907 0.9485 1.56280660054422
2.03406813627254 2.01227330180307 0.159821767732346 -0.0217948344694765 0.160296782541898 0.263759434877059 100.1115193945 0.0217948344694765 0.9483 1.56345787211866
-8.38677354709419 -8.32795581365994 0.166105458419695 0.0588177334342515 0.169564984186038 2.28651885457901 96.3243481112652 0.0588177334342515 0.9379 1.54670135341365
-14.6492985971944 -14.6325891258031 0.159622041514724 0.0167094713913176 0.159901247948901 0.201949675169239 100.236783392625 0.0167094713913176 0.9487 1.56394903356152
-0.0200400801603209 -0.0491781464239599 0.160531654090959 -0.029138066263639 0.161380680996544 0.486363573070989 99.6688166617543 0.029138066263639 0.947 1.5616835402481
-2.12424849699399 -2.16945169679567 0.162839756549641 -0.0452031998016791 0.164883085821951 1.21158382392433 98.2561036630051 0.0452031998016791 0.9425 1.55577005594194
-4.22845691382765 -4.32977040407019 0.176527783058269 -0.101313490242537 0.186792206363393 6.75135371555193 90.6372907584676 0.101313490242537 0.9102 1.50322672170375
6.24248496993988 6.22789196497356 0.159335435399593 -0.0145930049663239 0.159548391193541 0.111188885984518 100.417085250836 0.0145930049663239 0.9491 1.56466322068919
8.29659318637275 8.28376978728043 0.159040149210079 -0.0128233990923121 0.159204588774359 0.081057303696987 100.603527344943 0.0128233990923121 0.9491 1.56489058053816
4.13827655310621 4.12084766701063 0.159502175192119 -0.0174288860955816 0.159805941262652 0.163511219258339 100.312111610567 0.0174288860955816 0.9488 1.56425084324832
-6.23246492985972 -6.12316185266415 0.12250207206116 0.109303077195568 0.13444923474558 55.2410430970413 130.61003565729 0.109303077195568 0.9379 1.28997527607885
-10.4408817635271 -10.4081244035118 0.161276529520622 0.0327573600152267 0.162349574155789 0.725805500352195 99.2084840091637 0.0327573600152267 0.9471 1.55976720523165
-12.4949899799599 -12.4725561948713 0.160095153454711 0.0224337850886585 0.160598428168115 0.351415637819123 99.9405644376749 0.0224337850886585 0.9485 1.56276563396193
2.08416833667335 2.06250464425528 0.159811055954003 -0.0216636924180635 0.160280371523187 0.260399999815014 100.118229646171 0.0216636924180635 0.9484 1.56348450651282
-8.33667334669339 -8.27672159106151 0.166372865938988 0.0599517556318752 0.169967078942332 2.37531112732235 96.1695280639544 0.0599517556318752 0.9378 1.54592875451278
-14.5991983967936 -14.5823873757156 0.159629302499719 0.0168110210780164 0.159911912929405 0.204241654176833 100.232223967953 0.0168110210780164 0.9487 1.56393094419468
0.0300601202404813 0.00116296607479217 0.160504929688367 -0.0288971541656892 0.161339975207243 0.477983291901417 99.6854117257658 0.0288971541656892 0.9471 1.56175067748532
-2.07414829659319 -2.11875812411505 0.162736126298817 -0.0446098275218598 0.164726163010347 1.17891639885941 98.3186730807435 0.0446098275218598 0.9427 1.5560409304743
-4.17835671342685 -4.27702581790162 0.175990494201587 -0.0986691044747632 0.185726086379439 6.33667659415133 90.9140011941377 0.0986691044747632 0.9126 1.50751838409234
8.34669338677355 8.33387680472588 0.159014131530296 -0.012816582047666 0.159178396305681 0.0804823621749122 100.619987959696 0.012816582047666 0.9491 1.56489330999832
6.29258517034068 6.27804762072472 0.159332495161357 -0.0145375496159676 0.159543835510194 0.110266078861152 100.41893829502 0.0145375496159676 0.9491 1.56467048454545
4.18837675350701 4.17102932392268 0.159496937384975 -0.0173474295843352 0.159797870698159 0.161867873532081 100.315405814853 0.0173474295843352 0.9488 1.5642638108685
-6.18236472945892 -6.08049270977758 0.116295966732256 0.101872019681339 0.126673875126211 64.3616895159358 137.580007712875 0.101872019681339 0.9462 1.27785084724625
-10.3907815631263 -10.357659182815 0.161326012830595 0.033122380311271 0.162423104908079 0.741527800991854 99.1780539248886 0.033122380311271 0.9471 1.5596401958398
-12.4448897795591 -12.4222792019332 0.160111833248255 0.022610577625894 0.160623071468832 0.356689759175367 99.9301530399183 0.022610577625894 0.9486 1.56272373597062
2.13426853707415 2.11273432433075 0.159800547571933 -0.0215342127434002 0.160264269890411 0.257104323367315 100.124813357086 0.0215342127434002 0.9484 1.56351063129971
-8.28657314629259 -8.22544493914373 0.166654906967777 0.0611282071488528 0.17039156467701 2.46936347122419 96.0067740645262 0.0611282071488528 0.9375 1.54510677403414
-14.5490981963928 -14.5321844718951 0.159636687575396 0.0169137244976394 0.159922761651778 0.206572865447569 100.227587047891 0.0169137244976394 0.9486 1.56391254336927
0.0801603206412835 0.0514999594676978 0.16047888946317 -0.0286603611735858 0.161300305765771 0.46981764698581 99.7015872525214 0.0286603611735858 0.9471 1.56181606950162
-2.02404809619238 -2.0680802491877 0.162636583916874 -0.04403215299532 0.164575414414277 1.14755099696576 98.37884942405 0.04403215299532 0.9429 1.55630060006047
-4.12825651302605 -4.22436420563366 0.175404980073567 -0.0961076926076068 0.184641668651925 5.95883023395248 91.2174785076766 0.0961076926076068 0.9143 1.51141269774156
8.39679358717435 8.38397963307964 0.15898784770749 -0.0128139540947085 0.159152045127031 0.079978672354045 100.636622425616 0.0128139540947085 0.9491 1.56489578829715
6.34268537074148 6.32820281743258 0.159329591392048 -0.0144825533089028 0.159539335742393 0.1093547111101 100.420768422297 0.0144825533089028 0.9491 1.5646776580423
4.23847695390782 4.22121016494249 0.159491778179094 -0.0172667889653297 0.159789920180267 0.160249173997904 100.318650796116 0.0172667889653297 0.9488 1.56427658301627
-10.3406813627255 -10.3071860724667 0.161377108362669 0.0334952902587276 0.162499042832185 0.757766128746525 99.1466519776932 0.0334952902587276 0.947 1.55950892408113
-6.13226452905812 -6.0390044560202 0.110329077463848 0.0932600730379134 0.119026518686885 74.3756965581987 145.020699599729 0.0932600730379134 0.9537 1.266703326611
2.18436873747495 2.16296237340636 0.159790237472419 -0.0214063640685884 0.160248469895056 0.253870802683913 100.131273681609 0.0214063640685884 0.9485 1.56353625941913
-12.3947895791583 -12.3719995541965 0.160128890192175 0.0227900249617949 0.160648275429934 0.362083463797447 99.9195084709447 0.0227900249617949 0.9485 1.56268087805277
-8.23647294589178 -8.17412356514707 0.166952554901906 0.0623493807447097 0.170840000181155 2.56909851598923 95.8356103588885 0.0623493807447097 0.9369 1.54423103759975
-14.498997995992 -14.4819803945844 0.159644199584076 0.0170176014076269 0.159933798341745 0.208944209310417 100.222870869628 0.0170176014076269 0.9486 1.56389382388421
0.130260521042084 0.101832938261013 0.160453510300729 -0.0284275827810706 0.161261637763504 0.461859374272805 99.7173571959383 0.0284275827810706 0.9472 1.56187977645173
-1.97394789579158 -2.01741746322139 0.162540919754665 -0.0434695674298102 0.1644305230472 1.11741941449556 98.4367507219103 0.0434695674298102 0.943 1.55654967918138
-4.07815631262525 -4.17179504437673 0.174802047260097 -0.093638731751482 0.183570259344123 5.61360434419081 91.5321087526669 0.093638731751482 0.9165 1.51493845016053
8.44689378757515 8.43407819578768 0.158961683601729 -0.0128155917874686 0.159125922994592 0.079978672354045 100.653186588582 0.0128155917874686 0.9491 1.56489801315797
6.39278557114228 6.37835756077119 0.15932672349115 -0.014428010371093 0.159534890974418 0.108454594457228 100.422576008655 0.014428010371093 0.949 1.56468474267332
4.28857715430862 4.27139020226 0.159486696010108 -0.017186952048621 0.159782087330829 0.158654630347066 100.321847528812 0.017186952048621 0.9488 1.56428916360471
-10.2905811623246 -10.2567048151706 0.16142988656678 0.0338763471540755 0.162577493463284 0.774543296292002 99.1142367766029 0.0338763471540755 0.9469 1.55937319608195
-6.08216432865731 -5.99863363925665 0.104718207233527 0.083530689400666 0.111695583305278 75.187969924812 152.791003806236 0.083530689400666 0.959 1.25651452111096
2.23446893787575 2.21318882207523 0.159780120701318 -0.0212801158005278 0.160232964029802 0.250697884954988 100.137613676668 0.0212801158005278 0.9485 1.56356140340209
-12.3446893787575 -12.3217171915133 0.160146335728552 0.0229721872442532 0.160674057115337 0.367600392932417 99.9086237422255 0.0229721872442532 0.9485 1.56263703058842
-8.18637274549098 -8.1227550290517 0.167266841448296 0.0636177164392802 0.171314055293245 2.67498207663346 95.6555397439353 0.0636177164392802 0.9365 1.54329666792288
-14.4488977955912 -14.4317751235725 0.159651841449875 0.0171226720187079 0.159945027346935 0.21135661206408 100.218073620049 0.0171226720187079 0.9486 1.56387477832879
0.180360721442886 0.152162003464941 0.160428770052081 -0.0281987179779456 0.16122393774768 0.454101514285611 99.7327349377911 0.0281987179779456 0.9472 1.56194185591281
-1.92384769539078 -1.96676918806715 0.162448937180638 -0.0429214926763721 0.164291191714206 1.08845785068412 98.4924880253818 0.0429214926763721 0.9434 1.55678874043461
8.49699398797595 8.48417271322494 0.158936040732744 -0.0128212747510155 0.159100425818985 0.079978672354045 100.669426054878 0.0128212747510155 0.9492 1.56489999855398
-4.02805611222445 -4.11932224242741 0.174200961552515 -0.0912661302029623 0.182530468074739 5.29737006488738 91.84794307336 0.0912661302029623 0.9182 1.51813178085275
6.44288577154309 6.42851185632149 0.159323890870453 -0.0143739152215954 0.15953050030925 0.107565544485482 100.424361422417 0.0143739152215954 0.949 1.56469173990132
4.33867735470942 4.32156944782368 0.159481689352362 -0.01710790688574 0.159774369830374 0.157083764401101 100.32499696344 0.01710790688574 0.9487 1.56430155644937
-10.2404809619238 -10.2062151423958 0.161484421754478 0.0342658195280254 0.162658568142405 0.791883389918446 99.0807647336196 0.0342658195280254 0.9469 1.5592328067602
-6.03206412825651 -5.95932337982171 0.0996038511341119 0.0727407484347982 0.104895067616966 75.187969924812 160.636359114837 0.0727407484347982 0.9627 1.24749241294364
2.28456913827655 2.26341370017093 0.159770192458137 -0.0211554381056258 0.160217745019578 0.247584065548253 100.143836305338 0.0211554381056258 0.9485 1.56358607538623
-12.2945891783567 -12.2714320519085 0.160164181735968 0.0231571264482433 0.160700434241308 0.373244327426043 99.8974916025616 0.0231571264482433 0.9485 1.56259216280348
-8.13627254509018 -8.07133673598175 0.167598854103017 0.0649358091084267 0.171815513407583 2.78752854201005 95.4660465050993 0.0649358091084267 0.9355 1.54229821311842
-14.3987975951904 -14.3815686381824 0.159659616181544 0.0172289570079567 0.159956453141126 0.213811026880968 100.213193434004 0.0172289570079567 0.9485 1.56385539907536
0.230460921843688 0.202487252738119 0.160404647486071 -0.027973669105569 0.161187173649299 0.446537396931909 99.7477333154538 0.027973669105569 0.9473 1.56200236301632
-1.87374749498998 -1.91613487435484 0.162360451652126 -0.042387379364863 0.164157141581546 1.060606571397 98.5461658746903 0.042387379364863 0.9435 1.55701831794061
8.54709418837675 8.53426301029558 0.158911338608416 -0.0128311780811785 0.159075977739367 0.079978672354045 100.685074709657 0.0128311780811785 0.9492 1.56490173661739
-3.97795591182365 -4.06693863031142 0.173591960505184 -0.0889827184877712 0.181509884694658 5.00698674885166 92.170167059794 0.0889827184877712 0.9198 1.52104592038061
6.49298597194389 6.47866570957323 0.159321092953754 -0.0143202623706573 0.159526162868118 0.106687380540365 100.426125024414 0.0143202623706573 0.949 1.5646986511591
4.38877755511022 4.37174791334647 0.15947675671777 -0.0170296417637497 0.159766765416371 0.155536109753598 100.328100027239 0.0170296417637497 0.9487 1.56431376527119
-10.190380761523 -10.1557167737635 0.161540792352888 0.0346639877595685 0.162742384400283 0.809811855742581 99.0461899248816 0.0346639877595685 0.9469 1.55908753903454
-5.98196392785571 -5.92097719121379 0.0951220604402838 0.0609867366419214 0.0988414424865149 75.187969924812 168.204935069132 0.0609867366419214 0.9642 1.23988453185928
2.33466933867735 2.31363703679095 0.159760448090347 -0.0210323018864025 0.160202805812988 0.244527886226933 100.149944440264 0.0210323018864025 0.9485 1.56361028713058
-12.2444889779559 -12.2211440715104 0.160182440549598 0.0233449064455549 0.16072742520655 0.379019194192161 99.8861045262063 0.0233449064455549 0.9485 1.56254624271519
-8.08617234468938 -8.01986592942293 0.167949730614427 0.0663064152664479 0.172346271319914 2.90730706169592 95.2666011518184 0.0663064152664479 0.9346 1.54122956284519
-14.3486973947896 -14.3313609172573 0.159667526875425 0.0173364775323073 0.159968080328653 0.216308434747923 100.208228392511 0.0173364775323073 0.9485 1.56383567827156
0.280561122244489 0.252808780525057 0.16038112224423 -0.0277523417194317 0.161151314715142 0.439160627190276 99.7623646480976 0.0277523417194317 0.9474 1.56206135057199
-1.82364729458918 -1.86551399975882 0.162275289859065 -0.0418667051696389 0.164028110860826 1.03380960234389 98.5978827330762 0.0418667051696389 0.9438 1.55723891042757
8.59719438877756 8.5843493112019 0.158887926070196 -0.0128450775756548 0.15905292208812 0.079978672354045 100.699910910356 0.0128450775756548 0.9492 1.5649032415192
-3.92785571142285 -4.01464742831777 0.172995047411894 -0.0867917168949237 0.180527849533463 4.7397256284782 92.4881968551656 0.0867917168949237 0.9211 1.52369959461059
6.54308617234469 6.52881912592683 0.159318329176563 -0.01426704641786 0.159521877790052 0.105819925638336 100.427867168178 0.01426704641786 0.949 1.56470547785024
4.43887775551102 4.42192561031155 0.159471896654706 -0.0169521451994736 0.15975927188157 0.154011211424098 100.331157624868 0.0169521451994736 0.9487 1.56432579369927
-10.1402805611222 -10.1052094163921 0.161599081178053 0.0350711447301908 0.162829066370739 0.828355592799568 99.0104639417527 0.0350711447301908 0.9468 1.55893716296722
-5.93186372745491 -5.88347869576033 0.0913772886891947 0.0483850316945844 0.0937183999812807 75.187969924812 175.098213456753 0.0483850316945844 0.9654 1.23380577032824
2.38476953907816 2.3638588603192 0.159750883087956 -0.0209106787589555 0.160188139574116 0.241527933443948 100.155940866948 0.0209106787589555 0.9485 1.56363405002968
-12.1943887775551 -12.1708531844774 0.160201124982388 0.0235355930777423 0.160755049123909 0.384929073034264 99.8744547003587 0.0235355930777423 0.9485 1.56249923707459
-8.03607214428858 -7.96833968584439 0.16832064913837 0.0677324584441878 0.172908335065264 3.03494866884305 95.0566676275528 0.0677324584441878 0.934 1.54008384993888
-14.2985971943888 -14.2811519391462 0.159675576718522 0.0174452552425421 0.159979913648999 0.21884984544586 100.203176520884 0.0174452552425421 0.9485 1.56381560783241
0.330661322645291 0.303126678186877 0.160358174798199 -0.0275346444584143 0.16111633144365 0.431965071615295 99.7766407614393 0.0275346444584143 0.9475 1.56211886918448
-1.77354709418838 -1.81490606738386 0.162193288934375 -0.0413589731954802 0.163903853598159 1.00801444892912 98.647731389637 0.0413589731954802 0.944 1.55745098402938
8.64729458917836 8.63443199337168 0.158866026504864 -0.012862595806677 0.15903147287575 0.079978672354045 100.713792319279 0.012862595806677 0.9492 1.56490453583006
-3.87775551102204 -3.9624439790472 0.172408127169908 -0.0846884680251558 0.179580263786356 4.49320697966898 92.8030497322903 0.0846884680251558 0.9231 1.52612684253679
6.59318637274549 6.57897211069518 0.159315598985818 -0.0142142620503156 0.159517644231453 0.104963006377602 100.429588200113 0.0142142620503156 0.949 1.56471222134973
4.48897795591182 4.47210254997793 0.159467107746946 -0.0168754059338907 0.15975188707238 0.152508625523929 100.334170639063 0.0168754059338907 0.9487 1.56433764527361
-10.0901803607214 -10.0546927642001 0.161659375729301 0.0354875965212962 0.16291874523616 0.847543053648785 98.97353573103 0.0354875965212962 0.9468 1.55878143483426
-5.88176352705411 -5.84665383019152 0.088415783699246 0.0351096968625857 0.0896484745130286 75.187969924812 180.963164387316 0.0351096968625857 0.9662 1.22909221514331
2.43486973947896 2.41407919844771 0.1597414930783 -0.0207905410312441 0.160173739674671 0.23858283670878 100.16182828689 0.0207905410312441 0.9484 1.56365737512704
-12.1442885771543 -12.1205593229219 0.160220248347379 0.0237292542324443 0.160783325853807 0.390978203841534 99.8625340119926 0.0237292542324443 0.9484 1.56245111130573
-7.98597194388778 -7.91675491155249 0.168712812307972 0.0692170323352856 0.173503809873276 3.17115450376134 94.8357139041301 0.0692170323352856 0.9329 1.53885333472535
-14.248496993988 -14.2309416816902 0.159683768991707 0.0175553122977679 0.159991957981579 0.221436298569536 100.198035786786 0.0175553122977679 0.9485 1.56379517943189
0.380761523046093 0.353441034125743 0.160335786409555 -0.0273204889203504 0.161082195524402 0.424944845608373 99.7905730111324 0.0273204889203504 0.9476 1.56217496736332
8.69739478957916 8.68451145806567 0.158845795424121 -0.0128833315134855 0.159011775655007 0.079978672354045 100.726619532357 0.0128833315134855 0.9492 1.56490564326926
-1.72344689378757 -1.76431060426218 0.16211429572563 -0.0408637104746081 0.163784138559383 0.983171840130581 98.6957993333245 0.0408637104746081 0.9441 1.55765497482713
-3.82765531062124 -3.91032723934414 0.171840063240726 -0.0826719287229007 0.17867471103949 4.26534813687293 93.1098353798092 0.0826719287229007 0.9251 1.52834785537456
6.64328657314629 6.6291246691054 0.15931290183961 -0.0141619040408933 0.159513461365673 0.104116452851486 100.431288459664 0.0141619040408933 0.949 1.56471888300474
4.53907815631263 4.52227874338593 0.159462388612629 -0.0167994129266997 0.159744608887311 0.151027918933394 100.337139931271 0.0167994129266997 0.9487 1.56434932344771
-10.0400801603206 -10.0041664971625 0.161721768506468 0.0359136631581372 0.163011559707904 0.867404353194061 98.935351423393 0.0359136631581372 0.9466 1.55862009611571
-5.83166332665331 -5.81030023738914 0.0863159714650776 0.0213630892641659 0.0867723530479863 75.187969924812 185.365462827159 0.0213630892641659 0.9672 1.22582621435946
2.48496993987976 2.4642980781976 0.159732273821061 -0.0206718616821631 0.160159599686468 0.235691267023746 100.167609320605 0.0206718616821631 0.9483 1.56368027312808
-12.0941883767535 -12.0702624168302 0.160239824481261 0.0239259599232717 0.160812276039511 0.397170994183085 99.8503340339788 0.0239259599232717 0.9484 1.56240182944141
-7.93587174348697 -7.86510834292439 0.169127422790768 0.0707634005625808 0.174134881649948 3.31670533622849 94.6032271761986 0.0707634005625808 0.9317 1.53752926865999
-14.1983967935872 -14.1807301222068 0.159692107073054 0.0176666713804039 0.160004218350717 0.224068864589974 100.192804098205 0.0176666713804039 0.9485 1.56377438449432
8.74749498997996 8.73458800902077 0.158827363206989 -0.012906980959194 0.15899395336447 0.079978672354045 100.738309047845 0.012906980959194 0.9492 1.5649065818976
0.430861723446894 0.403751933903347 0.160313939091875 -0.0271097895435464 0.16104887978097 0.418094301405276 99.8041723048831 0.0271097895435464 0.9476 1.56222969162637
-1.67334669338677 -1.71372715995313 0.162038166123049 -0.0403804665663605 0.163668748203166 0.959235494083281 98.7421691001482 0.0403804665663605 0.9441 1.55785129116069
-3.77755511022044 -3.8582948026788 0.171295885988831 -0.0807396924583563 0.177814783927101 4.05432027978859 93.4056291406978 0.0807396924583563 0.9263 1.53038273496789
6.69338677354709 6.67927680630059 0.159310237206911 -0.0141099672465046 0.159509328382609 0.103280098564248 100.432968279491 0.0141099672465046 0.949 1.56472546413525
4.58917835671343 4.57245420136239 0.159457737903268 -0.0167241553510342 0.159737435275473 0.149568668989772 100.340066342256 0.0167241553510342 0.9487 1.56436083159111
-9.98997995991984 -9.95363028051603 0.161786357351957 0.0363496794038056 0.163107656544717 0.887971386492701 98.8958541491412 0.0363496794038056 0.9464 1.55845287239816
-5.78156312625251 -5.7742079019799 0.0851421450015675 0.00735522427260271 0.0851962443256678 75.187969924812 187.921034872981 0.00735522427260271 0.9675 1.22410013525008
2.53507014028056 2.5145155259392 0.159723221203498 -0.0205546143413682 0.16014571337422 0.232851935385817 100.173286510513 0.0205546143413682 0.9483 1.56370275441249
-12.0440881763527 -12.0199623939792 0.160259867769222 0.0241257823734706 0.160841921144355 0.403512027325554 99.837846010458 0.0241257823734706 0.9485 1.56235135405533
-7.88577154308617 -7.81339655159911 0.169565647048754 0.0723749914870622 0.174803786441507 3.47247262533348 94.3587352655199 0.0723749914870622 0.9308 1.5361017333272
-14.1482965931864 -14.1305172374747 0.159700594441308 0.0177793557117099 0.160016699930831 0.226748645961138 100.187479301339 0.0177793557117099 0.9485 1.56375321418531
8.79759519038076 8.78466206525565 0.15881071144798 -0.0129331251251088 0.158977977173482 0.079978672354045 100.748871748748 0.0129331251251088 0.9492 1.56490737608756
0.480961923847696 0.454059460353768 0.160292615574905 -0.0269024634939282 0.161016358116947 0.411408016734363 99.8174491233701 0.0269024634939282 0.9476 1.5622830865975
-1.62324649298597 -1.66315530523773 0.161964764439215 -0.0399088122517628 0.163557477734562 0.936161903292039 98.7869185955243 0.0399088122517628 0.9442 1.55804031573407
-3.72745490981964 -3.80634336683343 0.170777577796483 -0.07888845701379 0.177000966446499 3.85851234788624 93.6891142645632 0.07888845701379 0.9271 1.5322511381409
6.7434869739479 6.72942852734148 0.159307604567319 -0.014058446606418 0.159505244488304 0.102453780349286 100.434627985627 0.014058446606418 0.949 1.56473196603472
4.63927855711423 4.62262893452589 0.159453154302784 -0.0166496225883357 0.159730364235118 0.148130463185836 100.342950692702 0.0166496225883357 0.9487 1.5643721729918
-9.93987975951904 -9.90308376391186 0.161853245819819 0.0367959956071804 0.163207191112542 0.909277956411984 98.854983840187 0.0367959956071804 0.9462 1.55827947218042
2.58517034068136 2.56473156741154 0.159714331235863 -0.0204387732698263 0.160132074688639 0.230063591351353 100.178862323704 0.0204387732698263 0.9484 1.56372482904609
-5.7314629258517 -5.73817512618244 0.0848860593675531 -0.0067122003307345 0.084931113000833 75.187969924812 188.48795808415 0.0067122003307345 0.9676 1.22373848225694
-7.83567134268537 -7.76161595677136 0.17002856291531 0.074055385914007 0.175512763098183 3.6394314059916 94.1018363365776 0.074055385914007 0.9299 1.53455945018502
-11.9939879759519 -11.9696591798484 0.160280393171185 0.024328796103525 0.160872283491032 0.410006070701321 99.8250608414181 0.024328796103525 0.9485 1.56229964619023
-14.0981963927856 -14.0803030037177 0.15970923467951 0.0178933890678561 0.160029408051843 0.229476778273302 100.182059178402 0.0178933890678561 0.9484 1.56373165940226
8.84769539078156 8.83473388462412 0.158795890962867 -0.0129615061574437 0.158963891604737 0.079978672354045 100.75827468194 0.0129615061574437 0.9494 1.56490804109632
0.531062124248498 0.504363693690989 0.160271799270696 -0.0266984305575088 0.16098460546493 0.404880784103277 99.8304135400409 0.0266984305575088 0.9478 1.56233519509858
-1.57314629258517 -1.61259463090102 0.161893962836291 -0.0394483383158517 0.163450134232173 0.913910137619503 98.8301213935903 0.0394483383158517 0.9443 1.55822240753549
-3.67735470941884 -3.75446919665416 0.170285336369951 -0.0771144872353249 0.176231980511518 3.67650077593485 93.9599400692932 0.0771144872353249 0.9281 1.53397091665147
6.7935871743487 6.77957983720808 0.159305003410796 -0.0140073371406162 0.159501208904567 0.101637338289507 100.436267897633 0.0140073371406162 0.949 1.56473838997072
4.68937875751503 4.67280295329166 0.159448636526577 -0.0165758042233675 0.159723393812229 0.146712898878583 100.345793783775 0.0165758042233675 0.9487 1.56438335085862
-9.88977955911824 -9.85252658050918 0.161922543574214 0.0372529786090503 0.163310327989461 0.931359912083281 98.8126770171856 0.0372529786090503 0.946 1.55809958557257
2.63527054108216 2.61494622774111 0.159705600047028 -0.0203243133410562 0.160118677759813 0.22732502166059 100.184339154598 0.0203243133410562 0.9485 1.5637465067921
-5.6813627254509 -5.70204099293982 0.0856002067700456 -0.0206782674889192 0.0860277975163889 75.187969924812 186.915436349144 0.0206782674889192 0.9676 1.22496807539325
-7.78557114228457 -7.70976284746753 0.17051708524468 0.0758082948170387 0.176263982807747 3.81867535361098 93.8322396083718 0.0758082948170387 0.9292 1.53288955582224
-11.9438877755511 -11.9193526975281 0.160301416249506 0.024535078022982 0.1609033863031 0.416658084856657 99.811969066426 0.024535078022982 0.9484 1.56224666528197
-14.0480961923848 -14.0300873965882 0.159718031478763 0.0180087957965824 0.160042348204806 0.232254431455061 100.176541445337 0.0180087957965824 0.9484 1.56370971076457
8.89779559118237 8.88480345926382 0.158783122906679 -0.0129921319185478 0.158951918398468 0.079978672354045 100.766376848525 0.0129921319185478 0.9495 1.5649085774307
0.581162324649299 0.554664711611414 0.160251474241587 -0.0264976130378846 0.160953597738292 0.398507600674414 99.8430752398523 0.0264976130378846 0.9478 1.56238605823633
-1.52304609218437 -1.56204474659554 0.161825640796837 -0.0389986544111764 0.16334653584272 0.892441663389263 98.8718470151902 0.0389986544111764 0.9443 1.55839790359064
-3.62725450901804 -3.70266854700055 0.169818823267831 -0.0754140379825099 0.175506100392659 3.50702400603933 94.2180595302174 0.0754140379825099 0.9293 1.53555762425408
6.8436873747495 6.8297307408013 0.159302433237428 -0.0139566339481982 0.159497220868592 0.100830615640042 100.437888328757 0.0139566339481982 0.949 1.56474473718556
-9.83967935871743 -9.80195834600646 0.161994366819885 0.0377210127109713 0.163417241619826 0.954255299209962 98.7688665605873 0.0377210127109713 0.9458 1.55791288287719
4.73947895791583 4.72297626787645 0.159444183320631 -0.0165026900393777 0.159716522099167 0.145315583007473 100.348596397682 0.0165026900393777 0.9487 1.56439436832351
2.68537074148297 2.66515953145993 0.159697023880272 -0.0202112100230347 0.160105516890867 0.224635048918849 100.189719327491 0.0202112100230347 0.9484 1.56376779712211
-5.6312625250501 -5.66565009114746 0.0872944314603327 -0.0343875660973616 0.0884769361624331 75.187969924812 183.287750803103 0.0343875660973616 0.967 1.22792333925
-7.73547094188377 -7.65783341860056 0.171031862327991 0.0776375232832027 0.177059447349541 4.01143445595255 93.5498203797633 0.0776375232832027 0.9275 1.53107733705012
-11.8937875751503 -11.8690428676236 0.160322953198247 0.0247447075266614 0.160935253748827 0.423473232910901 99.7985608474614 0.0247447075266614 0.9484 1.56219236907908
-13.997995991984 -13.9798703911495 0.159726988642167 0.0181256008344572 0.160055526047777 0.235082811026643 100.170923749426 0.0181256008344572 0.9484 1.56368735860337
8.94789579158317 8.93487109656767 0.158772314216751 -0.0130246950155009 0.158941956896998 0.079978672354045 100.773236687583 0.0130246950155009 0.9495 1.56490900300038
0.631262525050101 0.604962589391608 0.160231625169924 -0.0262999356584928 0.160923311785564 0.392283658692776 99.8554435370184 0.0262999356584928 0.9479 1.56243571548435
-1.47294589178357 -1.51150527977999 0.161759684634671 -0.0385593879964277 0.16324651103733 0.87172017711638 98.9121611861167 0.0385593879964277 0.9445 1.55856712056558
-3.57715430861723 -3.65093771834648 0.16937728951186 -0.0737834097292476 0.174821281063134 3.34896093704035 94.4636677450178 0.0737834097292476 0.9299 1.5370248756967
-9.78957915831663 -9.75137865760477 0.162068838767458 0.0382005007118593 0.163528117022095 0.978004523401552 98.7234814643013 0.0382005007118593 0.9455 1.55771901304051
6.8937875751503 6.87988124294449 0.159299893557182 -0.0139063322058117 0.1594932796326 0.100033458753082 100.439489586079 0.0139063322058117 0.949 1.56475100889689
4.78957915831663 4.77314888830324 0.159439793460638 -0.0164302700133945 0.159709747233351 0.143938131822139 100.351359298205 0.0164302700133945 0.9487 1.56440522844372
2.73547094188377 2.71537150252303 0.159688599089255 -0.0200994393607394 0.160092586551871 0.221992530332031 100.195005099 0.0200994393607394 0.9484 1.56378870922639
-5.5811623246493 -5.62885808378442 0.0899008448331844 -0.047695759135121 0.0921757302726599 75.187969924812 177.973855859629 0.047695759135121 0.9664 1.23238568818102
-7.68537074148297 -7.60582382568965 0.171573134194984 0.0795469157933173 0.177900846007213 4.21909581817494 93.2546932541131 0.0795469157933173 0.9264 1.52910592013198
-13.9478957915832 -13.9296519618584 0.159736110088916 0.0182438297247636 0.160068947411942 0.237963159406839 100.165203666809 0.0182438297247636 0.9484 1.56366459295079
-11.8436873747495 -11.8187296081539 0.160345020874112 0.0249577665955716 0.160967910987551 0.430456890560478 99.7848259507962 0.0249577665955716 0.9483 1.56213671355759
8.99799599198397 8.98493715891176 0.15876325422595 -0.0130588330722112 0.158933787347157 0.079978672354045 100.778987417511 0.0130588330722112 0.9495 1.56490933864701
0.681362725450903 0.655257399981531 0.160212237329404 -0.0261053254693718 0.160893725347266 0.386204336431859 99.8675273918261 0.0261053254693718 0.9478 1.56248420476057
-1.42284569138276 -1.4609758747274 0.161695987042482 -0.0381301833446301 0.163149897924377 0.851711452530495 98.951126077089 0.0381301833446301 0.9447 1.55873035623404
-3.52705410821643 -3.59927115364229 0.168952361757774 -0.0722170454258602 0.174167663407815 3.20131263376415 94.7012508942556 0.0722170454258602 0.9307 1.53838900504417
-9.73947895791583 -9.70078709289813 0.162146090136721 0.0386918650176984 0.163643150555269 1.00265052783914 98.6764465705517 0.0386918650176984 0.9455 1.5575176019593
6.9438877755511 6.93003134838498 0.159297383889672 -0.0138564271661261 0.159489384463482 0.0992457170046066 100.441071970657 0.0138564271661261 0.949 1.56475720629829
4.83967935871744 4.82332082440578 0.159435465751161 -0.0163585343116583 0.159703067395987 0.142580170619084 100.354083231218 0.0163585343116583 0.9486 1.56441593420394
2.78557114228457 2.76558216432527 0.159680322134154 -0.0199889779593025 0.160079881374011 0.219396356494023 100.200198660407 0.0199889779593025 0.9484 1.56380925202394
-5.5310621242485 -5.59144634997256 0.0933422145787063 -0.0603842257240599 0.0969884692950005 75.187969924812 171.412260489157 0.0603842257240599 0.9654 1.23830012277357
-7.63527054108216 -7.55373026431468 0.172140542770155 0.0815402767674795 0.178789359505472 4.4432282488254 92.947307720317 0.0815402767674795 0.9245 1.52695590929967
-13.8977955911824 -13.8794320825463 0.159745399858572 0.0183635086360354 0.160082618307997 0.240896757276225 100.15937869989 0.0183635086360354 0.9484 1.56364140352876
-11.7935871743487 -11.768412834446 0.160367636829153 0.0251743399027422 0.161001384218692 0.437614656663577 99.770753727858 0.0251743399027422 0.9483 1.5620796528308
9.04809619238477 9.03500209010509 0.158755565322157 -0.0130941022796769 0.158927020836667 0.079978672354045 100.783868379869 0.0130941022796769 0.9495 1.5649096094752
0.731462925851703 0.705549214093515 0.160193296557952 -0.0259137117581879 0.160864817015039 0.380265189625725 99.8793354265716 0.0259137117581879 0.9478 1.56253156250039
-1.37274549098196 -1.41045619159774 0.161634446673214 -0.037710700615782 0.163056543614147 0.832383199691591 98.9888005268344 0.037710700615782 0.9449 1.55888789082197
-3.47695390781563 -3.54766717434658 0.168549522254181 -0.0707132665309524 0.173549888317658 3.06318674651315 94.9275903367511 0.0707132665309524 0.9315 1.53965538903161
-9.68937875751503 -9.65018320868476 0.162226259701247 0.0391955488302695 0.163762550749353 1.02823898672584 98.6276822843931 0.0391955488302695 0.9454 1.55730825062813
6.9939879759519 6.98018105290059 0.159294878140586 -0.0138069230513151 0.15948550926473 0.0984672427234017 100.442651934353 0.0138069230513151 0.949 1.56476333006712
2.83567134268537 2.81579153971762 0.159672189577947 -0.0198798029677496 0.160067396143984 0.216845450222976 100.205302139915 0.0198798029677496 0.9484 1.563829434172
4.88977955911824 4.87349208583306 0.159431199024825 -0.0162874732851774 0.15969648081084 0.14124133348691 100.356768925188 0.0162874732851774 0.9487 1.56442648851835
-5.4809619238477 -5.5532100731184 0.09753086685694 -0.0722481492707061 0.102750661929982 75.187969924812 164.050628438165 0.0722481492707061 0.964 1.24561172989108
-13.8476953907816 -13.8292107264003 0.159754862115525 0.0184846643812957 0.160096544932814 0.243884924999591 100.153446274642 0.0184846643812957 0.9485 1.56361777973739
-7.58517034068136 -7.50154948012537 0.172731663693865 0.0836208605559907 0.179724112013989 4.6856114282531 92.6292241841487 0.0836208605559907 0.923 1.52460603737101
-11.7434869739479 -11.7180924590236 0.160390819345381 0.0253945149242814 0.161035700733621 0.444952364444966 99.7563330950136 0.0253945149242814 0.9482 1.56202113905362
9.09819639278557 9.08506594119294 0.158749293150056 -0.0131304515926338 0.158921701909082 0.079978672354045 100.787850342591 0.0131304515926338 0.9495 1.56490981878346
0.781563126252506 0.755838100287206 0.16017478923203 -0.0257250259652998 0.160836566192945 0.374461943357893 99.890875940672 0.0257250259652998 0.9479 1.56257782372591
-1.32264529058116 -1.35994590557039 0.161574967752463 -0.0373006149892239 0.162966303631037 0.813704935119283 99.0252402495441 0.0373006149892239 0.9449 1.55903998824119
-3.42685370741483 -3.49612254826068 0.168167851577807 -0.0692688408458459 0.172966023889934 2.93378419291347 95.1430362574216 0.0692688408458459 0.933 1.54083328552966
-9.63927855711423 -9.59956653969293 0.162309494878116 0.0397120174212997 0.163886539205786 1.05481851614357 98.5771042662351 0.0397120174212997 0.945 1.55709053310926
7.04408817635271 7.03033036088803 0.159292375950346 -0.0137578154646736 0.159481653436706 0.0976978911218112 100.44422970367 0.0137578154646736 0.949 1.56476938134515
2.88577154308617 2.86599965102287 0.159664198082862 -0.0197718920633019 0.160055125798625 0.214338765445056 100.210317604804 0.0197718920633019 0.9484 1.56384926407528
4.93987975951904 4.92366268205362 0.159426992141522 -0.0162170774654129 0.159689985743041 0.139921263059996 100.359417091661 0.0162170774654129 0.9487 1.56443689423264
-5.43086172344689 -5.51407076841627 0.102393414094043 -0.083209044969375 0.109317159258758 75.187969924812 156.260049941345 0.083209044969375 0.9615 1.25426991775534
-13.7975951903808 -13.7789878659428 0.159764501153649 0.0186073244379763 0.160110733676389 0.246929024110315 100.147403737783 0.0186073244379763 0.9484 1.56359371064275
-7.53507014028056 -7.44927984680362 0.173338993421583 0.085790293476939 0.180698967876442 4.94827065598439 92.3046781579372 0.085790293476939 0.921 1.52203620500972
-11.6933867735471 -11.6677683914911 0.160414587471381 0.0256183820559581 0.161070888970546 0.452476093361874 99.7415525122024 0.0256183820559581 0.9481 1.56196112232109
9.14829659318637 9.13512888498452 0.158744301705793 -0.0131677082018538 0.158917690245082 0.079978672354045 100.791019444927 0.0131677082018538 0.9495 1.56490997653548
0.831663326653308 0.806124125050653 0.160156702242296 -0.0255392016026544 0.160808953060797 0.368790484379247 99.9021569249976 0.0255392016026544 0.9479 1.56262302211136
-1.27254509018036 -1.30944470603176 0.161517459719388 -0.0368996158514048 0.16287904136937 0.795647861963197 99.060498027876 0.0368996158514048 0.945 1.55918689722242
-3.37675350701403 -3.4446341919216 0.167806353728698 -0.0678806849075717 0.172414141112219 2.81238773553614 95.3479987168309 0.0678806849075717 0.934 1.54193088463499
-9.58917835671343 -9.54893659721448 0.162395952366779 0.040241759498949 0.16401535157435 1.08244090412719 98.5246231006007 0.040241759498949 0.9451 1.55686399430543
2.93587174348697 2.91620652005076 0.159656344406952 -0.0196652234362187 0.160043065419749 0.211875286122705 100.215247063513 0.0196652234362187 0.9484 1.56386874989473
7.09418837675351 7.08047927020025 0.15928985994894 -0.0137091065532591 0.159477799551429 0.0969375202284297 100.445816231672 0.0137091065532591 0.9491 1.56477536089236
4.98997995991984 4.97383262235975 0.159422843987659 -0.0161473375600849 0.159683580497938 0.138619610280195 100.362028425729 0.0161473375600849 0.9487 1.56444715412589
-5.38076152304609 -5.47394624136105 0.107816062461951 -0.093184718314955 0.116499454189388 75.187969924812 148.400893472126 0.093184718314955 0.956 1.26411933202875
-13.74749498998 -13.7287634730113 0.159774321401152 0.0187315169686144 0.160125191129097 0.250030458859932 100.141248353846 0.0187315169686144 0.9484 1.56356918496411
-7.48496993987976 -7.39691784413598 0.17396099797919 0.088052095743782 0.181714169544062 5.23351842248426 91.9746390619925 0.088052095743782 0.9196 1.51921703854664
-11.6432865731463 -11.6174405384107 0.160438961061085 0.0258460347356255 0.161106978572641 0.460192181676803 99.7263999603449 0.0258460347356255 0.948 1.56189955056076
9.19839679358718 9.18519113637384 0.158740353670914 -0.0132056572133354 0.15891474305335 0.079978672354045 100.793526220622 0.0132056572133354 0.9495 1.56491009497273
0.881763527054108 0.856407352877799 0.160139022970541 -0.0253561741763094 0.1607819585394 0.363246853829317 99.9131860754723 0.0253561741763094 0.9478 1.56266719004503
-1.22244488977956 -1.25895229581461 0.161461836893823 -0.0365074060350492 0.162794627589231 0.778184759337833 99.0946238925895 0.0365074060350492 0.945 1.55932885235702
-9.53907815631263 -9.49829286763837 0.162485798841494 0.0407852886742592 0.164149238613737 1.11116136198167 98.4701439392132 0.0407852886742592 0.945 1.55662814751317
-3.32665330661323 -3.39319917581557 0.167463994446249 -0.0665458692023395 0.171892347154144 2.69835215399171 95.5429258265756 0.0665458692023395 0.9348 1.54295544726481
2.98597194388778 2.96641216811262 0.159648625400821 -0.0195597757751567 0.160031210229196 0.209454025225938 100.220092467628 0.0195597757751567 0.9485 1.56388789955598
7.14428857715431 7.13062778386709 0.159287327606921 -0.0136607932872197 0.159473944880157 0.0961859908226472 100.447413114267 0.0136607932872197 0.9491 1.56478126973959
5.04008016032064 5.02400191587155 0.159418753475415 -0.016078244449087 0.15967726341998 0.137336034166069 100.364603606485 0.016078244449087 0.9487 1.56445727091247
-5.33066132264529 -5.43269621509177 0.113647893659157 -0.102034892446477 0.124059012935721 66.3298567551394 140.785715289945 0.102034892446477 0.9482 1.2751073317003
-13.6973947895792 -13.6785375187369 0.159784327425652 0.0188572708422985 0.160139924089272 0.253190677836329 100.134977302106 0.0188572708422985 0.9484 1.5635441910607
-7.43486973947896 -7.34446218674139 0.174589859205993 0.0904075527375721 0.18276338479799 5.54400437009966 91.6433524419201 0.0904075527375721 0.918 1.51611947472724
-11.5931863727455 -11.5671088031737 0.160463960814849 0.0260775695718305 0.161144000449623 0.468107239785049 99.7108629174471 0.0260775695718305 0.9478 1.56183636941831
9.24849699398798 9.23525287792739 0.158737226203067 -0.0132441160605836 0.158912632813293 0.079978672354045 100.79551207183 0.0132441160605836 0.9495 1.56491018442841
0.93186372745491 0.906687846342512 0.160121739267812 -0.0251758811123983 0.160755564257597 0.35782724033686 99.9239708059828 0.0251758811123983 0.9478 1.56271035868788
-1.17234468937876 -1.2084683904848 0.161408018167498 -0.0361237011060462 0.162712939949097 0.761289880030112 99.1276652898141 0.0361237011060462 0.945 1.55946607505587
-9.48897795591182 -9.4476348108761 0.162579211702171 0.0413431450357251 0.164288467343616 1.1410387991109 98.4135661163766 0.0413431450357251 0.9446 1.55638247173149
-3.27655310621243 -3.34181472570022 0.167139731009249 -0.0652616194877993 0.17139880998742 2.59109576285491 95.7282861674258 0.0652616194877993 0.9359 1.54391342570381
3.03607214428858 3.01661661603555 0.159641038004471 -0.0194555282530295 0.160019555584075 0.20707402374434 100.224855713804 0.0194555282530295 0.9486 1.56390672075749
7.19438877755511 7.18077587976273 0.159284714290365 -0.0136128977923775 0.159470025276671 0.0954431663709627 100.449061112249 0.0136128977923775 0.9491 1.56478710750451
-13.6472945891784 -13.6283099735214 0.159794523939469 0.0189846156569455 0.160154939571111 0.256411175653561 100.128587673385 0.0189846156569455 0.9484 1.56351871691774
-5.28056112224449 -5.39030002824365 0.119754351466971 -0.109738905999163 0.131796978956864 56.8816305038123 133.606836027273 0.109738905999163 0.9406 1.28697558773618
5.09018036072144 5.07417057154092 0.159414719542036 -0.0160097891805258 0.159671032891641 0.136070201589824 100.367143297461 0.0160097891805258 0.9487 1.56446724724384
-7.38476953907816 -7.29191250418782 0.175216159076865 0.0928570348903381 0.183838588005491 5.88277562023681 91.3157786604659 0.0928570348903381 0.9157 1.51270980189395
-11.5430861723447 -11.5167730858657 0.16048960832297 0.0263130864789698 0.161181986843019 0.476228164349592 99.6949283333135 0.0263130864789698 0.9477 1.56177152213621
9.29859719438878 9.28531426435037 0.158734704143883 -0.0132829300384056 0.158911140374288 0.079978672354045 100.797113563125 0.0132829300384056 0.9495 1.56491025365825
0.981963927855713 0.956965666169351 0.160104839433665 -0.0249982616863617 0.160729752521005 0.352527973477372 99.9345182606374 0.0249982616863617 0.9479 1.56275255802906
-1.12224448897796 -1.15799271767263 0.161355926717451 -0.0357482286946735 0.162633862572258 0.744938855863936 99.1596672368748 0.0357482286946735 0.9452 1.55959877443277
-9.43887775551102 -9.39696185867004 0.162676379888849 0.0419158968409779 0.164433322296833 1.17213612390246 98.354782734483 0.0419158968409779 0.9445 1.55612640869716
-3.22645290581162 -3.29047822091171 0.166832534234445 -0.0640253151000878 0.17093177520811 2.49009306943435 95.9045552680732 0.0640253151000878 0.9366 1.5448105678253
3.08617234468938 3.06681988417604 0.159633579244275 -0.0193524605133435 0.160008096972196 0.204734349738224 100.229538645603 0.0193524605133435 0.9486 1.56392522097827
7.24448897795591 7.23092355637285 0.159282009618601 -0.0135654215830625 0.159466030281327 0.094708912964947 100.450766777188 0.0135654215830625 0.9491 1.56479287494744
-13.5971943887776 -13.5780808070152 0.159804915805153 0.0191135817624044 0.160170244812942 0.25969349471756 100.122076466712 0.0191135817624044 0.9484 1.56349275013196
-5.23046092184369 -5.34672313829529 0.125980711150204 -0.116262216451599 0.139497614124442 48.8311690505228 127.003569466468 0.116262216451599 0.9305 1.29956311811791
-7.33466933867735 -7.23927313880223 0.175819210351024 0.09539619987512 0.184919645301637 6.25334997927823 91.0025700152785 0.09539619987512 0.9138 1.50896086648305
5.14028056112225 5.12433859815539 0.159410741149136 -0.0159419629668562 0.159664887332373 0.134821787061206 100.369648147055 0.0159419629668562 0.9489 1.56447708571025
-11.4929859719439 -11.4664332831245 0.160515926111836 0.026552688819395 0.161220971395375 0.484562153299542 99.6785826027778 0.026552688819395 0.9477 1.56170494942459
9.34869739478958 9.33537528742444 0.158732842026162 -0.0133221073651431 0.158910320570811 0.079978672354045 100.798296028511 0.0133221073651431 0.9495 1.56491030233579
1.03206412825651 1.00724087130124 0.16008831219648 -0.0248232569552762 0.160704506282348 0.347345517566616 99.9448353254099 0.0248232569552762 0.9479 1.56279381693855
-1.07214428857715 -1.10752501644518 0.161305489739854 -0.035380727868026 0.162557285644325 0.729108610074235 99.1906724675279 0.035380727868026 0.945 1.55972714811925
-9.38877755511022 -9.34627341277497 0.162777504765513 0.0425041423352521 0.164584106881168 1.20452057352655 98.2936802173533 0.0425041423352521 0.9443 1.55585935961451
-3.17635270541082 -3.23918719046101 0.166541403911661 -0.0628344850501934 0.170489576423184 2.394868400104 96.072205614929 0.0628344850501934 0.9369 1.54565200687642
3.13627254509018 3.11702199243319 0.159626246230073 -0.0192505526569939 0.159996830007673 0.202434097426966 100.234143055264 0.0192505526569939 0.9487 1.56394340748539
7.29458917835671 7.28107079962078 0.159279175735004 -0.0135183787359345 0.159461922298652 0.0939830992609529 100.45255398998 0.0135183787359345 0.9491 1.56479857211203
-5.18036072144289 -5.30195415632729 0.132204434068007 -0.121593434884403 0.146989397474994 42.1147617821826 121.024685085596 0.121593434884403 0.9198 1.31284620297465
-13.5470941883768 -13.5278499880923 0.159815508041266 0.0192442002844597 0.160185847285854 0.263039227071154 100.115440585833 0.0192442002844597 0.9483 1.56346627789636
-7.28456913827655 -7.1865449757533 0.176389590485795 0.0980241625232559 0.185998326924181 6.65980523571031 90.7083006198627 0.0980241625232559 0.911 1.50482791327815
5.19038076152305 5.17450600434192 0.15940681728204 -0.0158747571811331 0.1596588251976 0.133590472518364 100.372118788942 0.0158747571811331 0.9489 1.5644867888425
-11.4428857715431 -11.4160892879902 0.160542937692875 0.0267964835528698 0.161260989223674 0.49311672175282 99.6618115373512 0.0267964835528698 0.9477 1.56163658932405
9.39879759519038 9.38543611372051 0.158731353992042 -0.0133614814698699 0.158909883179112 0.079978672354045 100.799240966609 0.0133614814698699 0.9495 1.56491033980752
1.08216432865731 1.05751351896419 0.160072146694769 -0.0246508096931266 0.160679809113296 0.342276465770453 99.9549286392049 0.0246508096931266 0.9479 1.56283416321699
-1.02204408817635 -1.05706503671713 0.161256638202663 -0.035020948540774 0.162483105039358 0.713777276103876 99.2207215673915 0.035020948540774 0.9452 1.55985138301668
-9.33867735470942 -9.29556884300223 0.162882801079368 0.0431085117071923 0.164741144860978 1.23826407586444 98.2301378290003 0.0431085117071923 0.9441 1.55558068154248
-3.12625250501002 -3.18793930760274 0.166265379029303 -0.0616868025927206 0.170070640643416 2.30499035225724 96.231699548107 0.0616868025927206 0.9372 1.54644233870337
3.18637274549098 3.16722296026148 0.159619036152376 -0.0191497852295033 0.159985750426712 0.200172386313014 100.238670685407 0.0191497852295033 0.9487 1.56396128734117
-5.13026052104208 -5.25599647562007 0.138256613406256 -0.12573595457799 0.154066143679894 36.4742830840472 115.726832921802 0.12573595457799 0.9083 1.32658373593936
7.34468937875751 7.33121758342199 0.159276153638339 -0.0134717953355246 0.159457642907901 0.0932655964213822 100.454459971017 0.0134717953355246 0.9491 1.56480419837712
-13.496993987976 -13.4776174848262 0.159826305828415 0.0193765031497541 0.160201754702727 0.266450016322921 100.108676835572 0.0193765031497541 0.9484 1.56343928698433
-7.23446893787575 -7.13373241382037 0.176910999499648 0.100736524055385 0.187058846778409 7.1068886821181 90.4409564428009 0.100736524055385 0.9091 1.50026508995499
5.24048096192385 5.22467279857048 0.159402946949128 -0.0158081633533627 0.159652844977735 0.132375947125375 100.374555842473 0.0158081633533627 0.9489 1.5644963591135
-11.3927855711423 -11.3657409897484 0.160570667614499 0.0270445813938398 0.161302076997267 0.501899718929032 99.6446003351815 0.0270445813938398 0.9478 1.56156637705962
9.44889779559118 9.43549675617338 0.158730235436116 -0.0134010394178059 0.158909823293593 0.079978672354045 100.799951288673 0.0134010394178059 0.9495 1.56491036687977
1.13226452905812 1.10778366472924 0.16005633245943 -0.0244808643288725 0.160655645177719 0.337317534512977 99.9648046043761 0.0244808643288725 0.9479 1.56287362364296
-0.97194388777555 -1.00661253869713 0.16120930661561 -0.0346686509215814 0.162411221972332 0.698924122291203 99.249853100297 0.0346686509215814 0.9455 1.55997165599128
-9.28857715430862 -9.24484748511521 0.162992498002217 0.043729669193409 0.164904781969982 1.27344364718852 98.164027155301 0.043729669193409 0.9439 1.55528968339745
-3.07615230460922 -3.13673238342331 0.166003544034637 -0.0605800788140871 0.169673489983759 2.2200669521849 96.3834844192334 0.0605800788140871 0.9378 1.5471856881646
3.23647294589178 3.2174228066831 0.15961194627968 -0.0190501392086815 0.15997485408355 0.1979483603399 100.243123230663 0.0190501392086815 0.9487 1.56397886741003
-5.08016032064128 -5.20896633912724 0.144054325978164 -0.12880601848596 0.16064531637637 31.8498825049683 111.069208726333 0.12880601848596 0.8933 1.34047200740794
-13.4468937875751 -13.4273832644635 0.15983731451557 0.0195105231116663 0.160217975027661 0.269927559663778 100.101781918023 0.0195105231116663 0.9484 1.56341176373302
7.39478957915832 7.38136390566335 0.159272938492702 -0.0134256734949671 0.159453187201495 0.0925562780575433 100.456487783913 0.0134256734949671 0.9491 1.5648097544362
-7.18436873747495 -7.08084717850334 0.177353288159215 0.10352155897161 0.188070001331127 7.60015221654072 90.2154122208119 0.10352155897161 0.907 1.49523335471173
-11.3426853707415 -11.3153882737645 0.160599141517257 0.0272970969769748 0.161344273020627 0.510919346123124 99.6269335492104 0.0272970969769748 0.9478 1.56149424488527
9.49899799599199 9.48555728924708 0.158729348372606 -0.0134407067449054 0.158910000970408 0.079978672354045 100.800514612088 0.0134407067449054 0.9495 1.56491038772774
5.29058116232465 5.2748389891577 0.159399129181217 -0.0157421731669452 0.159646945197235 0.131177907076207 100.376959913062 0.0157421731669452 0.9489 1.56450579893991
1.18236472945892 1.15805136257175 0.160040859396886 -0.0243133668871702 0.160631999206276 0.332465558165431 99.9744693967281 0.0243133668871702 0.9479 1.56291222401789
-0.921843687374748 -0.956167292367487 0.161163432816182 -0.0343236049927391 0.16234154267588 0.684529481965363 99.2781037262284 0.0343236049927391 0.9455 1.56008813451692
-9.23847695390782 -9.19410863856367 0.163106840260993 0.0443683153441441 0.16507538766747 1.3101418296822 98.0952115459894 0.0443683153441441 0.944 1.55498562152356
3.28657314629259 3.26762155029989 0.159604973955887 -0.0189515959926987 0.159964136946558 0.195761187082731 100.247502339258 0.0189515959926987 0.9487 1.56399615436514
-3.02605210420842 -3.08556435986784 0.165755032172531 -0.0595122556594205 0.169296740746203 2.13974141830555 96.5279894690974 0.0595122556594205 0.9383 1.54788576629784
-5.03006012024048 -5.16096149348804 0.149513076216798 -0.130901373247562 0.166648245734895 28.0021412715482 107.014051244586 0.130901373247562 0.8748 1.35430111096815
-13.3967935871743 -13.3771472933971 0.159848539626662 0.0196462937772122 0.160234516485842 0.273473609976314 100.094752428575 0.0196462937772122 0.9484 1.56338369402591
-7.13426853707415 -7.02789343109051 0.177707384864132 0.106375105983638 0.189023048037162 8.14612000748031 90.0356505287214 0.106375105983638 0.9048 1.48965945500408
7.44488977955912 7.43150972435907 0.159269451045623 -0.013380055200046 0.159448476922779 0.0918550201739805 100.458687431633 0.013380055200046 0.9491 1.56481523874759
9.54909819639279 9.53561767524439 0.158728785967408 -0.013480521148395 0.158910510417841 0.079978672354045 100.800871766796 0.013480521148395 0.9493 1.56491040031019
-11.2925851703407 -11.2650310213092 0.160628386192424 0.0275541490315074 0.161387617321274 0.520184175816745 99.6087950534029 0.0275541490315074 0.9478 1.56142012191838
5.34068136272545 5.32500458427022 0.15939536303095 -0.0156767784552265 0.159641124413684 0.12999605540471 100.379331592559 0.0156767784552265 0.949 1.56451511068363
1.23246492985972 1.2083166649281 0.160025717773061 -0.024148264931618 0.160608856472268 0.327717484000232 99.9839289750306 0.024148264931618 0.9479 1.56294998920857
-0.871743486973948 -0.905729076994683 0.161118957770369 -0.033985590020735 0.162273978099427 0.670574688510499 99.3055083114651 0.033985590020735 0.9455 1.56020097727015
-9.18837675350701 -9.14335156404359 0.163226089365011 0.0450251894634253 0.165253357051228 1.34844717341981 98.023545514347 0.0450251894634253 0.944 1.55466769477617
3.33667334669339 3.31781920930484 0.159598116597821 -0.0188541373885465 0.159953595094487 0.193610056969895 100.251809614516 0.0188541373885465 0.9487 1.5640131546948
-2.97595190380762 -3.03443330251605 0.165519026730775 -0.0584813987084325 0.16893910072567 2.06368844497525 96.6656239830651 0.0584813987084325 0.9385 1.54854591960782
-4.97995991983968 -5.11208234550982 0.154572031736796 -0.132122425670144 0.172028367101759 24.7630126642085 103.511610866606 0.132122425670144 0.855 1.36794798635155
-7.08416833667335 -6.97489939790179 0.177917388584988 0.109268938771552 0.18985708956525 8.75249789917235 89.9293774894693 0.109268938771552 0.9016 1.48351412857372
-13.3466933867735 -13.3269095371386 0.159859986867487 0.0197838496349902 0.160251387573867 0.277089978041623 100.087584851755 0.0197838496349902 0.9484 1.56335506327461
7.49498997995992 7.4816549831867 0.159265589020588 -0.0133349967732217 0.15944341115953 0.0911617011143591 100.461123450413 0.0133349967732217 0.949 1.56482064902461
9.59919839679359 9.58567797706758 0.158728417162301 -0.0135204197260048 0.158911218911869 0.079978672354045 100.801105977387 0.0135204197260048 0.9493 1.56491040815787
-11.2424849699399 -11.214669109375 0.160658429644265 0.0278158605649086 0.161432151743231 0.529703172010223 99.5901680069183 0.0278158605649086 0.9478 1.56134393396316
5.39078156312625 5.37516959192812 0.159391647572211 -0.0156119711981324 0.159635381216903 0.128830101800837 100.381671459612 0.0156119711981324 0.949 1.56452429665331
1.28256513026052 1.25857962275012 0.160010898198151 -0.0239855075104014 0.160586202768683 0.323070367395019 99.9931890900719 0.0239855075104014 0.948 1.56298694318761
-0.821643286573146 -0.855297680668816 0.161075825387027 -0.0336543940956702 0.162208443628974 0.657042014999305 99.3321000314964 0.0336543940956702 0.9456 1.56031033468152
-9.13827655310621 -9.09257548086813 0.163350524937877 0.0457010722380797 0.165439112941588 1.38845476803768 97.9488740919862 0.0457010722380797 0.9438 1.55433503905564
3.38677354709419 3.36801580149331 0.159591371692838 -0.0187577456008792 0.159943224712865 0.19149418253437 100.256046616323 0.0187577456008792 0.9487 1.56402987470853
-2.92585170340681 -2.98333739332968 0.165294760825754 -0.0574856899228688 0.168599365371663 1.99161093519908 96.7967763773614 0.0574856899228688 0.9392 1.54916917264932
-4.92985971943888 -5.06245924103299 0.159196532308563 -0.132599521594116 0.176779165435551 22.0409684269716 100.504701754357 0.132599521594116 0.8373 1.38114978730139
-7.03406813627254 -6.9218838775912 0.177954402998605 0.112184258681343 0.190539710894488 9.42843670601943 89.9106722306018 0.112184258681343 0.8974 1.47673056710622
-13.2965931863727 -13.2766699602885 0.15987166213293 0.0199232260842415 0.160268597070534 0.280778534848679 100.08027555688 0.0199232260842415 0.9484 1.56332585639971
7.54509018036072 7.53179954548706 0.159261124780874 -0.013290634873659 0.159437765756218 0.0904762015086362 100.463939470566 0.013290634873659 0.949 1.56482597857029
-11.1923847695391 -11.1643024104826 0.160689301156246 0.02808235905648 0.161477920046423 0.539485711865098 99.571034816079 0.02808235905648 0.9478 1.56126560332243
9.64929859719439 9.63573823927001 0.158728143349839 -0.0135603579243782 0.158912026656876 0.079978672354045 100.801279863368 0.0135603579243782 0.9493 1.56491041376549
5.44088176352706 5.42533402000816 0.159387981899556 -0.015547743518896 0.159629714228086 0.127679762432287 100.383980080022 0.015547743518896 0.949 1.56453335910577
1.33266533066132 1.3088402855571 0.159996391612137 -0.0238250451042215 0.160564024386355 0.318521367272446 100.002255293277 0.0238250451042215 0.9481 1.56302310907183
-9.08817635270541 -9.04177956413431 0.16348044616235 0.0463967885710996 0.165633108152062 1.43026683002939 97.8710321362263 0.0463967885710996 0.9437 1.55398672121942
-0.771543086172345 -0.804872899869926 0.161033982344837 -0.033329813697581 0.162144858825953 0.643914618032632 99.357910467231 0.033329813697581 0.9459 1.56041634944678
3.43687374749499 3.41821134427377 0.159584736796532 -0.0186624032212164 0.159933022090523 0.189412797693578 100.260214862526 0.0186624032212164 0.9488 1.56404632054298
-2.87575150300601 -2.93227492352633 0.165081516201431 -0.056523420520322 0.168276413268748 1.92323712145691 96.9218139508539 0.056523420520322 0.9396 1.54975826490504
-4.87975951903808 -5.01213804448772 0.163300774721455 -0.132378525449642 0.180824848721676 19.7351309598106 97.9787145975978 0.132378525449642 0.842 1.39392506602842
-6.98396793587174 -6.86890193760919 0.177728545124936 0.11506599826255 0.190968729081093 10.1848656078793 90.0249309347167 0.11506599826255 0.8931 1.46932484228179
-13.2464929859719 -13.2264285265069 0.159883571514526 0.0200644594650434 0.16028615404815 0.284541214011988 100.072820793513 0.0200644594650434 0.9484 1.56329605781085
-11.1422845691383 -11.1139307924768 0.160721031361473 0.0283537766614934 0.161524968012442 0.549541608754545 99.5513770939841 0.0283537766614934 0.9478 1.56118504859673
7.59519038076152 7.58194330501989 0.159255904591429 -0.0132470757416296 0.159431389607134 0.0897984042217885 100.467232540282 0.0132470757416296 0.949 1.56483122233621
9.69939879759519 9.68579848674 0.158727906542407 -0.0136003108551872 0.158912874997765 0.079978672354045 100.801430249603 0.0136003108551872 0.9493 1.56491041852441
5.49098196392786 5.47549787624698 0.159384365127661 -0.0154840876808748 0.15962412209897 0.126544759771917 100.38625800708 0.0154840876808748 0.949 1.56454230024739
1.38276553106212 1.35909870148573 0.159982189271 -0.0236668295763935 0.160542308093198 0.314067741763068 100.011132944912 0.0236668295763935 0.9481 1.56305850915872
-9.03807615230461 -8.99096294166871 0.163616173346659 0.0471132106358976 0.165835827963082 1.47399335240524 97.7898435877745 0.0471132106358976 0.943 1.55362173228984
-0.721442885771543 -0.754454539059415 0.160993377930902 -0.0330116532878721 0.162083147183701 0.63117648545353 99.3829696949845 0.0330116532878721 0.9459 1.56051915700141
3.48697394789579 3.46840585467829 0.159578209530524 -0.0185680932174965 0.159922983616258 0.187365157056419 100.264315830286 0.0185680932174965 0.9488 1.56406249816757
-2.82565130260521 -2.88124428668334 0.164878621388038 -0.0555929840781308 0.167969201266749 1.85831802294302 97.0410831028503 0.0555929840781308 0.9399 1.55031568280364
-4.82965931863727 -4.96115966526858 0.166808607320633 -0.131500346631307 0.184100948484787 17.7697596000606 95.9183117526149 0.131500346631307 0.8494 1.40629283190192
-6.93386773547094 -6.81598939686337 0.177199764804673 0.117878338607577 0.191095067517555 11.0349174582353 90.2935735701274 0.117878338607577 0.8877 1.46125802554179
-13.1963927855711 -13.1761851984814 0.159895721308373 0.0202075870897414 0.160304067884363 0.288380014303108 100.065216686709 0.0202075870897414 0.9484 1.56326565138574
-11.0921843687375 -11.0635541183109 0.160753652317664 0.028630250426561 0.161573343557152 0.559881136827066 99.5311756175997 0.028630250426561 0.9477 1.5611021844698
7.64529058116232 7.63208624051606 0.159249932916673 -0.0132043406462641 0.159424287528576 0.0891281943037328 100.470999936759 0.0132043406462641 0.949 1.56483638003205
9.74949899799599 9.73585870179273 0.158727754926243 -0.0136402962032651 0.158913812606755 0.079978672354045 100.801526534757 0.0136402962032651 0.9493 1.56491042145934
5.54108216432866 5.52566116824421 0.15938079639079 -0.0154209960844485 0.159618603511027 0.125424822430482 100.388505781896 0.0154209960844485 0.949 1.56455112223547
-8.98797595190381 -8.94012469073472 0.163758049620828 0.0478512611690842 0.166047792816299 1.51975282438786 97.7051206767978 0.0478512611690842 0.9429 1.55323897986197
1.43286573146293 1.40935491733791 0.159968282733609 -0.0235108141250142 0.16052104111443 0.309706844078299 100.019827221902 0.0235108141250142 0.9482 1.56309316496113
-0.671342685370741 -0.704042410294941 0.1609539638901 -0.0326997249241998 0.162023235900218 0.618812387633724 99.4073063706893 0.0326997249241998 0.9459 1.56061888596131
3.53707414829659 3.51859934937263 0.159571787580333 -0.018474798923966 0.159913105775614 0.185350535256397 100.268350957372 0.018474798923966 0.9488 1.56407841338997
-2.77555110220441 -2.83024397213782 0.164685449470308 -0.0546928699334095 0.167676759491861 1.79662519512345 97.1549098688572 0.0546928699334095 0.9402 1.55084368759128
-4.77955911823647 -4.90963667564572 0.169739586302806 -0.13007755740925 0.186659757244363 16.0763112309892 94.2620419226008 0.13007755740925 0.8573 1.41814073966439
-6.88376753507014 -6.7631707012939 0.176357871323094 0.120596833776241 0.190901467639948 11.9944756041514 90.7246151247054 0.120596833776241 0.8826 1.45243523198573
-13.1462925851703 -13.1259399378947 0.159908118023423 0.0203526472756135 0.160322348274549 0.292297002302547 100.057459232034 0.0203526472756135 0.9484 1.56323462044815
-11.0420841683367 -11.0131722458197 0.160787197587004 0.028911922516933 0.161623096850629 0.570515057198534 99.5104102821506 0.028911922516933 0.9475 1.56101692147937
7.69539078156313 7.68222820667544 0.159243039704728 -0.0131625748876862 0.159416293082402 0.0884654589406111 100.475349061834 0.0131625748876862 0.949 1.56484144450699
9.79959919839679 9.78591890087569 0.158727646104364 -0.0136802975211072 0.15891479664463 0.079978672354045 100.801595643143 0.0136802975211072 0.9493 1.56491042349469
5.59118236472946 5.57582390346546 0.159377274842275 -0.0153584612640012 0.159613157174672 0.124319684994362 100.390723933724 0.0153584612640012 0.9491 1.56455982717953
-8.93787575150301 -8.88926383448259 0.163906442771302 0.0486119170204109 0.166269561247702 1.56767302989189 97.6166630760494 0.0486119170204109 0.9424 1.55283727960114
1.48296593186373 1.45960897862663 0.159954663849237 -0.0233569532370947 0.160500211113757 0.305436118582378 100.028343125278 0.0233569532370947 0.9482 1.56312709724022
-0.62124248496994 -0.653636332867209 0.160915694284407 -0.0323938478972688 0.161965055665999 0.606807832056006 99.4309478087396 0.0323938478972688 0.946 1.56071565853246
3.5871743486974 3.568791844666 0.159565468693329 -0.018382504031393 0.159903385147793 0.183368226309639 100.272321643417 0.018382504031393 0.9488 1.56409407186129
-2.72545090180361 -2.77927255872154 0.164501415642856 -0.0538216569179379 0.167398186396248 1.73794873390048 97.2636006655234 0.0538216569179379 0.9405 1.55134433965765
-4.72945891783567 -4.85768368529524 0.172131220485215 -0.128224767459567 0.188572811475276 14.6102665874942 92.9523415618508 0.128224767459567 0.8645 1.42931686395446
-6.83366733466934 -6.71051809216518 0.175126042365664 0.123149242504161 0.190291778295013 13.0828827399414 91.362768117559 0.123149242504161 0.8769 1.44286405797913
-13.0961923847695 -13.0756927053907 0.15992076839016 0.0204996793788883 0.160341005244798 0.296294315178052 100.049544290362 0.0204996793788883 0.9484 1.56320294774491
-10.9919839679359 -10.9627850274794 0.160821702321221 0.0291989404565047 0.161674280445003 0.581454645896464 99.489060052617 0.0291989404565047 0.9473 1.56092916577207
7.74549098196393 7.73236895475123 0.15923493666883 -0.0131220272127024 0.159407124267001 0.0878100874073198 100.480461981004 0.0131220272127024 0.9491 1.56484640293449
9.8496993987976 9.83597908331611 0.158727584144259 -0.013720315481482 0.15891583120117 0.079978672354045 100.801634991549 0.013720315481482 0.9493 1.56491042460153
5.64128256513026 5.62598608924528 0.159373799654015 -0.0152964758849832 0.159607781828515 0.123229087868516 100.392912980267 0.0152964758849832 0.9491 1.56456841714258
-8.88777555110221 -8.83837933812281 0.164061747221548 0.0493962129793974 0.166501733078254 1.61789193478218 97.5242570005896 0.0493962129793974 0.942 1.5524153457023
1.53306613226453 1.50986092961996 0.159941324745666 -0.0232052026445719 0.160479806175442 0.301253097052395 100.036685487273 0.0232052026445719 0.9482 1.56316032603685
-0.571142284569138 -0.603236132957252 0.160878525361444 -0.0320938483881141 0.161908540465804 0.595149020940795 99.4539200558493 0.0320938483881141 0.9462 1.56080959089208
3.6372745490982 3.61898335652061 0.159559250676762 -0.0182911925775926 0.159893818402672 0.181417542996783 100.276229251121 0.0182911925775926 0.9488 1.56410947908115
-2.67535070140281 -2.72832870884994 0.164325974677104 -0.0529780074471309 0.167132643950172 1.6820955020489 97.3674431655713 0.0529780074471309 0.941 1.55181951982333
-4.67935871743487 -4.80541976946458 0.174059300290516 -0.126061052029709 0.189950689129353 13.333249589652 91.9226951578857 0.126061052029709 0.8723 1.43972942815271
-6.78356713426854 -6.65811767612345 0.173426580261468 0.125449458145084 0.189164146810363 14.3238677757129 92.2580608801574 0.125449458145084 0.87 1.43259235735293
-13.0460921843687 -13.0254434605386 0.1599336793697 0.0206487238301296 0.160360049165513 0.300374163596921 100.041467582414 0.0206487238301296 0.9485 1.56317061542175
-10.9418837675351 -10.9123923101537 0.160857203352294 0.0294914573813791 0.161726949410772 0.592711723691963 99.4671029121296 0.0294914573813791 0.9473 1.56083881884122
7.79559118236473 7.7825082823297 0.159225444652274 -0.0130829000350339 0.159396606925601 0.087161971021338 100.486451992279 0.0130829000350339 0.9491 1.56485124512376
9.8997995991984 9.88603925789372 0.15872754502768 -0.0137603413046818 0.158916892020502 0.079978672354045 100.801659832953 0.0137603413046818 0.9493 1.56491042526695
-8.8376753507014 -8.78747010480255 0.164224386165059 0.0502052458988498 0.166744952880823 1.67055867435145 97.4276742548982 0.0502052458988498 0.9417 1.55197178016231
5.69138276553106 5.67614773279002 0.159370370015993 -0.0152350327410442 0.159602476238614 0.122152777123993 100.39507342798 0.0152350327410442 0.9491 1.56457689414232
1.58316633266533 1.56011081338323 0.159928257817863 -0.0230555192821009 0.16045981478723 0.297155395115873 100.044858978092 0.0230555192821009 0.9482 1.56319287070139
-0.521042084168336 -0.552841643312884 0.160842415431567 -0.0317995591445484 0.161853627393355 0.583822811685664 99.4762479602741 0.0317995591445484 0.9463 1.56090079354349
3.687374749499 3.66917390056075 0.15955313139586 -0.018200848938251 0.159884402297933 0.179497816267791 100.280075107414 0.018200848938251 0.9488 1.56412464040254
-2.625250501002 -2.67741116297061 0.164158618385296 -0.0521606619686086 0.166879353042299 1.62888755012812 97.4667072455889 0.0521606619686086 0.9411 1.55227094801582
-4.62925851703407 -4.75288491736085 0.175512795572238 -0.123626400326782 0.190796282429995 12.2145348517444 91.1614446561232 0.123626400326782 0.8777 1.44945269939756
-6.73346693386774 -6.60603217425224 0.17123689796006 0.127434759615496 0.187476515918319 15.7467687750247 93.4378056984653 0.127434759615496 0.8633 1.42161510311155
-12.9959919839679 -12.9751921617969 0.159946858163325 0.0207998221710817 0.160379490765673 0.304538834779216 100.033224683051 0.0207998221710817 0.9485 1.56313760499792
-10.8917835671343 -10.8619939348264 0.160893739289216 0.0297896323078479 0.161781161482252 0.604298687966526 99.4445158070389 0.0297896323078479 0.9472 1.5607457772461
7.84569138276553 7.83264613171798 0.159214600394734 -0.0130452510475543 0.159384778969628 0.0865210030976371 100.493296219894 0.0130452510475543 0.9491 1.56485596893824
9.9498997995992 9.93609942897729 0.158727516250467 -0.0138003706219063 0.158917966479769 0.079978672354045 100.80167810824 0.0138003706219063 0.9492 1.56491042573475
-8.7875751503006 -8.73653497116468 0.164394813855242 0.0510401791359207 0.166999913741469 1.72583465414098 97.3266712299622 0.0510401791359207 0.9414 1.5515050606922
5.74148296593187 5.72630884118061 0.159366985135798 -0.0151741247512538 0.159597239197765 0.121090504350221 100.397205772364 0.0151741247512538 0.9491 1.56458526015237
1.63326653306613 1.61035867181958 0.159915455717183 -0.0229078612465534 0.160440225824074 0.293140708856711 100.052868112365 0.0229078612465534 0.9481 1.56322474992216
-0.470941883767535 -0.502452702943081 0.160807324752891 -0.0315108191755455 0.161800256478005 0.572816679906772 99.497955236721 0.0315108191755455 0.9463 1.56098937164669
3.7374749498998 3.71936349208176 0.159547108772007 -0.0181114578180415 0.159875133676301 0.177608394668646 100.283860504574 0.0181114578180415 0.9488 1.56413956103648
-2.5751503006012 -2.62651873436767 0.163998873139056 -0.0513684337664704 0.166637589126676 1.57816070791741 97.5616459659053 0.0513684337664704 0.9413 1.55270019969618
-6.68336673346693 -6.55431458608459 0.168560655553036 0.129052147382342 0.185215112297029 17.3881618016421 94.9213204439976 0.129052147382342 0.8556 1.40986321599089
-12.9458917835671 -12.9249387664741 0.15996031222248 0.0209530170930439 0.160399341147781 0.308790695699976 100.024811015288 0.0209530170930439 0.9485 1.56310389733957
7.89579158316633 7.88278222845057 0.159202223396929 -0.0130093547157593 0.159371466707049 0.0858870789047401 100.501108958185 0.0130093547157593 0.9491 1.56486056026401
10 9.98615960003134 0.158727487578998 -0.0138403999686574 0.15891904425029 0.079978672354045 100.801696316379 0.0138403999686574 0.9492 1.56491042619752
5.79158316633266 5.77646942137528 0.159363644238175 -0.0151137449573797 0.159592069524811 0.120042026511769 100.399310498243 0.0151137449573797 0.9491 1.5645935171034
-0.420841683366733 -0.452069156829156 0.160773215423662 -0.0312274734624228 0.161748370522509 0.562118684888297 99.5190645272444 0.0312274734624228 0.9465 1.56107542532666
-2.5250501002004 -2.57565030431148 0.163846297479739 -0.0506002041110829 0.166406678135823 1.52976332568456 97.6524965538418 0.0506002041110829 0.9417 1.55310872034233
5.84168336673347 5.82662948021222 0.159360346564574 -0.0150538865212431 0.159586966063968 0.119007105809359 100.401388080044 0.0150538865212431 0.9491 1.56460166688423
