-6.63326653306613 -6.6345340049846 0.159011604222602 -0.00126747191846288 0.159013210707666 2.83940888598175e-06 100.621587199394 0.00126747191846288 0.949 1.56544860672663
7.94589178356713 7.94463698127869 0.158981392827267 -0.00125480228844754 0.15898296735605 7.05245491305605e-23 100.64070842167 0.00125480228844754 0.9499 1.56554719078629
3.7875751503006 3.77494867149734 0.170335995356222 -0.0126264788032588 0.170495423323191 0.47319060305466 93.9319957977137 0.0126264788032588 0.9449 1.59290151823188
-2.4749498997996 -2.47620470166219 0.158981393871178 -0.00125480186259397 0.158982968398893 1.84813098795752e-12 100.640707760838 0.00125480186259397 0.9496 1.56542587249565
-0.370741482965931 -0.370748114796257 0.160772558063689 -6.63183032578729e-06 0.16077255810767 0.0109185083104046 99.5194714365475 6.63183032578729e-06 0.9494 1.57030327427946
-10.8416833667335 -10.718848801309 0.171430606641695 0.122834565424427 0.186518937104702 45.7226613780731 93.3322252860099 0.122834565424427 0.9111 1.56268988026475
-4.57915831663327 -4.58041311892198 0.158981392828176 -0.00125480228871133 0.15898296735696 1.62077412075699e-18 100.640708421095 0.00125480228871133 0.949 1.56554462135367
-12.8957915831663 -12.8968631900542 0.159313308133677 -0.00107160688783914 0.159314456474999 0.000293860721768899 100.431032331428 0.00107160688783914 0.9491 1.56631417522809
1.68336673346693 1.72094235565865 0.129699363810931 0.0375756221917194 0.131111291194026 36.524334147983 123.362208802535 0.0375756221917194 0.9629 1.48610103567737
5.89178356713427 5.89052859919889 0.158981859843715 -0.00125496793538105 0.158983434788234 3.66647691589548e-09 100.640412785009 0.00125496793538105 0.9487 1.56541910771812
-8.7374749498998 -8.82304650266225 0.202988190676745 -0.0855715527624525 0.210310681318922 13.858679994316 78.8223194002439 0.0855715527624525 0.9138 1.64771153180496
-15 -15.0012548022852 0.158981392835606 -0.00125480228518882 0.158982967364381 1.55871061904294e-15 100.640708416391 0.00125480228518882 0.9496 1.56552784151162
-6.58316633266533 -6.58443030764619 0.159003682451929 -0.00126397498086472 0.159005280084681 1.66866506131942e-06 100.626600297998 0.00126397498086472 0.9488 1.56544702506366
-10.7915831663327 -10.6678277628093 0.16478230699082 0.123755403523349 0.180097706892047 50.0071606188065 97.0978031087484 0.123755403523349 0.9146 1.54663332132231
3.8376753507014 3.82667090704639 0.169127518339651 -0.0110044436550103 0.169248616119807 0.356628010872152 94.6031737299422 0.0110044436550103 0.9455 1.59025381244689
7.99599198396794 7.99473718167949 0.158981392827267 -0.00125480228844754 0.15898296735605 2.76865384692233e-23 100.64070842167 0.00125480228844754 0.9499 1.56554720493562
-2.4248496993988 -2.42610450099217 0.158981394522468 -0.00125480159337332 0.158982969049507 3.7086941377308e-12 100.640707348549 0.00125480159337332 0.9496 1.56540096873985
-0.320641282565131 -0.320338621538088 0.161159579251627 0.000302661027042128 0.161159670855324 0.0157599903872574 99.2804776129279 0.000302661027042128 0.9497 1.57130033236718
-4.52905811623246 -4.53031291852106 0.158981392827782 -0.00125480228859676 0.158982967356566 7.08795489211977e-19 100.640708421344 0.00125480228859676 0.949 1.56556110151953
5.94188376753507 5.94062885086501 0.158981719783438 -0.00125491667006195 0.158983294599287 1.98538785166792e-09 100.640501447556 0.00125491667006195 0.9487 1.56542582765923
-12.8456913827655 -12.8467018353315 0.159416878408931 -0.00101045256595533 0.159417899423319 0.000461290134638548 100.365784098201 0.00101045256595533 0.9493 1.56657277337183
-8.687374749499 -8.76638131963532 0.203441780747884 -0.0790065701363218 0.20968381887259 11.3954192596982 78.6465785994472 0.0790065701363218 0.9167 1.65060398769602
1.73346693386774 1.76572786710741 0.127044726922873 0.0322609332396757 0.128085494736368 37.2387303792585 125.93989839274 0.0322609332396757 0.9649 1.48000837780006
-14.9498997995992 -14.9511546018819 0.158981392841899 -0.00125480228270902 0.158982967370668 3.3958970505417e-15 100.640708412407 0.00125480228270902 0.9496 1.56555572357536
-6.53306613226453 -6.53432754508883 0.158997754606233 -0.00126141282430403 0.158999345768547 9.73032468556909e-07 100.630351916761 0.00126141282430403 0.949 1.56544004639744
-10.7414829659319 -10.6179279781655 0.157850790384661 0.123554987766409 0.173116625386618 54.1828106173505 101.36154504523 0.123554987766409 0.9171 1.5299311242131
3.88777555110221 3.87821317721298 0.167974812491715 -0.00956237388922521 0.168066251486112 0.266607336239919 95.2523760119644 0.00956237388922521 0.9465 1.58767732651581
8.04609218436874 8.04483738208029 0.158981392827267 -0.00125480228844665 0.15898296735605 1.07842628804805e-23 100.64070842167 0.00125480228844665 0.9499 1.56554398507353
-2.374749498998 -2.37600430015994 0.158981395560134 -0.00125480116194421 0.15898297008609 7.38418805618177e-12 100.640706691671 0.00125480116194421 0.9496 1.56538951468971
-0.270541082164328 -0.269864150987064 0.161611728836917 0.000676931177263917 0.161612187072736 0.0225701007080271 99.0027154288143 0.000676931177263917 0.9494 1.57242463747076
-4.47895791583166 -4.48021271812019 0.158981392827557 -0.00125480228853103 0.15898296735634 3.11598488859406e-19 100.640708421487 0.00125480228853103 0.949 1.56554992884253
-6.48296593186373 -6.48422547635409 0.158993342209589 -0.00125954449036225 0.158994928661912 5.62988083942119e-07 100.633144618775 0.00125954449036225 0.949 1.56544108957281
5.99198396793587 5.99072908706843 0.158981620415398 -0.00125488086744152 0.15898319514139 1.06668264017827e-09 100.640564350735 0.00125488086744152 0.9487 1.56540252129792
-8.6372745490982 -8.70971482499761 0.203211003010772 -0.0724402758994156 0.208458596583155 9.26730880582511 78.7358940359735 0.0724402758994156 0.9184 1.65207598400065
-12.7955911823647 -12.796522038395 0.159548948854549 -0.000930856030249672 0.159549815347498 0.000718619364618152 100.282703927973 0.000930856030249672 0.9494 1.56688949496576
1.78356713426854 1.81009165895092 0.124770646072589 0.0265245246823791 0.125474196482216 37.8244125501341 128.235290139409 0.0265245246823791 0.9654 1.47477825961551
-10.6913827655311 -10.5691989795107 0.150758174045347 0.122183786020324 0.165687051611608 58.1799088066879 106.130232084048 0.122183786020324 0.9228 1.5128353379051
-14.8997995991984 -14.9010544014768 0.158981392852752 -0.00125480227841912 0.15898296738151 7.34069305917801e-15 100.640708405538 0.00125480227841912 0.9496 1.56559350627988
3.93787575150301 3.92958529044713 0.166890874492257 -0.0082904610558745 0.166959606236776 0.19771059185514 95.871029789243 0.0082904610558745 0.9468 1.58519305681973
8.09619238476954 8.09493758248109 0.158981392827267 -0.00125480228844665 0.15898296735605 4.16778907954175e-24 100.64070842167 0.00125480228844665 0.9499 1.56554403866245
-6.43286573146293 -6.43412392001693 0.158990075157981 -0.00125818855400173 0.158991658196419 3.23207890552371e-07 100.635212506828 0.00125818855400173 0.949 1.56543071232758
-2.32464929859719 -2.32590409907273 0.158981397201121 -0.00125480047553461 0.158982971725354 1.45874016541267e-11 100.64070565287 0.00125480047553461 0.9496 1.56537769585445
-4.42885771543086 -4.43011251771936 0.158981392827428 -0.00125480228849373 0.158982967356212 1.42509850163139e-19 100.640708421568 0.00125480228849373 0.949 1.56554514713478
-10.6412825651303 -10.5216712768945 0.143627212946174 0.119611288235772 0.157934073219595 61.9658896452481 111.399502028882 0.119611288235772 0.9294 1.49549473973465
-0.220440881763526 -0.219314160076829 0.162135348639792 0.00112672168669742 0.162136618141552 0.0320695467701105 98.6829839034445 0.00112672168669742 0.9496 1.57393188483996
6.04208416833668 6.04082931234613 0.158981550323385 -0.00125485599054453 0.158983124986942 5.6861531940682e-10 100.640608721291 0.00125485599054453 0.9487 1.56540959280256
-8.5871743486974 -8.6531417129428 0.202363877448439 -0.0659673642454042 0.206715570593925 7.45672702721561 79.06549430531 0.0659673642454042 0.921 1.65216988829258
-12.7454909819639 -12.7463189176552 0.159716093505463 -0.000827935691290804 0.159716778982972 0.001111031291344 100.177756973831 0.000827935691290804 0.9497 1.56734419646857
1.83366733466934 1.85410255925944 0.122914218608164 0.0204352245900963 0.123331817012212 38.2527241812124 130.172084085781 0.0204352245900963 0.9678 1.47054629786667
-14.8496993987976 -14.8509542010686 0.158981392871325 -0.00125480227104724 0.158982967400064 1.57439303351741e-14 100.64070839378 0.00125480227104724 0.9496 1.56554582481847
3.98797595190381 3.98079865935494 0.165884783771813 -0.00717729254886779 0.165936297300145 0.145448313466956 96.4524872999151 0.00717729254886779 0.9478 1.58276277728957
-6.38276553106212 -6.38402274020979 0.15898766891354 -0.00125720914766259 0.158989249488381 1.84108188903191e-07 100.636735599294 0.00125720914766259 0.949 1.5654246510403
8.14629258517034 8.14503778288189 0.158981392827267 -0.00125480228844665 0.15898296735605 1.598138672356e-24 100.640708421671 0.00125480228844665 0.9499 1.56554208236705
-10.5911823647295 -10.47535576437 0.136577509077068 0.115826600359458 0.149993310427897 65.4780376754035 117.149595918985 0.115826600359458 0.9376 1.47820822168328
-2.27454909819639 -2.27580389758764 0.158981399776994 -0.00125479939124906 0.158982974298507 2.85921356516308e-11 100.640704022253 0.00125479939124906 0.9496 1.5653981778917
-4.37875751503006 -4.38001231731853 0.158981392827356 -0.0012548022884733 0.158982967356139 7.13175438142381e-20 100.640708421614 0.0012548022884733 0.949 1.56555487849083
6.09218436873747 6.09092952994292 0.158981501171847 -0.00125483879455768 0.158983075792247 3.00742874856046e-10 100.640639835859 0.00125483879455768 0.9492 1.56539985101398
-8.53707414829659 -8.59674481606362 0.200979634299413 -0.0596706677670227 0.204540222891176 5.93857001308779 79.6100562913936 0.0596706677670227 0.9242 1.651009424424
-0.170340681362726 -0.168677167376227 0.162736265331142 0.0016635139864985 0.162739032609926 0.0452095087578236 98.318589083033 0.0016635139864985 0.949 1.5754437931848
-12.6953907815631 -12.696086517434 0.159926009721786 -0.000695735870825942 0.159926493770188 0.00170477613816443 100.046265318783 0.000695735870825942 0.9501 1.56792071557586
1.88376753507014 1.89783600969189 0.121505297196995 0.0140684746217437 0.121703219175177 38.5124532660379 131.681501704896 0.0140684746217437 0.9686 1.46736324121721
-14.7995991983968 -14.8008540006553 0.158981392902871 -0.00125480225847596 0.158982967431579 3.35029323703852e-14 100.64070837381 0.00125480225847596 0.9496 1.56552245593104
-6.33266533066132 -6.33392183572327 0.158985906039362 -0.00125650506194308 0.158987484844333 1.04056804886864e-07 100.637851483758 0.00125650506194308 0.9488 1.56541420016566
4.03807615230461 4.031865748638 0.164962106310616 -0.00621040366660708 0.165000675424318 0.106151081598047 96.9919720221851 0.00621040366660708 0.9485 1.58063083495823
8.19639278557114 8.1951379832827 0.158981392827267 -0.00125480228844665 0.15898296735605 6.08018300619496e-25 100.640708421671 0.00125480228844665 0.9499 1.56554189054642
-10.5410821643287 -10.4302436383596 0.12972223974726 0.110838525969083 0.142007418586259 68.6530311418884 123.340454429194 0.110838525969083 0.9448 1.46119931326324
-4.32865731462926 -4.32991211691772 0.158981392827316 -0.00125480228846087 0.158982967356099 3.66949586572304e-20 100.640708421639 0.00125480228846087 0.9489 1.5655555689351
-2.22444889779559 -2.22570369548624 0.1589814037905 -0.00125479769064629 0.158982978307745 5.56043427896127e-11 100.640701481566 0.00125479769064629 0.9496 1.56539716715898
6.14228456913828 6.14102974216769 0.158981466910237 -0.00125482697058388 0.158983041500963 1.57821293893967e-10 100.640661524615 0.00125482697058388 0.949 1.56540231422574
-8.48697394789579 -8.54059421792406 0.19914485294681 -0.0536202700282651 0.202019986304714 4.68301114919728 80.3435276545835 0.0536202700282651 0.9269 1.64866976445749
-12.6452905811623 -12.6458176361834 0.16018759593681 -0.000527055021054323 0.160187873723805 0.00259617322352826 99.8828898481726 0.000527055021054323 0.9505 1.5685819549155
-0.120240480961924 -0.117940861320434 0.16341944093349 0.0022996196414891 0.163424729183986 0.0632323015257267 97.9075678426279 0.0022996196414891 0.949 1.57712598065127
-6.28256513026052 -6.28382113156183 0.158984621366164 -0.00125600130131431 0.158986198905432 5.8354211922959e-08 100.638664686629 0.00125600130131431 0.9487 1.56540457513482
4.08817635270541 4.08279958646761 0.164125355306194 -0.00537676623780303 0.16415426492137 0.0768581758495315 97.4864607004218 0.00537676623780303 0.9493 1.57861482342902
1.93386773547094 1.94137266238574 0.120566265693278 0.00750492691479843 0.120622589621275 38.6849907745229 132.707104329698 0.00750492691479843 0.9701 1.46529971352688
-14.749498997996 -14.7507538002332 0.15898139295605 -0.00125480223719165 0.158982967484704 7.07369085964047e-14 100.640708340146 0.00125480223719165 0.9496 1.56548621275072
-10.4909819639279 -10.3863067742587 0.123165546473125 0.1046751896692 0.134122441805408 71.5654097039552 129.906458893447 0.1046751896692 0.9536 1.44479005184678
8.24649298597194 8.2452381836835 0.158981392827267 -0.00125480228844665 0.15898296735605 2.29515649636758e-25 100.640708421671 0.00125480228844665 0.9499 1.56554099793263
-4.27855711422846 -4.27981191651691 0.158981392827293 -0.00125480228845465 0.158982967356077 2.15886195406972e-20 100.640708421654 0.00125480228845465 0.9497 1.5655644776263
-2.17434869739479 -2.17560349243709 0.158981409997917 -0.00125479504229897 0.158982984508515 1.07291246347858e-10 100.640697552058 0.00125479504229897 0.9496 1.56538996725399
-6.23246492985972 -6.23372057244374 0.158983690168785 -0.00125564258401845 0.158985266807084 3.24695771338284e-08 100.639254146218 0.00125564258401845 0.9487 1.56540785312358
6.19238476953908 6.19112995065495 0.158981443172737 -0.00125481888412615 0.158983017743169 8.21730324638642e-11 100.64067655126 0.00125481888412615 0.949 1.56540532814986
-8.43687374749499 -8.48474687591824 0.196949599305478 -0.0478731284232534 0.199241435730508 3.6580086340272 81.239058400841 0.0478731284232534 0.9288 1.64537255093473
-12.5951903807615 -12.5955036452467 0.160511000611352 -0.000313264485201969 0.16051109874599 0.00392407347719937 99.6816413769738 0.000313264485201969 0.9501 1.56942630146612
-0.0701402805611213 -0.0670922673190358 0.164188569840722 0.00304801324208549 0.164197860225446 0.087743193609284 97.4489272640688 0.00304801324208549 0.9488 1.57909333100754
-10.4408817635271 -10.3434984967432 0.117000670217724 0.0973832667838828 0.126484170867225 74.042180796568 136.751353391617 0.0973832667838828 0.9604 1.42908938157281
4.13827655310621 4.13361334583319 0.163374477643444 -0.00466320727302261 0.163396223145515 0.0552097689488362 97.9345135836891 0.00466320727302261 0.9488 1.576655869102
1.98396793587174 1.98479687613666 0.120111909137543 0.000828940264917311 0.120112596279506 38.7297499105349 133.209105698903 0.000828940264917311 0.9699 1.46437071482778
-14.6993987975952 -14.7006535997966 0.158981393045024 -0.00125480220142471 0.158982967573589 1.48184561405621e-13 100.640708283822 0.00125480220142471 0.9496 1.56547900840788
8.29659318637275 8.2953383840843 0.158981392827267 -0.00125480228844665 0.15898296735605 8.59609917929669e-26 100.640708421671 0.00125480228844665 0.9499 1.56553625099764
-4.22845691382765 -4.22971171611611 0.158981392827281 -0.0012548022884511 0.158982967356064 1.33890337006144e-20 100.640708421661 0.0012548022884511 0.9499 1.56555390289103
-2.12424849699399 -2.1255032879411 0.158981419527936 -0.001254790947113 0.158982994028257 2.05406097004546e-10 100.640691519228 0.001254790947113 0.9496 1.56538874320712
-6.18236472945892 -6.18362011782918 0.158983018813697 -0.00125538837026529 0.158984594813657 1.79259567287461e-08 100.639679126671 0.00125538837026529 0.9487 1.56541199495349
-10.3907815631263 -10.3017546763205 0.111308857786207 0.0890268868057831 0.119234644360537 76.0053660756609 143.744175604887 0.0890268868057831 0.9656 1.41441827271842
6.24248496993988 6.24123015655576 0.158981426828191 -0.00125481338412481 0.15898300138482 4.24508597832365e-11 100.640686897916 0.00125481338412481 0.949 1.56541189981692
-8.38677354709419 -8.42924670568626 0.194483774588626 -0.0424731585920668 0.196287743789413 2.83137609972822 82.2690737766857 0.0424731585920668 0.931 1.64138098844823
-0.0200400801603209 -0.0161179812019482 0.16504562920521 0.00392209895837273 0.165061012065449 0.120793674053288 96.9428883215462 0.00392209895837273 0.9479 1.58118115299219
-12.5450901803607 -12.5451343032292 0.160907630749262 -4.41228684948669e-05 0.160907632696089 0.00588694363576139 99.4359305739353 4.41228684948669e-05 0.9504 1.57054985812887
4.18837675350701 4.1843199983005 0.162707340200229 -0.00405675520651272 0.162723797463035 0.0393468611557235 98.3360675696023 0.00405675520651272 0.9495 1.5749004753305
2.03406813627254 2.02819514065972 0.120149344974802 -0.00587299561281984 0.12018383705227 38.7203008218016 133.167600733533 0.00587299561281984 0.9697 1.46458139949004
-14.6492985971944 -14.6505533993361 0.158981393192775 -0.00125480214175866 0.15898296772119 3.08001982271594e-13 100.640708190291 0.00125480214175866 0.9496 1.56544565784901
-4.17835671342685 -4.1796115157153 0.158981392827274 -0.00125480228844932 0.158982967356057 8.75220873649881e-21 100.640708421666 0.00125480228844932 0.9499 1.56554431971702
-6.13226452905812 -6.13351973814121 0.158982537416325 -0.00125520908309884 0.158984112966168 9.81947168514297e-09 100.639983862511 0.00125520908309884 0.9487 1.5654081945284
8.34669338677355 8.3454385844851 0.158981392827267 -0.00125480228844665 0.15898296735605 3.19436099075123e-26 100.640708421671 0.00125480228844665 0.9499 1.56553625099764
-2.07414829659319 -2.07540308125229 0.158981434051759 -0.00125478465910112 0.1589830085363 3.90171759899614e-10 100.640682325151 0.00125478465910112 0.9492 1.56538303335855
-10.3406813627255 -10.2609950866499 0.106159003134906 0.079686276075595 0.112508905729702 77.6779463709629 150.71731579532 0.079686276075595 0.97 1.40096973327368
-8.33667334669339 -8.37412506387295 0.191833859016741 -0.0374517171795645 0.193236490136439 2.17233880269624 83.4055055870181 0.0374517171795645 0.9324 1.63684635454412
6.29258517034068 6.29133036067642 0.158981415644744 -0.0012548096642675 0.158982990192038 2.17589096615784e-11 100.640693977422 0.0012548096642675 0.949 1.56543076484317
4.23847695390782 4.23493203908358 0.162120195523951 -0.00354491482423303 0.162132761945062 0.0278213926012844 98.6922076443972 0.00354491482423303 0.95 1.57342323188558
-12.4949899799599 -12.4946975731285 0.161390106707292 0.000292406831386316 0.161390192209047 0.00876605204776119 99.1386667152945 0.000292406831386316 0.9504 1.57172740686948
0.0300601202404813 0.0349955251714514 0.165990394471249 0.00493540493097012 0.166014752693082 0.164975684109481 96.3911198052565 0.00493540493097012 0.9473 1.58356134315849
2.08416833667335 2.07165445789384 0.120677991687853 -0.0125138787795036 0.120834588849961 38.5797983717332 132.584241552393 0.0125138787795036 0.9693 1.46598416031205
-14.5991983967936 -14.6004531988365 0.1589813934363 -0.00125480204294348 0.158982967964467 6.35181418705817e-13 100.640708036132 0.00125480204294348 0.9496 1.56545930161314
-6.08216432865731 -6.08341941191076 0.158982194118335 -0.00125508325344459 0.158983769352308 5.33694738707886e-09 100.640201179327 0.00125508325344459 0.9487 1.56541394591082
-4.12825651302605 -4.1295113153145 0.158981392827271 -0.00125480228844843 0.158982967356054 6.61193020941271e-21 100.640708421668 0.00125480228844843 0.9499 1.56554695658829
8.39679358717435 8.3955387848859 0.158981392827267 -0.00125480228844665 0.15898296735605 1.17776876270453e-26 100.640708421671 0.00125480228844665 0.9499 1.56553653626216
-10.2905811623246 -10.2211249618377 0.101607932418535 0.0694562004869219 0.106432096204614 78.8879156749031 157.468020647189 0.0694562004869219 0.9744 1.38897757704696
-2.02404809619238 -2.02530287126391 0.158981456024335 -0.00125477507152238 0.158983030484815 7.35346105237634e-10 100.640668415761 0.00125477507152238 0.9487 1.56538524151704
6.34268537074148 6.3414305635787 0.158981408041513 -0.00125480716278759 0.158982982582528 1.10657595564081e-11 100.640698790529 0.00125480716278759 0.949 1.56544324378662
-8.28657314629259 -8.31940155933402 0.189080192400257 -0.0328284130414307 0.190157897103076 1.65258229239749 84.6201804477232 0.0328284130414307 0.9347 1.63171544704042
4.28857715430862 4.28546127950367 0.16160811181462 -0.00311587480494691 0.16161782049042 0.0195176308113583 99.0049312521734 0.00311587480494691 0.9495 1.57209914213321
-12.4448897795591 -12.4441794518231 0.161972148445771 0.000710327736040739 0.161972653011264 0.0129566142173852 98.7824150851272 0.000710327736040739 0.9506 1.57329251763875
0.0801603206412835 0.0862615226844594 0.167019937308863 0.00610120204317584 0.167057161975235 0.223525219029567 95.7969465071218 0.00610120204317584 0.9462 1.58606754172313
2.13426853707415 2.11526070953658 0.12168956310521 -0.0190078275375716 0.122050860612908 38.3050108691885 131.482105709976 0.0190078275375716 0.9695 1.46848934218563
-6.03206412825651 -6.03331912363279 0.158981950659143 -0.00125499537628126 0.158983525672538 2.87803351263523e-09 100.64035529608 0.00125499537628126 0.9487 1.56542258802605
-14.5490981963928 -14.5503529982733 0.158981393834693 -0.00125480188047966 0.158982968362452 1.29967822397105e-12 100.640707783935 0.00125480188047966 0.9496 1.56541474013789
-4.07815631262525 -4.0794111149137 0.158981392827269 -0.00125480228844754 0.158982967356052 5.47913711498496e-21 100.640708421669 0.00125480228844754 0.9499 1.56555403008662
-10.2404809619238 -10.1820366990397 0.0977011983332069 0.0584442628841639 0.10111693019728 79.934231251429 163.764623903921 0.0584442628841639 0.9773 1.37860866369196
8.44689378757515 8.4456389852867 0.158981392827267 -0.00125480228844665 0.15898296735605 4.30853406914e-27 100.640708421671 0.00125480228844665 0.9499 1.56553653626216
-1.97394789579158 -1.97520265634615 0.158981489023466 -0.00125476055457052 0.158983063447516 1.37505864992371e-09 100.640647526193 0.00125476055457052 0.9487 1.5653958771312
6.39278557114228 6.39153076565183 0.158981402905854 -0.0012548054904542 0.158982977442673 5.58365776495631e-12 100.640702041577 0.0012548054904542 0.949 1.56544439065869
-12.3947895791583 -12.3935638242661 0.16266837692795 0.00122575489217525 0.162669879403006 0.0190091922195662 98.3596215943482 0.00122575489217525 0.9501 1.57496976240333
-8.23647294589178 -8.26508512140607 0.186294882938602 -0.0286121755142901 0.187113539526262 1.24685520428665 85.8853434276732 0.0286121755142901 0.9368 1.62644341447679
4.33867735470942 4.33591870082843 0.16116535710508 -0.00275865388098406 0.161172967276315 0.0135849640292106 99.2769183613572 0.00275865388098406 0.9501 1.57104012498334
-5.98196392785571 -5.98321886216602 0.158981778972674 -0.00125493431030499 0.158983353832797 1.539912822191e-09 100.640463978895 0.00125493431030499 0.9487 1.56541957484008
2.18436873747495 2.15909704038659 0.123168090103701 -0.0252716970883586 0.123806748777426 38.0275836301893 129.903776104094 0.0252716970883586 0.9683 1.47212292872493
-14.498997995992 -14.5002527976073 0.158981394481608 -0.00125480161529623 0.158982969008702 2.63856478226033e-12 100.640707374415 0.00125480161529623 0.9496 1.56540868747647
0.130260521042084 0.137692567769582 0.16812812886176 0.00743204672749839 0.16818336418032 0.300432197464699 95.1655151836945 0.00743204672749839 0.9459 1.58867879711907
-10.190380761523 -10.1436116588702 0.0944742212558483 0.0467691026528332 0.0966615702187996 80.7197205361045 169.358368741352 0.0467691026528332 0.9801 1.36997921905106
8.49699398797595 8.4957391856875 0.158981392827267 -0.00125480228844665 0.15898296735605 1.56384063301491e-27 100.640708421671 0.00125480228844665 0.9499 1.56553653626216
-4.02805611222445 -4.0293109145129 0.158981392827268 -0.00125480228844754 0.158982967356051 4.92161349419717e-21 100.64070842167 0.00125480228844754 0.9499 1.5655507137064
-1.92384769539078 -1.92510243411663 0.158981538222257 -0.00125473872585213 0.158983112591528 2.55119767315679e-09 100.640616381708 0.00125473872585213 0.9487 1.56539971207158
6.44288577154309 6.44163096716399 0.158981399459767 -0.00125480437910053 0.158982973993796 2.79543768535397e-12 100.640704223069 0.00125480437910053 0.949 1.56544732877476
-12.3446893787575 -12.3428323576252 0.163494013340592 0.00185702113235919 0.163497461868078 0.0276841270564881 97.862910531584 0.00185702113235919 0.9499 1.57706475109407
-5.93186372745491 -5.93311861954508 0.158981658589627 -0.00125489209017271 0.158983233343785 8.17510123070508e-10 100.640540185206 0.00125489209017271 0.9487 1.56541334596882
-8.18637274549098 -8.21117525516823 0.18354038147904 -0.0248025096772455 0.18415554596533 0.933214787188868 87.1742766963093 0.0248025096772455 0.9383 1.62112655581419
4.38877755511022 4.38631436213596 0.160785731842846 -0.00246319297426112 0.160791799162474 0.00938157676197634 99.5113174323119 0.00246319297426112 0.9502 1.57002837452205
2.23446893787575 2.20324228768192 0.125089984659946 -0.0312266501938385 0.126065088342274 37.5770352305052 127.907921993081 0.0312266501938385 0.9675 1.47678105946622
-14.4488977955912 -14.4501525967767 0.158981395524305 -0.00125480118556176 0.15898297005032 5.31488212255724e-12 100.640706714352 0.00125480118556176 0.9496 1.56538763267806
-10.1402805611222 -10.1057220242983 0.0919536030055013 0.0345585368239476 0.0931478954729134 81.2133189234729 174.00079471647 0.0345585368239476 0.9813 1.36325986172871
0.180360721442886 0.189299972713266 0.169305176598162 0.00893925127037967 0.169385086811437 0.400551552540292 94.5039030789662 0.00893925127037967 0.9456 1.59141886225018
8.54709418837675 8.54583938608831 0.158981392827267 -0.00125480228844665 0.15898296735605 5.63182195811404e-28 100.640708421671 0.00125480228844665 0.9499 1.56553653626216
-3.97795591182365 -3.97921071411209 0.158981392827267 -0.0012548022884471 0.15898296735605 4.75907604797401e-21 100.64070842167 0.0012548022884471 0.9499 1.56554461899403
6.49298597194389 6.49173116829885 0.158981397162841 -0.00125480364503794 0.158982971695029 1.3885908576145e-12 100.640705677102 0.00125480364503794 0.949 1.56546348439312
-1.87374749498998 -1.87500220111843 0.158981611041411 -0.00125470612844825 0.15898318532888 4.69635004449963e-09 100.640570284776 0.00125470612844825 0.9487 1.5653941015996
-5.88176352705411 -5.88301839010408 0.158981574667671 -0.00125486304997491 0.158983149348946 4.30612180407337e-10 100.64059331055 0.00125486304997491 0.9488 1.56540165843845
-12.2945891783567 -12.2919644533729 0.164464458624059 0.00262472498382316 0.1644713478053 0.0400222963244389 97.2854568935988 0.00262472498382316 0.9498 1.57950954107584
-8.13627254509018 -8.15766341630943 0.180868707044605 -0.0213908712192517 0.181326276416123 0.693009502224066 88.4619581874612 0.0213908712192517 0.9409 1.61569897345752
4.43887775551102 4.43665735415488 0.160462847665317 -0.00222040135614243 0.160467777847499 0.00642807910470204 99.7115546233592 0.00222040135614243 0.9497 1.56919955834332
2.28456913827655 2.2477694874198 0.127424172669033 -0.0367996508567559 0.128778386972212 36.96048769339 125.564872542338 0.0367996508567559 0.9652 1.48237945367301
-14.3987975951904 -14.4000523956845 0.15898139719253 -0.00125480049414328 0.15898297171681 1.06221782243669e-11 100.640705658308 0.00125480049414328 0.9496 1.56539537130962
-10.0901803607214 -10.068232687812 0.0901584430111891 0.0219476729094357 0.0906401433573287 81.5818186990055 177.465353943771 0.0219476729094357 0.9825 1.35845837394239
0.230460921843688 0.241093211354254 0.170537227606057 0.0106322895105652 0.170650273186294 0.529708116398865 93.8211569673231 0.0106322895105652 0.9447 1.5941440490793
8.59719438877756 8.59593958648911 0.158981392827267 -0.00125480228844665 0.15898296735605 2.01232814901986e-28 100.640708421671 0.00125480228844665 0.9499 1.56553653626216
-3.92785571142285 -3.92911051371129 0.158981392827267 -0.0012548022884471 0.15898296735605 5.08374491698455e-21 100.64070842167 0.0012548022884471 0.9499 1.56554048560996
6.54308617234469 6.54183136918151 0.158981395642231 -0.00125480316318516 0.158982970173209 6.84372026254776e-13 100.640706639701 0.00125480316318516 0.949 1.56546997195673
-1.82364729458918 -1.82490195237218 0.158981718041715 -0.00125465778299794 0.158983292207868 8.57768851146837e-09 100.640502550122 0.00125465778299794 0.9487 1.5653891696564
-5.83166332665331 -5.83291816983326 0.158981516507423 -0.00125484317995017 0.15898309113883 2.25048014527045e-10 100.640630127924 0.00125484317995017 0.949 1.56539679221993
-12.2444889779559 -12.2409372776219 0.165594737119473 0.00355170033399688 0.165607351694735 0.0574359931613463 96.6214281825658 0.00355170033399688 0.9494 1.58237757960519
-8.08617234468938 -8.10453444188993 0.178321265980205 -0.0183620972005496 0.178658432593807 0.510685179752442 89.7256976729637 0.0183620972005496 0.942 1.61037243684132
-14.3486973947896 -14.3499521941792 0.158981399841931 -0.0012547993896046 0.158982974363439 2.10633644846553e-11 100.640703981146 0.0012547993896046 0.9496 1.56539460893492
2.33466933867735 2.29274448946972 0.130132330285752 -0.0419248492076334 0.131890023266834 36.2127200382014 122.951767365314 0.0419248492076334 0.963 1.48882868547432
-10.0400801603206 -10.0310031463149 0.0891015042670516 0.00907701400578453 0.0891838964503128 81.6912938651486 179.570481235035 0.00907701400578453 0.9828 1.35577750132852
4.48897795591182 4.48695579088712 0.160190353011466 -0.00202216502470076 0.160194442162853 0.00436994691839621 99.8811707397558 0.00202216502470076 0.9505 1.56838319957568
0.280561122244489 0.293079272989992 0.171806074348098 0.0125181507455036 0.171962778446185 0.694785108649192 93.1282555678575 0.0125181507455036 0.9444 1.59690532268706
8.64729458917836 8.64603978688991 0.158981392827267 -0.00125480228844665 0.15898296735605 7.13414857520759e-29 100.640708421671 0.00125480228844665 0.9499 1.5655360998826
6.59318637274549 6.59193156989661 0.158981394642458 -0.00125480284888191 0.158982969172648 3.34659886301126e-13 100.640707272591 0.00125480284888191 0.949 1.56544456983114
-3.87775551102204 -3.87901031331049 0.158981392827267 -0.0012548022884471 0.15898296735605 5.94302205765044e-21 100.64070842167 0.0012548022884471 0.9499 1.5655320479918
-1.77354709418838 -1.77480168075793 0.158981874134014 -0.00125458656955102 0.158983448121475 1.55443850169809e-08 100.640403738811 0.00125458656955102 0.9487 1.56538958710765
-5.78156312625251 -5.78281795590948 0.158981476441518 -0.0012548296569781 0.158983051038986 1.16696915400515e-10 100.640655490991 0.0012548296569781 0.949 1.56540331935749
-12.1943887775551 -12.1897258913806 0.166898791763697 0.00466288617448818 0.166920534271174 0.0818241530495671 95.8664819015196 0.00466288617448818 0.9483 1.58562251927732
2.38476953907816 2.33822471385494 0.133169262654179 -0.0465448252232119 0.135335683409239 35.2026128571862 120.147845539624 0.0465448252232119 0.9604 1.49598448509804
-14.2985971943888 -14.2998519920264 0.158981404018778 -0.00125479763760339 0.15898297853589 4.14415779497559e-11 100.640701337058 0.00125479763760339 0.9496 1.56538854032689
-8.03607214428858 -8.05176797818651 0.175929175059202 -0.0156958338979294 0.176175534260954 0.373486474523161 90.9456887671747 0.0156958338979294 0.9431 1.60519603622065
-9.98997995991984 -9.99388939282916 0.0887901049275566 -0.003909432909321 0.0888053885932291 81.748241042415 180.200260074637 0.003909432909321 0.9838 1.35517119278825
0.330661322645291 0.345261982512156 0.17308900015057 0.0146006598668653 0.173302179419118 0.903783054656456 92.4379942462062 0.0146006598668653 0.9433 1.59954868433385
4.53907815631263 4.53721683110099 0.159962108367128 -0.00186132521164062 0.159965572898671 0.00294755427894556 100.023687880373 0.00186132521164062 0.95 1.56793259426603
8.69739478957916 8.69613998729071 0.158981392827267 -0.00125480228844665 0.15898296735605 2.50945238094694e-29 100.640708421671 0.00125480228844665 0.9499 1.5655360998826
6.64328657314629 6.64203177050111 0.158981393989689 -0.00125480264518529 0.158982968519368 1.62371024458315e-13 100.640707685817 0.00125480264518529 0.949 1.56544754292156
-3.82765531062124 -3.82891011290969 0.158981392827267 -0.0012548022884471 0.15898296735605 7.64575994820196e-21 100.64070842167 0.0012548022884471 0.9499 1.56552168262758
-1.72344689378757 -1.724701376169 0.158982100204452 -0.00125448238142445 0.158983673930497 2.79492578271541e-08 100.640260629492 0.00125448238142445 0.9487 1.56539493424669
-5.7314629258517 -5.73271774635546 0.158981449008212 -0.00125482050375236 0.158983023582708 6.00397059952904e-11 100.640672857206 0.00125482050375236 0.949 1.56540204019229
2.43486973947896 2.38425808048739 0.136483462989272 -0.0506116589915737 0.139045003015151 33.944486033563 117.230319700033 0.0506116589915737 0.9581 1.50376891593865
-9.93987975951904 -9.95674580278263 0.0892266474969443 -0.0168660432635939 0.0895111109123137 81.6005343846911 179.318627885778 0.0168660432635939 0.9833 1.35667397284595
-12.1442885771543 -12.1383035025041 0.168388624979427 0.00598507465023701 0.168424446097996 0.115716414105745 95.0182947449973 0.00598507465023701 0.9479 1.58917405378312
-14.248496993988 -14.2497517888661 0.158981410555635 -0.00125479487817337 0.158982985065822 8.08983027686383e-11 100.640697199003 0.00125479487817337 0.9496 1.56538541207746
-7.98597194388778 -7.99933985332241 0.173713979829061 -0.0133679094346366 0.173892680831714 0.271108566228747 92.1054253419582 0.0133679094346366 0.9446 1.60039816774856
0.380761523046093 0.397641310007797 0.174358800561905 0.0168797869617036 0.174643727769778 1.16583304172484 91.7647973514206 0.0168797869617036 0.9433 1.6021540471012
4.58917835671343 4.58744672236987 0.159772315465757 -0.0017316343435585 0.159775314023257 0.00197259977658536 100.142505623442 0.0017316343435585 0.9502 1.56743588297197
8.74749498997996 8.74624018769151 0.158981392827267 -0.00125480228844665 0.15898296735605 8.75808649896308e-30 100.640708421671 0.00125480228844665 0.9499 1.5655360998826
6.69338677354709 6.69213197103306 0.158981393566476 -0.00125480251403243 0.158982968095825 7.81640158899611e-14 100.640707953725 0.00125480251403243 0.949 1.56541907438384
-1.67334669338677 -1.67460102436318 0.158982425277129 -0.00125433097641103 0.158983998623328 4.9860941764804e-08 100.64005484952 0.00125433097641103 0.9487 1.56540006022167
-3.77755511022044 -3.77880991250889 0.158981392827267 -0.0012548022884471 0.15898296735605 9.82216517593024e-21 100.64070842167 0.0012548022884471 0.9499 1.56552135024188
-5.6813627254509 -5.68261753979359 0.158981430340479 -0.00125481434268604 0.158983004899514 3.06487279367608e-11 100.640684674518 0.00125481434268604 0.949 1.56542997043327
-9.88977955911824 -9.91942701951798 0.0904087378145793 -0.0296474603997439 0.0912877097227336 81.2932519831473 176.97404461961 0.0296474603997439 0.982 1.36023963101557
2.48496993987976 2.430882143463 0.140017883653193 -0.0540877964167574 0.142943373374414 32.49533637422 114.271117249779 0.0540877964167574 0.9553 1.51201851279148
-14.1983967935872 -14.1996515841496 0.158981420711595 -0.00125479056246647 0.158982995210951 1.56688589016483e-10 100.640690769931 0.00125479056246647 0.9496 1.56538681078041
-12.0941883767535 -12.0866418596244 0.170073289738235 0.00754651712913379 0.170130239659015 0.16245043791544 94.0770889104699 0.00754651712913379 0.9473 1.59324452869195
-7.93587174348697 -7.94722335068395 0.171688653130883 -0.0113516071969801 0.171817512116837 0.195338200749078 93.1919477975216 0.0113516071969801 0.9462 1.59592708431917
0.430861723446894 0.45021269792267 0.17558401277041 0.0193509744757762 0.175958472983572 1.49114582832725 91.1244694066837 0.0193509744757762 0.9413 1.60448145991353
4.63927855711423 4.63765086111699 0.159615605746623 -0.00162769599723589 0.159618255140882 0.00130980985576863 100.24082498173 0.00162769599723589 0.9499 1.56697136961072
8.79759519038076 8.79634038809231 0.158981392827267 -0.00125480228844665 0.15898296735605 3.03272452455041e-30 100.640708421671 0.00125480228844665 0.9499 1.5655360998826
6.7434869739479 6.74223217151775 0.158981393294038 -0.00125480243014664 0.158982967823177 3.73334959614741e-14 100.640708126188 0.00125480243014664 0.949 1.56541152665193
-1.62324649298597 -1.62450060541585 0.158982889364551 -0.00125411242988105 0.158984462162538 8.82559788489724e-08 100.639761070839 0.00125411242988105 0.9487 1.56540169232914
-5.6312625250501 -5.63251733526928 0.158981417717244 -0.00125481021917562 0.15898299226593 1.5523185279688e-11 100.640692665458 0.00125481021917562 0.949 1.56543827138464
-9.83967935871743 -9.88178984780473 0.0923288870749119 -0.0421104890872925 0.0941021803660828 80.8310818379429 173.293543406608 0.0421104890872925 0.981 1.36583911021986
-3.72745490981964 -3.72870971210808 0.158981392827267 -0.00125480228844665 0.15898296735605 1.4048738715461e-20 100.64070842167 0.00125480228844665 0.9499 1.56553247948153
2.53507014028056 2.4781234583718 0.143710939192008 -0.0569466819087623 0.146953863772425 30.8721675076301 111.334600483147 0.0569466819087623 0.9511 1.52057851648304
-14.1482965931864 -14.1495513770461 0.15898143637612 -0.0012547838597694 0.158983010858654 3.01113659643991e-10 100.640680853751 0.0012547838597694 0.9496 1.56538989623091
-12.0440881763527 -12.0347118051424 0.17195774917858 0.00937637121032786 0.172045665515654 0.226386334229897 93.0461120620034 0.00937637121032786 0.9459 1.59753039576359
-7.88577154308617 -7.89539034904255 0.169858763500428 -0.00961880595638132 0.169951284928454 0.139709753914291 94.1959052937513 0.00961880595638132 0.9477 1.59172212312774
0.480961923847696 0.502966437950859 0.176729378216137 0.0220045141031627 0.177213576857053 1.89087709892971 90.5339008233951 0.0220045141031627 0.9412 1.60652871008192
4.68937875751503 4.68783386301668 0.159487093897963 -0.00154489449834827 0.159489480596974 0.000862919041906609 100.32159724621 0.00154489449834827 0.9496 1.56663256502891
8.84769539078156 8.84644058849312 0.158981392827267 -0.00125480228844665 0.15898296735605 1.04195786752747e-30 100.640708421671 0.00125480228844665 0.9499 1.5655360998826
6.7935871743487 6.79233237197184 0.158981393119917 -0.00125480237685505 0.158982967648922 1.76922846099835e-14 100.640708236413 0.00125480237685505 0.949 1.56540701801103
-9.78957915831663 -9.84369516480638 0.0949738291654088 -0.0541160064897479 0.0979023713238072 80.3417528273026 168.467462464149 0.0541160064897479 0.9786 1.37341018155413
-5.5811623246493 -5.58241713212465 0.158981409235776 -0.00125480747534823 0.158982983777576 7.8008787901311e-12 100.640698034519 0.00125480747534823 0.949 1.56544269148031
-1.57314629258517 -1.57440009165418 0.158983547188346 -0.00125379906900935 0.158985119200451 1.5499627351413e-07 100.639344655236 0.00125379906900935 0.9488 1.56540460669571
2.58517034068136 2.52599720668292 0.147497744892369 -0.0591731339984447 0.150999204679567 29.1150497603069 108.476234749727 0.0591731339984447 0.9487 1.52935180050192
-3.67735470941884 -3.67860951170728 0.158981392827268 -0.00125480228844665 0.158982967356051 2.28934347602895e-20 100.64070842167 0.00125480228844665 0.9499 1.56553920593682
-14.0981963927856 -14.0994511663075 0.158981460362827 -0.00125477352191439 0.158983034819418 5.74141613732872e-10 100.640665669348 0.00125477352191439 0.9487 1.56538863422887
-11.9939879759519 -11.9824839994667 0.17404163984479 0.0115039764851925 0.174173981319762 0.313160641343268 91.9320227864365 0.0115039764851925 0.945 1.60236286424316
-7.83567134268537 -7.8438123062887 0.168223716373282 -0.0081409636033305 0.168289991661673 0.099191505275415 95.1114405563161 0.0081409636033305 0.9478 1.5879480552157
0.531062124248498 0.555887132616205 0.177756553228233 0.0248250083677067 0.17837283426869 2.37688991826023 90.0107462111767 0.0248250083677067 0.9398 1.60813226376763
4.73947895791583 4.73799963902507 0.159382402470147 -0.00147931889076069 0.159384590854528 0.00056405917805799 100.387494177702 0.00147931889076069 0.9501 1.5663964825946
8.89779559118237 8.89654078889392 0.158981392827267 -0.00125480228844665 0.15898296735605 3.55190069472282e-31 100.640708421671 0.00125480228844665 0.9499 1.5655360998826
-9.73947895791583 -9.80500985467185 0.098323520802484 -0.0655308967560213 0.102617819232132 79.5315234031533 162.728102791817 0.0655308967560213 0.9762 1.3828271251525
-5.5310621242485 -5.53231692990886 0.15898140357405 -0.00125480566036273 0.158982978111295 3.88955900823142e-12 100.640701618586 0.00125480566036273 0.949 1.56544988167589
6.8436873747495 6.84243257240627 0.158981393009436 -0.0012548023432295 0.158982967538356 8.31883741275517e-15 100.640708306351 0.0012548023432295 0.949 1.56539464078808
-1.52304609218437 -1.52429944492143 0.158984472988087 -0.0012533527370604 0.15898604388117 2.70079635744424e-07 100.638758611345 0.0012533527370604 0.9485 1.56541298707713
2.63527054108216 2.57450709504441 0.151311574537245 -0.0607634460377535 0.155003770911628 27.1871071566116 105.742075904852 0.0607634460377535 0.9445 1.53817880198611
-14.0480961923848 -14.0493509500719 0.158981496829368 -0.00125475768710714 0.158983071246221 1.08618423639557e-09 100.640642584794 0.00125475768710714 0.9487 1.56538617679004
-3.62725450901804 -3.62850931130648 0.158981392827268 -0.00125480228844621 0.158982967356052 3.97505485033294e-20 100.640708421669 0.00125480228844621 0.9497 1.5655492183726
-11.9438877755511 -11.9299298221928 0.176317991578682 0.0139579533583003 0.176512816040634 0.429979747993003 90.7451352907455 0.0139579533583003 0.9431 1.60738410174698
-7.78557114228457 -7.79246107490996 0.166777989341502 -0.00688993262539395 0.166825460513084 0.0699096169150285 95.9359209400091 0.00688993262539395 0.9488 1.5845469144897
0.581162324649299 0.60895327759317 0.178625069073492 0.0277909529438712 0.17939740613902 2.96139908477848 89.5730934240652 0.0277909529438712 0.9384 1.6093256764444
4.78957915831663 4.78815147321307 0.159297663409955 -0.00142768510356461 0.15929970169471 0.000365824099905964 100.440895726284 0.00142768510356461 0.9499 1.56622745753798
-9.68937875751503 -9.76560876553231 0.102349922400821 -0.0762300080172817 0.108160936523136 78.424568874555 156.326449739171 0.0762300080172817 0.9725 1.39395812538802
8.94789579158317 8.94664098929472 0.158981392827267 -0.00125480228844665 0.15898296735605 1.20133722341575e-31 100.640708421671 0.00125480228844665 0.9499 1.5655360998826
-5.4809619238477 -5.48221672831472 0.158981399819472 -0.00125480446702042 0.158982974353722 1.92420445791559e-12 100.640703995364 0.00125480446702042 0.949 1.56544847592219
6.8937875751503 6.89253277282814 0.158981392939846 -0.00125480232215924 0.158982967468714 3.88092113498172e-15 100.640708350404 0.00125480232215924 0.949 1.56535172692466
2.68537074148297 2.6236455393974 0.155085499540508 -0.0617252020855639 0.158895500113012 25.2159034366562 103.168897462401 0.0617252020855639 0.941 1.54689380488632
-1.47294589178357 -1.47419861298454 0.158985766673691 -0.00125272120096898 0.158987335984098 4.66934413657005e-07 100.637939702106 0.00125272120096898 0.9488 1.56542965517206
-13.997995991984 -13.9992507255823 0.158981551872428 -0.00125473359830153 0.15898312622883 2.03884573325666e-09 100.640607740695 0.00125473359830153 0.9487 1.56540032956432
-3.57715430861723 -3.57840911090568 0.15898139282727 -0.00125480228844577 0.158982967356053 7.80339719935441e-20 100.640708421668 0.00125480228844577 0.9496 1.56553732568012
-11.8937875751503 -11.8770224478829 0.178771974462249 0.0167651272673766 0.179053043954541 0.585948454705242 89.4994869756762 0.0167651272673766 0.9426 1.61266571298041
-7.73547094188377 -7.74130954784676 0.165512302743817 -0.0058386059629898 0.165546392063408 0.0489120145831695 96.6695510530421 0.0058386059629898 0.95 1.58140058893264
-9.63927855711423 -9.72537667649571 0.107015683029142 -0.0860981193814858 0.114428569190171 77.0068808590703 149.510796428248 0.0860981193814858 0.9689 1.40659689121182
0.631262525050101 0.662136999813594 0.17929352666974 0.0308744747634933 0.180246759861661 3.65648943352262 89.2391392884593 0.0308744747634933 0.9374 1.60997123665482
4.83967935871744 4.83829209941536 0.159229502007244 -0.0013872593020805 0.159231426495615 0.000235403612142754 100.483891479307 0.0013872593020805 0.9495 1.56599473359499
-5.43086172344689 -5.43211652713412 0.158981397346233 -0.00125480368722375 0.158982971878526 9.44486989995765e-13 100.640705561009 0.00125480368722375 0.949 1.56546945142005
8.99799599198397 8.99674118969552 0.158981392827267 -0.00125480228844665 0.15898296735605 4.03146148015965e-32 100.640708421671 0.00125480228844665 0.9499 1.5655360998826
2.73547094188377 2.67339413443214 0.15875415082864 -0.0620768074516254 0.162607680852026 23.1939462822597 100.784766360349 0.0620768074516254 0.9385 1.55542633826964
6.9438877755511 6.94263297324206 0.158981392896335 -0.00125480230904795 0.15898296742517 1.79638930362948e-15 100.640708377948 0.00125480230904795 0.949 1.56539344016815
-1.42284569138276 -1.42409752485695 0.158987561615085 -0.00125183347418467 0.158989128702132 8.00964722256204e-07 100.636803517602 0.00125183347418467 0.9488 1.56540763491555
-13.9478957915832 -13.9491504887852 0.158981634363775 -0.00125469720202354 0.158983208628843 3.79718913622856e-09 100.640555520957 0.00125469720202354 0.9487 1.56539068118746
-3.52705410821643 -3.52830891050488 0.158981392827274 -0.00125480228844443 0.158982967356057 1.62571058635334e-19 100.640708421666 0.00125480228844443 0.9496 1.56553762749601
-11.8436873747495 -11.8237380845044 0.181379758170653 0.0199492902450924 0.181777732351936 0.792423063430771 88.2127099593231 0.0199492902450924 0.9412 1.61827731899079
-7.68537074148297 -7.6903321422559 0.164414685805847 -0.00496140077293283 0.164439301303477 0.0339709656224277 97.3149078598365 0.00496140077293283 0.9502 1.5787826372658
-9.58917835671343 -9.68421024807006 0.112272872860079 -0.095031891356637 0.121303933234898 75.138976655538 142.509936660659 0.095031891356637 0.9635 1.42060517622375
-5.38076152304609 -5.38201632622694 0.158981395728066 -0.00125480318084925 0.158982970259089 4.59975360642457e-13 100.640706585364 0.00125480318084925 0.949 1.56543847158969
0.681362725450903 0.715403983109676 0.179720993292121 0.0340412576587729 0.180879800515112 4.47351166899593 89.0268838765731 0.0340412576587729 0.9368 1.61000798952371
4.88977955911824 4.88842377446862 0.159175008216666 -0.00135578464962105 0.159176846368682 0.000150295922197421 100.518292282549 0.00135578464962105 0.9494 1.5659000220152
9.04809619238477 9.04684139009632 0.158981392827267 -0.00125480228844665 0.15898296735605 1.34231226087144e-32 100.640708421671 0.00125480228844665 0.9499 1.5655360998826
2.78557114228457 2.72372439853609 0.16225552719368 -0.0618467437484833 0.166080546905971 21.1383873398792 98.6098919200528 0.0618467437484833 0.9367 1.56358691156192
6.9939879759519 6.99273317365096 0.158981392869331 -0.00125480230094777 0.158982967398146 8.25010669924396e-16 100.640708395042 0.00125480230094777 0.949 1.5654296344516
-1.37274549098196 -1.37399608476199 0.158990034399034 -0.00125059378003201 0.158991598383837 1.36321499496353e-06 100.635238305837 0.00125059378003201 0.9491 1.56542183109283
-13.8977955911824 -13.8990502337637 0.158981757115012 -0.00125464258135111 0.158983331243019 7.01677873574624e-09 100.640477815484 0.00125464258135111 0.9487 1.56538124894512
-3.47695390781563 -3.47820871010407 0.15898139282728 -0.00125480228844177 0.158982967356063 3.54647358654883e-19 100.640708421662 0.00125480228844177 0.9496 1.56552570573756
-11.7935871743487 -11.7700573513397 0.184107580247592 0.023529823008964 0.184661232818425 1.06336947754968 86.9057101205876 0.023529823008964 0.9397 1.62387148395322
-9.53907815631263 -9.64201991370536 0.118061920262932 -0.102941757392736 0.128658925678037 72.8900439451262 135.522105386452 0.102941757392736 0.9565 1.43575806704788
-7.63527054108216 -7.6395051354029 0.163471414633356 -0.00423459432073425 0.163489346422417 0.0234211582296196 97.8764393510989 0.00423459432073425 0.9512 1.57644912850564
-5.33066132264529 -5.33191612549941 0.158981394676603 -0.00125480285412038 0.158982969206806 2.22262866625234e-13 100.640707250977 0.00125480285412038 0.949 1.56545601786149
0.731462925851703 0.768713607532058 0.179868550243447 0.0372506816803551 0.181256163529099 5.42237481557768 88.9538497883283 0.0372506816803551 0.9367 1.60933331124702
4.93987975951904 4.93854834647856 0.15913169967286 -0.00133141304048134 0.159133472333544 9.52082547057488e-05 100.54564887381 0.00133141304048134 0.9494 1.56577073797945
9.09819639278557 9.09694159049712 0.158981392827267 -0.00125480228844665 0.15898296735605 4.43443263295739e-33 100.640708421671 0.00125480228844665 0.9499 1.5655360998826
2.83567134268537 2.77459877353174 0.165532761660969 -0.0610725691536338 0.169262620363995 19.0970456872378 96.6576032409215 0.0610725691536338 0.9338 1.57128980540937
7.04408817635271 7.04283337405673 0.158981392852697 -0.00125480229597841 0.158982967381499 3.75934455706495e-16 100.640708405572 0.00125480229597841 0.949 1.56544880344733
-1.32264529058116 -1.32389416441041 0.158993416913716 -0.00124887382924466 0.158994976599557 2.30201834885927e-06 100.633097335615 0.00124887382924466 0.9489 1.56542086370667
-13.8476953907816 -13.8489499519422 0.158981938486411 -0.00125456116067113 0.158983512410117 1.28650607938107e-08 100.640363001786 0.00125456116067113 0.9487 1.56539759540512
-3.42685370741483 -3.42810850970327 0.158981392827292 -0.00125480228843733 0.158982967356075 7.82422778513499e-19 100.640708421654 0.00125480228843733 0.9496 1.56550773652199
-11.7434869739479 -11.7159667603825 0.18691112617336 0.0275202135654009 0.187668488328045 1.41569498177986 85.6021807132017 0.0275202135654009 0.9381 1.62932943934266
-9.48897795591182 -9.59873165472677 0.124310916228278 -0.10975369881495 0.136356790631841 70.220381304 128.709533204779 0.10975369881495 0.95 1.45180629846075
-5.28056112224449 -5.28181592488916 0.158981393998118 -0.00125480264467104 0.158982968527795 1.0655969054877e-13 100.640707680481 0.00125480264467104 0.949 1.56543102767367
-7.58517034068136 -7.58880687118675 0.162667811003211 -0.00363653050538471 0.162681035357327 0.0160290965571597 98.3599637895429 0.00363653050538471 0.9515 1.57449849267365
0.781563126252506 0.822019320733449 0.179700923437666 0.0404561944809435 0.181337627109546 6.51077264255356 89.0368268227071 0.0404561944809435 0.9356 1.60793139395619
4.98997995991984 4.98866731712396 0.159097480009315 -0.00131264279588184 0.159099203040424 5.98405238556886e-05 100.567274849754 0.00131264279588184 0.9494 1.5656702211829
2.88577154308617 2.82597184777923 0.168535752446366 -0.0597996953069453 0.17211175600517 17.1019040637881 94.9353461669312 0.0597996953069453 0.9334 1.57846030333095
9.14829659318637 9.14704179089793 0.158981392827267 -0.00125480228844665 0.15898296735605 1.45350331938871e-33 100.640708421671 0.00125480228844665 0.9499 1.5655360998826
-13.7975951903808 -13.7988496309798 0.158982204590034 -0.00125444059903579 0.158983778211251 2.34037458148394e-08 100.640194550447 0.00125444059903579 0.9487 1.56540163615456
7.09418837675351 7.09293357446056 0.158981392842527 -0.00125480229295238 0.158982967371321 1.69964476453359e-16 100.64070841201 0.00125480229295238 0.949 1.56546690168611
-1.27254509018036 -1.27379159321045 0.158998011141922 -0.00124650303008833 0.158999564911726 3.85697360315012e-06 100.630189554499 0.00124650303008833 0.9489 1.56540694747569
-3.37675350701403 -3.37800830930246 0.158981392827314 -0.00125480228842889 0.158982967356097 1.78494961235201e-18 100.64070842164 0.00125480228842889 0.9496 1.56549717330324
-11.6933867735471 -11.6614602513471 0.189735324791309 0.0319265221999938 0.190754627611096 1.86950775825153 84.3279975281276 0.0319265221999938 0.9359 1.63467572281086
-9.43887775551102 -9.5542885880658 0.130935443407872 -0.115410832554781 0.14425510367886 67.2608702271485 122.197623375048 0.115410832554781 0.9418 1.46855746296702
-7.53507014028056 -7.53821785785498 0.161988900339761 -0.00314771757442145 0.161998808465689 0.0108893074529869 98.7721996164001 0.00314771757442145 0.9515 1.57284843970844
-5.23046092184369 -5.23171572435497 0.158981393563379 -0.00125480251128618 0.158982968092721 5.06888734962344e-14 100.640707955686 0.00125480251128618 0.949 1.56543409304978
0.831663326653308 0.875269250276437 0.17918811514675 0.0436059236231293 0.181089591721776 7.74340003553428 89.2916362611241 0.0436059236231293 0.9343 1.60575458519467
5.04008016032064 5.03878189747741 0.15907059536895 -0.00129826284323364 0.15907228085536 3.73172451536106e-05 100.584271800137 0.00129826284323364 0.9497 1.56565360100869
2.93587174348697 2.87779176128675 0.171222568230762 -0.0580799822002245 0.174595852563141 15.17155535644 93.4456255698505 0.0580799822002245 0.9327 1.58500001098587
9.19839679358718 9.19714199129873 0.158981392827267 -0.00125480228844665 0.15898296735605 4.72702017794683e-34 100.640708421671 0.00125480228844665 0.9499 1.5655360998826
-13.74749498998 -13.7487492532421 0.15898259228048 -0.00125426326213152 0.158984165456811 4.22434609763351e-08 100.639949132119 0.00125426326213152 0.9487 1.56540416163308
7.14428857715431 7.14303377486319 0.158981392836356 -0.00125480229112274 0.158982967365146 7.62425918136229e-17 100.640708415917 0.00125480229112274 0.949 1.56548763009916
-1.22244488977956 -1.22368814597209 0.159004207047679 -0.00124325619253307 0.15900575273364 6.41177110167499e-06 100.626268304978 0.00124325619253307 0.9485 1.56545189038806
-3.32665330661323 -3.32790810890164 0.158981392827355 -0.0012548022884129 0.158982967356138 4.08048909361954e-18 100.640708421614 0.0012548022884129 0.9496 1.56549761945945
-11.6432865731463 -11.6065407164774 0.192514656557124 0.0367458566688565 0.193864914539452 2.44824165912192 83.1105552488281 0.0367458566688565 0.9337 1.63956596732859
-9.38877755511022 -9.50865228808364 0.137839067595 -0.119874732973416 0.152209019200448 63.8980679928053 116.077395756995 0.119874732973416 0.9338 1.48572851020639
-7.48496993987976 -7.48772077772605 0.161419934105433 -0.00275083784629171 0.161427501214289 0.00734295977458088 99.1203477356734 0.00275083784629171 0.9513 1.57141264448885
-5.18036072144289 -5.1816155238698 0.158981393286797 -0.00125480242691012 0.158982967815927 2.39235673864274e-14 100.640708130772 0.00125480242691012 0.949 1.56542137886676
0.881763527054108 0.928407054897122 0.17830694671614 0.0466435278430141 0.180482565405782 9.12123072890623 89.7329032585117 0.0466435278430141 0.9353 1.60275647077341
2.98597194388778 2.93000174302962 0.173560548669363 -0.0559702008581557 0.176693212053465 13.3329105964132 92.1868484668161 0.0559702008581557 0.9321 1.59082254255273
5.09018036072144 5.08889305719949 0.159049591303002 -0.00128730352194939 0.15905124845336 2.30896415222364e-05 100.597554944475 0.00128730352194939 0.9492 1.56555592914108
9.24849699398798 9.24724219169953 0.158981392827267 -0.00125480228844665 0.15898296735605 1.52528973065579e-34 100.640708421671 0.00125480228844665 0.9499 1.5655360998826
-13.6973947895792 -13.698648793708 0.158983153179224 -0.00125400412887622 0.158984725705579 7.56546290856018e-08 100.639594070467 0.00125400412887622 0.9486 1.56540285791926
7.19438877755511 7.19313397526509 0.15898139283264 -0.00125480229002495 0.158982967361427 3.39336521712233e-17 100.640708418269 0.00125480229002495 0.949 1.56547689332735
-1.17234468937876 -1.17358352761102 0.159012503921083 -0.00123883823225968 0.159014038641249 1.05755462250994e-05 100.621017878825 0.00123883823225968 0.9495 1.56547387050145
-3.27655310621243 -3.27780790850081 0.15898139282743 -0.00125480228838404 0.158982967356213 9.25130166446789e-18 100.640708421567 0.00125480228838404 0.9496 1.56548929977521
-11.5931863727455 -11.5512214389337 0.195174057581378 0.0419649338118031 0.196935113251207 3.17856740401858 81.9781081475381 0.0419649338118031 0.9314 1.64392690347141
-9.33867735470942 -9.461803762134 0.144914593409619 -0.123126407424582 0.160074705614903 60.2633018004239 110.409860204859 0.123126407424582 0.927 1.50305854966964
-5.13026052104208 -5.13151532341598 0.158981393112096 -0.00125480237389741 0.158982967641093 1.12029609550854e-14 100.640708241364 0.00125480237389741 0.949 1.56539559126879
-7.43486973947896 -7.43730042871725 0.160946786622846 -0.00243068923829259 0.160952694873019 0.00491484790447722 99.4117393439703 0.00243068923829259 0.951 1.57028197773647
3.03607214428858 2.98254172442554 0.17552703920675 -0.0535304198630366 0.178392545057462 11.6056832655173 91.1540471046968 0.0535304198630366 0.9322 1.59590413342141
5.14028056112225 5.13900156725192 0.159033271629762 -0.00127899387032571 0.159034907455082 1.41748425598266e-05 100.607878062453 0.00127899387032571 0.9489 1.5655205232145
0.93186372745491 0.981373001214661 0.177042420406051 0.0495092737597504 0.179493588594269 10.6409360048409 90.3738209368333 0.0495092737597504 0.9349 1.59891823726862
-13.6472945891784 -13.6485482171244 0.158983959041595 -0.00125362794602069 0.158985530624622 1.34435797118124e-07 100.639083945657 0.00125362794602069 0.9486 1.5654026492489
9.29859719438878 9.29734239210033 0.158981392827267 -0.00125480228844665 0.15898296735605 4.88326956003504e-35 100.640708421671 0.00125480228844665 0.9499 1.5655360998826
7.24448897795591 7.24323417566654 0.15898139283042 -0.00125480228937036 0.158982967359205 1.49850093502011e-17 100.640708419675 0.00125480228937036 0.949 1.56551953809832
-1.12224448897796 -1.12347735430795 0.159023535493535 -0.00123286532999778 0.159025055450457 1.7306970630357e-05 100.614037729342 0.00123286532999778 0.9492 1.56552064663789
-3.22645290581162 -3.22770770809995 0.158981392827566 -0.00125480228833164 0.158982967356348 2.09539607971175e-17 100.640708421481 0.00125480228833164 0.9496 1.5654761658428
-11.5430861723447 -11.4955273596039 0.197630477671505 0.047558812740828 0.199892318340822 4.08999899187248 80.9591728386887 0.047558812740828 0.9288 1.64768021616337
-9.28857715430862 -9.41374400513522 0.152046132560196 -0.125166850826604 0.167712873106045 56.4153064676734 105.231219831688 0.125166850826604 0.92 1.52029463578345
-5.08016032064128 -5.0814151229821 0.158981393002546 -0.00125480234081898 0.15898296753146 5.20515013807125e-15 100.640708310713 0.00125480234081898 0.949 1.56537033829896
-7.38476953907816 -7.3869436156468 0.160556239445108 -0.00217407656864577 0.160560966054034 0.00326516416540229 99.6535547624742 0.00217407656864577 0.9505 1.56926791042794
3.08617234468938 3.03534996948567 0.177109722498931 -0.0508223752037118 0.179692636320278 10.0053469921001 90.3394786816209 0.0508223752037118 0.9325 1.60019637507726
5.19038076152305 5.18910803648311 0.159020660289099 -0.00127272503993758 0.159022280118126 8.63401392304111e-06 100.615856901311 0.00127272503993758 0.9493 1.56551515673135
0.981963927855713 1.03410524076525 0.175388814520584 0.0521413129095372 0.178107531032514 12.2945212341906 91.2258860049608 0.0521413129095372 0.9341 1.59433414691924
-13.5971943887776 -13.5984474741688 0.158985108849565 -0.00125308539123203 0.158986679072563 2.37027916916603e-07 100.638356106291 0.00125308539123203 0.9486 1.56540831766407
9.34869739478958 9.34744259250113 0.158981392827267 -0.00125480228844665 0.15898296735605 1.55118112748869e-35 100.640708421671 0.00125480228844665 0.9499 1.5655360998826
7.29458917835671 7.29333437606773 0.158981392829103 -0.00125480228898311 0.158982967357887 6.56563740348167e-18 100.640708420508 0.00125480228898311 0.949 1.565533511397
-1.07214428857715 -1.07336913053932 0.159038099040614 -0.00122484196216743 0.159039599278446 2.81017101336602e-05 100.604824230916 0.00122484196216743 0.9488 1.56552131552389
-3.17635270541082 -3.17760750769906 0.158981392827809 -0.00125480228823704 0.158982967356592 4.72983853294886e-17 100.640708421327 0.00125480228823704 0.9496 1.56549797416099
-11.4929859719439 -11.4394960835885 0.199795114007514 0.0534898883553687 0.202656282163784 5.21410142183454 80.0820384396299 0.0534898883553687 0.9262 1.65049347587374
-9.23847695390782 -9.36449407103408 0.159111964669063 -0.126017117126262 0.174992278477877 52.3248417776261 100.558119769801 0.126017117126262 0.9154 1.53722965817183
-5.03006012024048 -5.0313149225608 0.158981392934351 -0.00125480232032249 0.158982967463214 2.39953581327434e-15 100.640708353882 0.00125480232032249 0.949 1.56539198907336
-7.33466933867735 -7.33663900699879 0.160236168057494 -0.00196966832143808 0.16024004765079 0.00215299888574433 99.8526125154159 0.00196966832143808 0.9504 1.56851819740783
3.13627254509018 3.08836466203711 0.178306534654774 -0.0479078830530701 0.1806016999134 8.54272173373774 89.7331106287172 0.0479078830530701 0.9327 1.60367656271274
5.24048096192385 5.23921294257744 0.159010966792967 -0.00126801934640763 0.15901257466603 5.21795942991851e-06 100.621990562651 0.00126801934640763 0.9494 1.5654520938763
1.03206412825651 1.08654125124724 0.173350439602661 0.0544771229907208 0.176318196532007 14.0692414446672 92.2985833590837 0.0544771229907208 0.9345 1.58892456058613
-13.5470941883768 -13.5483464963174 0.158986738098663 -0.00125230794066766 0.158988306373842 4.14659133976644e-07 100.637324794165 0.00125230794066766 0.9487 1.5654108850162
9.39879759519038 9.39754279290193 0.158981392827267 -0.00125480228844665 0.15898296735605 4.88886210848277e-36 100.640708421671 0.00125480228844665 0.9499 1.5655360998826
7.34468937875751 7.34343457646876 0.158981392828328 -0.00125480228875663 0.158982967357112 2.85423832109925e-18 100.640708420999 0.00125480228875663 0.949 1.56555159710296
-3.12625250501002 -3.12750730729809 0.158981392828244 -0.00125480228806785 0.158982967357026 1.05930242114509e-16 100.640708421052 0.00125480228806785 0.9496 1.56547965511573
-1.02204408817635 -1.02325822137325 0.159057188542158 -0.0012141331969 0.159058662661578 4.52728543924448e-05 100.592749982873 0.0012141331969 0.9492 1.56560266502194
-11.4428857715431 -11.3831785406353 0.201576293498226 0.0597072309078186 0.205141246920905 6.58322009814115 79.3744131431845 0.0597072309078186 0.9239 1.65235189267063
-9.18837675350701 -9.31409461747233 0.165988093300476 -0.125717863965315 0.181793074620478 48.0932488070766 96.3924561205505 0.125717863965315 0.9121 1.55363386157795
-4.97995991983968 -4.98121472214739 0.158981392892212 -0.00125480230771124 0.158982967421044 1.09752578570369e-15 100.640708380558 0.00125480230771124 0.949 1.56542066580782
5.29058116232465 5.28931665793752 0.159003555535087 -0.00126450438713022 0.159005154506432 3.12883101286121e-06 100.626680618279 0.00126450438713022 0.9492 1.56543753353787
9.44889779559118 9.44764299330274 0.158981392827267 -0.00125480228844665 0.15898296735605 1.52878539733342e-36 100.640708421671 0.00125480228844665 0.9499 1.5655360998826
-7.28456913827655 -7.28637697037389 0.159975646206378 -0.00180783209733537 0.15997891446327 0.00140901098694318 100.015223438192 0.00180783209733537 0.9502 1.56783805411368
3.18637274549098 3.14152539380703 0.179125180572768 -0.0448473516839485 0.181136465525831 7.22387492755398 89.3230083500191 0.0448473516839485 0.9328 1.6063194464927
7.39478957915832 7.39353477686969 0.158981392827875 -0.00125480228862429 0.158982967356659 1.23111049256039e-18 100.640708421285 0.00125480228862429 0.949 1.56555234084725
-13.496993987976 -13.4982451890354 0.158989030842478 -0.00125120105944099 0.15899059634657 7.19767845624812e-07 100.635873526724 0.00125120105944099 0.9488 1.56542126154953
1.08216432865731 1.13861939621148 0.170942003700379 0.0564550675541657 0.174129178352925 15.9478291105193 93.5989964645798 0.0564550675541657 0.9354 1.58276970113537
-11.3927855711423 -11.3266392238039 0.202882918456579 0.0661463473384032 0.207258257722792 8.22869105144789 78.8632188541013 0.0661463473384032 0.9213 1.6530328414122
-3.07615230460922 -3.07740710689699 0.158981392829015 -0.0012548022877672 0.158982967357796 2.35051783555165e-16 100.640708420564 0.0012548022877672 0.9496 1.56549694660055
-0.97194388777555 -0.973143819428989 0.1590820317588 -0.00119993165343812 0.159083471594773 7.23663091427391e-05 100.577040807846 0.00119993165343812 0.9491 1.5656767428156
-4.92985971943888 -4.93111452173888 0.158981392866367 -0.00125480230000719 0.158982967395179 4.98076139532977e-16 100.640708396918 0.00125480230000719 0.949 1.5654358901958
-9.13827655310621 -9.262604902602 0.172552322728094 -0.124328349495784 0.188009861216439 43.7792556989389 92.7254976753495 0.124328349495784 0.9088 1.56922242523531
5.34068136272545 5.33941947110003 0.158997918975859 -0.00126189162541923 0.158999511346333 1.86147400410362e-06 100.630247886636 0.00126189162541923 0.9491 1.56543487638415
9.49899799599199 9.49774319370354 0.158981392827267 -0.00125480228844665 0.15898296735605 4.74327959785036e-37 100.640708421671 0.00125480228844665 0.9499 1.5655360998826
3.23647294589178 3.1947745039308 0.179582286563643 -0.0416984419609814 0.181321046625616 6.05032538907084 89.0956469380385 0.0416984419609814 0.9338 1.60819243128373
-7.23446893787575 -7.23614939739415 0.159764982852527 -0.00168045951839968 0.15976780679672 0.000915176748053124 100.147101788688 0.00168045951839968 0.9502 1.5672911410232
7.44488977955912 7.44363497727057 0.158981392827613 -0.00125480228854791 0.158982967356396 5.26862507760929e-19 100.640708421451 0.00125480228854791 0.949 1.56554354564447
-13.4468937875751 -13.448143422817 0.158992235160755 -0.00124963524187649 0.158993796748993 1.2396690208186e-06 100.633845318437 0.00124963524187649 0.9489 1.56543506571637
1.13226452905812 1.19028054983778 0.168188559690812 0.0580160207796654 0.171554418357918 17.9090308532841 95.1313218295793 0.0580160207796654 0.9362 1.57593544338369
-11.3426853707415 -11.2699559469686 0.203628327258921 0.0727294237728593 0.208917896341253 10.1785593211847 78.5745294644363 0.0727294237728593 0.9192 1.65237565964255
-3.02605210420842 -3.02730690649565 0.158981392830369 -0.00125480228723696 0.158982967359149 5.18239220007759e-16 100.640708419707 0.00125480228723696 0.9496 1.56552672902882
-0.921843687374748 -0.923024905937056 0.159114130802141 -0.00118121856230802 0.159115526079433 0.000114769995496752 100.556750801072 0.00118121856230802 0.9489 1.56578406549194
-4.87975951903808 -4.88101432133341 0.158981392850634 -0.00125480229533448 0.158982967379434 2.24269513184103e-16 100.640708406878 0.00125480229533448 0.949 1.56544149914027
-9.08817635270541 -9.21010123828305 0.178688614854643 -0.121924885577643 0.193554292577765 39.4542245059168 89.5412391719272 0.121924885577643 0.9076 1.58386462048262
5.39078156312625 5.3895216042813 0.158993654547777 -0.00125995884495289 0.158995242044068 1.09881683132069e-06 100.63294692803 0.00125995884495289 0.9489 1.56540769367464
3.28657314629259 3.24805823006359 0.179702248402839 -0.0385149162289911 0.181185647174965 5.01950405534891 89.036170344028 0.0385149162289911 0.9344 1.60924370570074
9.54909819639279 9.54784339410434 0.158981392827267 -0.00125480228844665 0.15898296735605 1.46017324616459e-37 100.640708421671 0.00125480228844665 0.9499 1.5655360998826
-7.18436873747495 -7.18594952653472 0.159595705972916 -0.00158078905976922 0.159598204866967 0.000589935122364452 100.253323875238 0.00158078905976922 0.9498 1.56683839969222
7.49498997995992 7.49373517767142 0.158981392827462 -0.0012548022885035 0.158982967356245 2.23712895320133e-19 100.640708421547 0.0012548022885035 0.949 1.56554958989253
-13.3967935871743 -13.3980410214967 0.158996682822603 -0.00124743432236762 0.158998238914992 2.11852773362488e-06 100.63103025773 0.00124743432236762 0.9488 1.5654520189147
1.18236472945892 1.24146972856594 0.165125034914674 0.0591049991070263 0.168618435834115 19.9284110965046 96.8962702007469 0.0591049991070263 0.9383 1.56853719874123
-11.2925851703407 -11.2132190830374 0.203734362154294 0.0793660873032991 0.210033337968129 12.4549290169813 78.5336348312356 0.0793660873032991 0.9172 1.65027819801453
-2.97595190380762 -2.97720670609392 0.15898139283273 -0.00125480228630837 0.158982967361508 1.13367994771919e-15 100.640708418212 0.00125480228630837 0.9496 1.56554192756663
-0.871743486973948 -0.872900205423285 0.15915530541573 -0.00115671844933696 0.159156643413301 0.000180598303463506 100.530736051848 0.00115671844933696 0.949 1.56590332248151
-4.82965931863727 -4.83091412092979 0.158981392841128 -0.00125480229252073 0.158982967369921 1.00193196869963e-16 100.640708412896 0.00125480229252073 0.949 1.56549950473739
-9.03807615230461 -9.15667493059184 0.184291440594262 -0.118598778287232 0.198357110805486 35.170016456033 86.8190077000144 0.118598778287232 0.9061 1.59734406290196
5.44088176352706 5.43962322761925 0.158990445017303 -0.00125853590780434 0.158992028929934 6.43557107926703e-07 100.634978399228 0.00125853590780434 0.9488 1.56542148320032
3.33667334669339 3.30132764285606 0.179515847741967 -0.0353457038373235 0.180765166521723 4.12540240567001 89.1286212401598 0.0353457038373235 0.9358 1.6096545607575
9.59919839679359 9.59794359450514 0.158981392827267 -0.00125480228844665 0.15898296735605 4.45988345832585e-38 100.640708421671 0.00125480228844665 0.9499 1.5655360998826
-7.13426853707415 -7.13577177031566 0.159460506418411 -0.00150323324150836 0.15946276612859 0.000377399554908354 100.338324262042 0.00150323324150836 0.9494 1.56651890498217
7.54509018036072 7.54383537807225 0.158981392827376 -0.00125480228847863 0.158982967356159 9.42493153951553e-20 100.640708421601 0.00125480228847863 0.949 1.56555020179552
-13.3466933867735 -13.3479377471316 0.159002814017466 -0.00124436035810049 0.159004362450167 3.59236993964202e-06 100.627149895866 0.00124436035810049 0.9487 1.56545410037384
1.23246492985972 1.29213766971593 0.161795370217693 0.0596727398562107 0.16535620609964 21.9793473757185 98.8903451221891 0.0596727398562107 0.94 1.5605544921896
-11.2424849699399 -11.1565302693797 0.203135389820302 0.0859547005601673 0.21052360036869 15.0711807133191 78.7652019382439 0.0859547005601673 0.9149 1.64661579508646
-2.92585170340681 -2.92710650569151 0.158981392836818 -0.00125480228469543 0.158982967365592 2.46061753668741e-15 100.640708415624 0.00125480228469543 0.9496 1.56554740759942
-0.821643286573146 -0.822768133683499 0.159207737743285 -0.00112484711035388 0.159209003024306 0.00028196309918293 100.497627984635 0.00112484711035388 0.9496 1.56600369831328
-4.77955911823647 -4.78081392052731 0.158981392835428 -0.00125480229083941 0.158982967364217 4.441193664332e-17 100.640708416504 0.00125480229083941 0.949 1.56548684615244
-8.98797595190381 -9.10242976565605 0.189269823283901 -0.114453813752238 0.202369498766333 31.0026314541952 84.5353988416862 0.114453813752238 0.9072 1.60953207485646
5.49098196392786 5.48972447063329 0.158988041977069 -0.00125749329456415 0.158989623266455 3.73974801724896e-07 100.636499456404 0.00125749329456415 0.9491 1.5654051761985
3.38677354709419 3.35453934800403 0.179058718800251 -0.0322341990901558 0.180097762391235 3.35932907271831 89.3561626443267 0.0322341990901558 0.9376 1.60938777202746
9.64929859719439 9.64804379490594 0.158981392827267 -0.00125480228844665 0.15898296735605 1.35156238196819e-38 100.640708421671 0.00125480228844665 0.9499 1.5655360998826
-7.08416833667335 -7.08561155154394 0.159353153852404 -0.00144321487059784 0.159355236721566 0.000239599628064382 100.405919890481 0.00144321487059784 0.9493 1.56624720579398
7.59519038076152 7.59393557847306 0.158981392827328 -0.00125480228846442 0.158982967356111 3.93966098776065e-20 100.640708421632 0.00125480228846442 0.949 1.56555289554988
-13.2965931863727 -13.2978332806261 0.159011208112629 -0.00124009425336702 0.159012745946386 6.04435942621438e-06 100.621837856027 0.00124009425336702 0.9488 1.56547298302516
1.28256513026052 1.3422422991007 0.158251319353365 0.0596771688401789 0.161812683834144 24.0284817328165 101.105002254503 0.0596771688401789 0.942 1.55219535276208
-11.1923847695391 -11.1000005934811 0.201781995424878 0.0923841760579762 0.210316831410789 18.0293955513563 79.2934967577753 0.0923841760579762 0.9123 1.64141015815282
-2.87575150300601 -2.87700630528792 0.158981392843841 -0.00125480228191366 0.158982967372608 5.29896714333132e-15 100.640708411178 0.00125480228191366 0.9496 1.5655633879425
-0.771543086172345 -0.772626738930001 0.159274016841673 -0.00108365275765576 0.159275191144972 0.000436781378280767 100.455807653202 0.00108365275765576 0.9492 1.56621652868743
-4.72945891783567 -4.73071372012551 0.158981392832035 -0.00125480228984198 0.158982967360822 1.9532357678051e-17 100.640708418652 0.00125480228984198 0.949 1.56551968004251
5.54108216432866 5.53982543136957 0.15898625211509 -0.00125673295908957 0.158987831492821 2.15620997711674e-07 100.637632418793 0.00125673295908957 0.9489 1.56542938837502
-8.93787575150301 -9.04747912521768 0.193550786599576 -0.109603373714675 0.205563686129214 27.0167683614369 82.6656418250644 0.109603373714675 0.9072 1.62025871470923
3.43687374749499 3.407655952278 0.178369750312275 -0.0292177952169905 0.179223429869617 2.71069724074368 89.7013085009566 0.0292177952169905 0.9379 1.60853620855423
9.69939879759519 9.69814399530674 0.158981392827267 -0.00125480228844665 0.15898296735605 4.06389185873418e-39 100.640708421671 0.00125480228844665 0.9499 1.5655360998826
7.64529058116232 7.64403577887387 0.1589813928273 -0.00125480228845642 0.158982967356083 1.63392817402608e-20 100.640708421649 0.00125480228845642 0.949 1.56555212479461
-13.2464929859719 -13.2477271971283 0.159022621452375 -0.00123421115631572 0.159024144729553 1.00912774494634e-05 100.614616045628 0.00123421115631572 0.9487 1.56548217445641
-7.03406813627254 -7.0354651518379 0.159268395418355 -0.00139701556535865 0.159270347070845 0.000150955496356773 100.459353269507 0.00139701556535865 0.9493 1.56600477041033
1.33266533066132 1.39175003492839 0.154550978522711 0.0590847042670628 0.158041980801037 26.0500580521167 103.525711405631 0.0590847042670628 0.9439 1.54352933799354
-11.1422845691383 -11.0437482991676 0.199644073984726 0.0985362699706727 0.209353470484459 21.3183870335089 80.1426242244691 0.0985362699706727 0.9102 1.63458713065987
-4.67935871743487 -4.68061351972412 0.158981392830032 -0.00125480228925401 0.158982967358818 8.55343389185232e-18 100.64070841992 0.00125480228925401 0.949 1.56551845560336
-2.82565130260521 -2.82690610488236 0.158981392855815 -0.00125480227715169 0.158982967384569 1.13222255003592e-14 100.640708403599 0.00125480227715169 0.9496 1.56557692124814
-0.721442885771543 -0.722473636288162 0.159357180607755 -0.00103075051661872 0.159358243054383 0.00067131920102384 100.403382759279 0.00103075051661872 0.9495 1.56639270373376
-8.88777555110221 -8.99194284048492 0.197081964682657 -0.104167289382712 0.207932788859998 23.2696956211633 81.184496134709 0.104167289382712 0.9085 1.62953878358578
5.59118236472946 5.58992618364181 0.158984925905057 -0.00125618108765302 0.158986503895982 1.2334831566443e-07 100.638471911198 0.00125618108765302 0.9488 1.56540101473855
3.48697394789579 3.46064630092547 0.177489505063385 -0.0263276469703206 0.178182650058379 2.16777706371272 90.1461750895415 0.0263276469703206 0.9389 1.60713165854147
-13.1963927855711 -13.1976189350899 0.159038033220976 -0.00122614951879108 0.159039536663618 1.67175823730194e-05 100.604865867329 0.00122614951879108 0.9489 1.56554387574733
7.69539078156313 7.69413597927467 0.158981392827285 -0.00125480228845198 0.158982967356068 6.72357932171962e-21 100.640708421659 0.00125480228845198 0.9499 1.5655522496883
1.38276553106212 1.44063688353641 0.150757128280932 0.0578713524742873 0.154106221718135 28.0140925661578 106.130968282869 0.0578713524742873 0.9477 1.53469887721655
9.74949899799599 9.74824419570755 0.158981392827267 -0.00125480228844665 0.15898296735605 1.21238806326805e-39 100.640708421671 0.00125480228844665 0.9499 1.5655360998826
-6.98396793587174 -6.98532957445455 0.159201846171797 -0.00136163858280369 0.159203700231427 9.43801864385799e-05 100.501347093263 0.00136163858280369 0.9491 1.5658566061851
-4.62925851703407 -4.63051331932298 0.158981392828859 -0.00125480228891028 0.158982967357643 3.72262198679326e-18 100.640708420663 0.00125480228891028 0.949 1.56554346666807
-11.0921843687375 -10.9878960809044 0.196713075844781 0.104288287833119 0.207589122823945 24.9127276161447 81.3367384516167 0.104288287833119 0.9102 1.62613242989777
-8.8376753507014 -8.93594391261754 0.199833201858281 -0.0982685619161394 0.209489912119348 19.807858273016 80.0667749463723 0.0982685619161394 0.9105 1.6372406149161
-2.77555110220441 -2.77680590447347 0.158981392876074 -0.00125480226906083 0.158982967404808 2.40030171741472e-14 100.640708390774 0.00125480226906083 0.9496 1.56550817612887
-0.671342685370741 -0.672305936213999 0.159460752145744 -0.000963250843258434 0.159461679997931 0.00102373363791505 100.338169641745 0.000963250843258434 0.9494 1.56668002593062
5.64128256513026 5.64002678272129 0.158983948375853 -0.00125578240897184 0.158985525365312 7.00114153636952e-08 100.639090697222 0.00125578240897184 0.9487 1.56539360025359
-13.1462925851703 -13.1475077577484 0.159058700325266 -0.00121517257806225 0.15906017696966 2.74813225580399e-05 100.591793892952 0.00121517257806225 0.9494 1.56562843869632
1.43286573146293 1.48888929287248 0.146935475579211 0.0560235614095503 0.15007411501222 29.8606188904492 108.891334355635 0.0560235614095503 0.9511 1.52583493286081
7.74549098196393 7.74423617967548 0.158981392827277 -0.00125480228845021 0.15898296735606 2.74512146796442e-21 100.640708421664 0.00125480228845021 0.9499 1.56555071279453
3.53707414829659 3.51348550296606 0.176458731557885 -0.0235886453305301 0.177015155746414 1.71836454915321 90.6727587733534 0.0235886453305301 0.9394 1.6053814884804
9.79959919839679 9.79834439610835 0.158981392827267 -0.00125480228844665 0.15898296735605 3.58867907820156e-40 100.640708421671 0.00125480228844665 0.9499 1.5655360998826
-6.93386773547094 -6.93520242243195 0.159149878495034 -0.00133468696100891 0.159151659884318 5.85562948541618e-05 100.534164092995 0.00133468696100891 0.949 1.56576707007684
-11.0420841683367 -10.9325680594971 0.193003223789246 0.109516108839559 0.204997001884605 28.7730491975938 82.9001696752563 0.109516108839559 0.9084 1.61615391211231
-8.7875751503006 -8.87960524091405 0.201797053890145 -0.0920300906134486 0.210266591468464 16.6645146717479 79.2875797320122 0.0920300906134486 0.9119 1.64328488763812
-2.72545090180361 -2.72670570405902 0.158981392910094 -0.0012548022554153 0.158982967438794 5.04886005838143e-14 100.640708369238 0.0012548022554153 0.9496 1.56549958934225
-0.62124248496994 -0.622120167901802 0.159588766927758 -0.000877682931861967 0.159589537255087 0.00154895067977797 100.257682968644 0.000877682931861967 0.9493 1.56703502223066
5.69138276553106 5.69012726977586 0.158983231642975 -0.0012554957552009 0.158984807912567 3.9427383150272e-08 100.639544401329 0.0012554957552009 0.9487 1.56539543183924
-13.0961923847695 -13.097392705678 0.159086222084025 -0.00120032090848099 0.159087662854308 4.48275061387233e-05 100.5743916123 0.00120032090848099 0.9492 1.56574037818273
1.48296593186373 1.53650474107743 0.14315288246866 0.0535388092136977 0.14601928656068 31.5939446232044 111.768619143962 0.0535388092136977 0.9539 1.51708772169487
3.5871743486974 3.56615476786096 0.175317030306276 -0.0210195808364388 0.175758853084816 1.35033719678052 91.2632387854634 0.0210195808364388 0.9412 1.60326204391403
7.79559118236473 7.79433638007628 0.158981392827272 -0.00125480228844843 0.158982967356055 1.11202886748252e-21 100.640708421667 0.00125480228844843 0.9499 1.5655451122739
9.8496993987976 9.84844459650915 0.158981392827267 -0.00125480228844665 0.15898296735605 1.053952541993e-40 100.640708421671 0.00125480228844665 0.9499 1.5655360998826
-6.88376753507014 -6.88508179222714 0.159109515813701 -0.00131425715699951 0.159111243085576 3.60511914572801e-05 100.559667460331 0.00131425715699951 0.9494 1.5656935708194
-10.9919839679359 -10.8778865553455 0.188551601032598 0.114097412590322 0.201569820592404 32.8477038011643 84.8574072687606 0.114097412590322 0.9078 1.60467487547081
-2.67535070140281 -2.67660550363538 0.158981392966794 -0.00125480223257046 0.158982967495437 1.05369347979259e-13 100.640708333345 0.00125480223257046 0.9496 1.56549278208415
-0.571142284569138 -0.571912199363204 0.159745786424261 -0.000769914794065629 0.159746379193051 0.00232530848711074 100.159136326178 0.000769914794065629 0.9497 1.56746081734243
5.74148296593187 5.74022767530898 0.158982708915014 -0.00125529062288887 0.158984284669562 2.20303050568887e-08 100.639875299603 0.00125529062288887 0.9487 1.56540649561469
-13.0460921843687 -13.0472725389859 0.159122615209431 -0.00118035461720822 0.159124008446453 7.2560604818344e-05 100.551389121788 0.00118035461720822 0.9489 1.56580045126263
3.6372745490982 3.61864108182816 0.174101722048214 -0.0186334672700417 0.174448928150718 1.05208404749596 91.9002972042352 0.0186334672700417 0.9417 1.60088627354301
1.53306613226453 1.58349204893172 0.139475660627482 0.0504259166671941 0.142018433699209 33.1709227772492 114.715355553924 0.0504259166671941 0.9562 1.50861101233826
7.84569138276553 7.84443658047709 0.158981392827269 -0.00125480228844754 0.158982967356053 4.46955224829229e-22 100.640708421669 0.00125480228844754 0.9499 1.56554819669379
-6.83366733466934 -6.8349661823674 0.15907833412796 -0.00129884769805777 0.159080021133302 2.20248015175441e-05 100.579378629461 0.00129884769805777 0.9493 1.56559240663738
9.8997995991984 9.89854479690995 0.158981392827267 -0.00125480228844665 0.15898296735605 3.07114944690883e-41 100.640708421671 0.00125480228844665 0.9499 1.5655360998826
-10.9418837675351 -10.8239687929204 0.183417102106793 0.117914974614669 0.197321043345171 37.0756343153588 87.2328687795106 0.117914974614669 0.9073 1.59188249464217
-2.625250501002 -2.62650530319661 0.158981393060582 -0.00125480219460394 0.158982967589129 2.18186921114129e-13 100.640708273974 0.00125480219460394 0.9496 1.56543740015528
-0.521042084168336 -0.521677156588663 0.159936893239803 -0.000635072420327343 0.159937296556782 0.0034635020918308 100.039457287758 0.000635072420327343 0.9498 1.5679822380735
5.79158316633266 5.79032802180614 0.158982329721429 -0.00125514452652808 0.158983905109212 1.22133985811172e-08 100.640115338827 0.00125514452652808 0.9487 1.56540949214289
3.687374749499 3.67093675488012 0.172846948337542 -0.0164379946188786 0.173117156004632 0.812811768584277 92.5674427803877 0.0164379946188786 0.9426 1.59831975834176
-12.9959919839679 -12.9971456677083 0.15917039909919 -0.00115368374038738 0.159171730085363 0.000116550406817979 100.521203003514 0.00115368374038738 0.949 1.56594589766224
1.58316633266533 1.62987141535634 0.135967998399027 0.0467050826910089 0.138149363148201 34.514565497852 117.67474838487 0.0467050826910089 0.9583 1.50053337345422
7.89579158316633 7.89453678087788 0.158981392827268 -0.00125480228844754 0.158982967356051 1.78240108337536e-22 100.64070842167 0.00125480228844754 0.9499 1.56555306842973
-6.78356713426854 -6.78485441614058 0.159054373318151 -0.00128728187204441 0.159056030412769 1.33519419776618e-05 100.594530450261 0.00128728187204441 0.949 1.56556823572138
9.9498997995992 9.94864499731075 0.158981392827267 -0.00125480228844665 0.15898296735605 8.87920958195661e-42 100.640708421671 0.00125480228844665 0.9499 1.5655360998826
-10.8917835671343 -10.7709236796483 0.177678330539799 0.120859887485919 0.192285442942908 41.3900873069686 90.0503733426067 0.120859887485919 0.9088 1.57784898372462
-2.5751503006012 -2.57640510273317 0.158981393214553 -0.00125480213196738 0.158982967742944 4.48266822862576e-13 100.640708176505 0.00125480213196738 0.9496 1.5654539830623
-0.470941883767535 -0.471409345044973 0.160167662227613 -0.000467461277437353 0.160167880747659 0.00511848634639745 99.8953207999158 0.000467461277437353 0.9498 1.56860971279603
5.84168336673347 5.84042832575826 0.158982056141181 -0.00125504097520768 0.15898363126903 6.7180930031257e-09 100.640288522823 0.00125504097520768 0.9487 1.56540254244561
3.7374749498998 3.72303887074838 0.171583017791319 -0.0144360791514164 0.171791418172585 0.622738207310673 93.2493215584968 0.0144360791514164 0.9436 1.59560207760534
-12.9458917835671 -12.9470100690229 0.159232690799688 -0.00111828545577097 0.159233941362048 0.000185776663277876 100.481879189794 0.00111828545577097 0.9497 1.5660795300465
1.63326653306613 1.67567418397338 0.132690570732571 0.0424076509072497 0.134488979588042 35.6419075789937 120.581288569833 0.0424076509072497 0.961 1.49302872877353
-6.73346693386774 -6.73474557702592 0.159036058980494 -0.00127864315818726 0.15903769390882 8.03176936352724e-06 100.60611475516 0.00127864315818726 0.949 1.56553194849092
10 9.99874519771155 0.158981392827267 -0.00125480228844665 0.15898296735605 2.54707143658836e-42 100.640708421671 0.00125480228844665 0.9499 1.5655360998826
-2.5250501002004 -2.52630490222978 0.158981393465437 -0.00125480202938366 0.15898296799357 9.13772201755319e-13 100.640708017686 0.00125480202938366 0.9496 1.56543083391114
-0.420841683366733 -0.421102177702882 0.160444101629456 -0.000260494336149164 0.160444169486755 0.00750512496689494 99.7232047641853 0.000260494336149164 0.9499 1.56945331567
-6.68336673346693 -6.68463895539676 0.159022134709303 -0.00127222192982757 0.159023753257942 4.79410187581958e-06 100.614924011984 0.00127222192982757 0.949 1.56547501327144
