-0.370741482965931 -0.370749179030523 0.160775324168052 -7.69606459238847e-06 0.160775324227281 0.0110410961060619 99.517759225762 7.69606459238847e-06 0.9495 1.57034482607393
-4.57915831663327 -4.52263310281455 0.147851633610945 0.0565252138187171 0.151046733408197 29.4332222067199 108.216592601893 0.0565252138187171 0.95 1.52793555179016
-10.8416833667335 -10.7830389079508 0.166631644642214 0.0586444587827053 0.170070817188131 18.953492777053 96.0201769259053 0.0586444587827053 0.9379 1.57217115401743
1.68336673346693 1.72094235565865 0.129699363810953 0.0375756221917132 0.131111291194047 36.524334147983 123.362208802514 0.0375756221917132 0.9629 1.48610103567737
-15 -15.0012548022868 0.158981392831434 -0.00125480228681774 0.158982967360213 7.79353895880358e-16 100.640708419032 0.00125480228681774 0.9496 1.565532703178
-6.63326653306613 -6.63417262074765 0.159569742367197 -0.000906087681517675 0.159570563362084 0.00174419943325982 100.269636101694 0.000906087681517675 0.95 1.56708937067653
7.94589178356713 7.94463698127869 0.158981392827267 -0.00125480228844754 0.15898296735605 7.05245491305605e-23 100.64070842167 0.00125480228844754 0.9499 1.56554719078629
-8.7374749498998 -8.77751906212399 0.179684927844487 -0.0400441122241961 0.181288458768311 5.4967938695703 89.0447529012983 0.0400441122241961 0.9343 1.60870451714226
5.89178356713427 5.89052859919889 0.158981859843715 -0.00125496793538105 0.158983434788234 3.66647691589548e-09 100.640412785009 0.00125496793538105 0.9487 1.56541910771812
3.7875751503006 3.77494867149734 0.170335995356222 -0.0126264788032588 0.170495423323191 0.47319060305466 93.9319957977137 0.0126264788032588 0.9449 1.59290151823188
-12.8957915831663 -12.8969608761789 0.159134279998556 -0.00116929301252533 0.159135647244705 0.000145423258932273 100.544018549273 0.00116929301252533 0.9489 1.56580576771389
-2.4749498997996 -2.49918101644602 0.176717697491939 -0.0242311166464244 0.177304844505872 1.81834998017493 90.5398849525515 0.0242311166464244 0.9397 1.60582185362166
-4.52905811623246 -4.47486515818919 0.144053570551927 0.0541929580432763 0.146990447253407 31.1832799701227 111.069791180445 0.0541929580432763 0.9525 1.51916194086971
-10.7915831663327 -10.7321150466785 0.163423717614975 0.0594681196541718 0.166960174870178 20.9926998959875 97.9050056717955 0.0594681196541718 0.9389 1.56443848029804
-0.320641282565131 -0.320339375367377 0.16116157252252 0.000301907197753526 0.161161663670476 0.0158354914125676 99.2792496968483 0.000301907197753526 0.9497 1.57126379732087
1.73346693386774 1.76572786710741 0.127044726922885 0.0322609332396724 0.12808549473638 37.2387303792585 125.939898392728 0.0322609332396724 0.9649 1.48000837780006
7.99599198396794 7.99473718167949 0.158981392827267 -0.00125480228844754 0.15898296735605 2.76865384692233e-23 100.64070842167 0.00125480228844754 0.9499 1.56554720493562
-14.9498997995992 -14.9511546018848 0.158981392834579 -0.00125480228557961 0.158982967363355 1.69794453265479e-15 100.640708417042 0.00125480228557961 0.9496 1.56553084582983
-6.58316633266533 -6.58396874623382 0.159715675288266 -0.000802413568492533 0.159716319155801 0.00240442359909753 100.178019290355 0.000802413568492533 0.9504 1.56739647661277
-8.687374749499 -8.72423700888627 0.179641395797418 -0.0368622593872736 0.181000221964553 4.53800469817604 89.0663308920356 0.0368622593872736 0.9349 1.60946717693806
5.94188376753507 5.94062885086501 0.158981719783438 -0.00125491667006195 0.158983294599287 1.98538785166792e-09 100.640501447556 0.00125491667006195 0.9487 1.56542582765923
3.8376753507014 3.82667090704639 0.169127518339651 -0.0110044436550103 0.169248616119807 0.356628010872152 94.6031737299422 0.0110044436550103 0.9455 1.59025381244689
-12.8456913827655 -12.8468325621222 0.15918101158575 -0.00114117935668645 0.159182313876075 0.00022790177226759 100.514501325309 0.00114117935668645 0.9493 1.5659686998533
-2.4248496993988 -2.44646956841111 0.175599113253061 -0.0216198690123171 0.176066531989171 1.43187436260808 91.1166332425719 0.0216198690123171 0.94 1.60377852184189
-10.7414829659319 -10.6817352855347 0.159975675159973 0.0597476803971198 0.163545460472809 23.0491161377858 100.015205336688 0.0597476803971198 0.9409 1.55626348203055
-4.47895791583166 -4.4277285117969 0.140345101033742 0.0512294040347587 0.142969552871498 32.8096853476727 114.004691878438 0.0512294040347587 0.9551 1.51061569555218
-0.270541082164328 -0.269864682434141 0.161613157672639 0.00067639973018746 0.161613615189234 0.0225886019471215 99.0018401373566 0.00067639973018746 0.9494 1.57251290442421
1.78356713426854 1.81009165895091 0.124770646072596 0.0265245246823773 0.125474196482222 37.8244125501341 128.235290139402 0.0265245246823773 0.9654 1.47477825961551
-14.8997995991984 -14.9010544014818 0.15898139284 -0.00125480228343555 0.158982967368771 3.67033537036798e-15 100.64070841361 0.00125480228343555 0.9496 1.56554924153001
8.04609218436874 8.04483738208029 0.158981392827267 -0.00125480228844665 0.15898296735605 1.07842628804805e-23 100.64070842167 0.00125480228844665 0.9499 1.56554398507353
-6.53306613226453 -6.53373947724399 0.159895347314067 -0.000673344979463586 0.159895800707528 0.00338499070610621 100.065450738681 0.000673344979463586 0.9501 1.56784624307531
-8.6372745490982 -8.67099255973944 0.179309526007812 -0.0337180106412429 0.180446430249415 3.71170060026016 89.2311767044821 0.0337180106412429 0.9368 1.60947106683536
3.88777555110221 3.87821317721298 0.167974812491715 -0.00956237388922521 0.168066251486112 0.266607336239919 95.2523760119644 0.00956237388922521 0.9465 1.58767732651581
5.99198396793587 5.99072908706843 0.158981620415398 -0.00125488086744152 0.15898319514139 1.06668264017827e-09 100.640564350735 0.00125488086744152 0.9487 1.56540252129792
-12.7955911823647 -12.7966959117753 0.159240293670274 -0.00110472941055662 0.159241514097345 0.000354368249147255 100.477081718587 0.00110472941055662 0.9491 1.56613067281011
-2.374749498998 -2.39393845228955 0.174398225490492 -0.0191889532915548 0.174766441418917 1.1178945718205 91.7440527562726 0.0191889532915548 0.9415 1.60147162205953
-10.6913827655311 -10.6319374331509 0.156342766504436 0.0594453323801485 0.159876514046222 25.0862516787482 102.339240616841 0.0594453323801485 0.9432 1.54773895364364
-4.42885771543086 -4.38120568411598 0.136791057338519 0.0476520313148843 0.139061773426953 34.1997498198139 116.966710480237 0.0476520313148843 0.958 1.50239837141553
-0.220440881763526 -0.219314532960167 0.162136367433467 0.00112634880335938 0.162137636095093 0.0320897003480653 98.6823638229448 0.00112634880335938 0.9496 1.57386700322946
1.83366733466934 1.85410255925943 0.122914218608168 0.0204352245900952 0.123331817012215 38.2527241812124 130.172084085777 0.0204352245900952 0.9678 1.47054629786667
-14.8496993987976 -14.8509542010773 0.158981392849277 -0.00125480227975316 0.158982967378039 7.87193430245354e-15 100.640708407737 0.00125480227975316 0.9496 1.56558808192978
8.09619238476954 8.09493758248109 0.158981392827267 -0.00125480228844665 0.15898296735605 4.16778907954175e-24 100.64070842167 0.00125480228844665 0.9499 1.56554403866245
-6.48296593186373 -6.48347921091798 0.16011400109676 -0.000513279054254134 0.160114264552148 0.00485100083200628 99.928800044981 0.000513279054254134 0.9503 1.56838881274508
-8.5871743486974 -8.61782603183349 0.178726845246259 -0.0306516831360977 0.179666370925335 3.00810716724234 89.5220859404439 0.0306516831360977 0.9374 1.60889505039461
3.93787575150301 3.92958529044713 0.166890874492257 -0.0082904610558745 0.166959606236776 0.19771059185514 95.871029789243 0.0082904610558745 0.9468 1.58519305681973
-12.7454909819639 -12.7465487567231 0.159314943747436 -0.00105777475913627 0.159316062634877 0.000546707559447463 100.430001251892 0.00105777475913627 0.9495 1.56626231213678
6.04208416833668 6.04082931234613 0.158981550323385 -0.00125485599054453 0.158983124986942 5.6861531940682e-10 100.640608721291 0.00125485599054453 0.9487 1.56540959280256
-2.32464929859719 -2.34159658864599 0.173150007931506 -0.0169472900487939 0.173437218571504 0.865399405925529 92.4054245861149 0.0169472900487939 0.9423 1.59893661631078
-10.6412825651303 -10.5827502075861 0.152585739028934 0.0585323575441663 0.156011775908612 27.0820350201155 104.859078586407 0.0585323575441663 0.9462 1.53894935488092
-4.37875751503006 -4.33526797107228 0.133453073266893 0.0434895439577794 0.135344413700548 35.3722087339957 119.892330752111 0.0434895439577794 0.9601 1.4947340260218
-0.170340681362726 -0.168677427741201 0.162736987843642 0.00166325362152489 0.162739754256252 0.0452372631970499 98.3181525724981 0.00166325362152489 0.949 1.57538089457015
1.88376753507014 1.89783600969188 0.121505297196997 0.0140684746217432 0.121703219175179 38.5124532660379 131.681501704894 0.0140684746217432 0.9686 1.46736324121721
-14.7995991983968 -14.8008540006703 0.158981392865031 -0.00125480227347552 0.158982967393777 1.67513817039314e-14 100.640708397764 0.00125480227347552 0.9496 1.56555068112826
8.14629258517034 8.14503778288189 0.158981392827267 -0.00125480228844665 0.15898296735605 1.598138672356e-24 100.640708421671 0.00125480228844665 0.9499 1.56554208236705
-6.43286573146293 -6.43318149581018 0.160377378800326 -0.000315764347255332 0.160377478507449 0.0069864101892257 99.764693248419 0.000315764347255332 0.95 1.56926592736754
-8.53707414829659 -8.56477159011265 0.177933305823347 -0.0276974418160592 0.178700454106501 2.41595367496232 89.9213327486025 0.0276974418160592 0.9387 1.60775852197033
-12.6953907815631 -12.6963884589448 0.159408247972061 -0.000997677381672446 0.159409243332219 0.000836851487322575 100.371217948548 0.000997677381672446 0.9495 1.56652115702095
3.98797595190381 3.98079865935494 0.165884783771813 -0.00717729254886779 0.165936297300145 0.145448313466956 96.4524872999151 0.00717729254886779 0.9478 1.58276277728957
6.09218436873747 6.09092952994292 0.158981501171847 -0.00125483879455768 0.158983075792247 3.00742874856046e-10 100.640639835859 0.00125483879455768 0.9492 1.56539985101398
-2.27454909819639 -2.28944798512053 0.171885735872265 -0.01489888692414 0.172107712703844 0.664351794863803 93.0850946927334 0.01489888692414 0.9432 1.59626141317365
-10.5911823647295 -10.5341922630225 0.148769117216333 0.0569901017069974 0.152016988908907 28.9947545611835 107.549203083147 0.0569901017069974 0.9496 1.53008623533039
-4.32865731462926 -4.28987587218744 0.130388355376742 0.0387814424418167 0.13189235565461 36.361439686432 122.71034444579 0.0387814424418167 0.9622 1.48765068849899
1.93386773547094 1.94137266238574 0.120566265693279 0.0075049269147982 0.120622589621276 38.6849907745229 132.707104329697 0.0075049269147982 0.9701 1.46529971352688
-0.120240480961924 -0.117941042227563 0.163419950527969 0.00229943873436085 0.163425237946462 0.0632702104214745 97.9072625362325 0.00229943873436085 0.949 1.57714914475224
-14.749498997996 -14.7507538002588 0.158981392891583 -0.00125480226284758 0.158982967420302 3.53682254694633e-14 100.640708380956 0.00125480226284758 0.9496 1.56551434938475
-6.38276553106212 -6.38283896190992 0.160691626143065 -7.34308477925438e-05 0.160691631535154 0.0101017100096277 99.5695941601531 7.34308477925438e-05 0.9495 1.569937625754
8.19639278557114 8.1951379832827 0.158981392827267 -0.00125480228844665 0.15898296735605 6.08018300619496e-25 100.640708421671 0.00125480228844665 0.9499 1.56554189054642
-8.48697394789579 -8.51185712275972 0.176969744412657 -0.0248831748639287 0.177588916803966 1.9231869281476 90.4109346662744 0.0248831748639287 0.9388 1.60621119419449
-12.6452905811623 -12.646211836457 0.159523993236596 -0.000921255294651147 0.159524841947913 0.00127096778369708 100.29839195581 0.000921255294651147 0.9495 1.5668291579393
4.03807615230461 4.031865748638 0.164962106310616 -0.00621040366660708 0.165000675424318 0.106151081598047 96.9919720221851 0.00621040366660708 0.9485 1.58063083495823
6.14228456913828 6.14102974216769 0.158981466910237 -0.00125482697058388 0.158983041500963 1.57821293893967e-10 100.640661524615 0.00125482697058388 0.949 1.56540231422574
-2.22444889779559 -2.23749233894895 0.170632518193561 -0.0130434411533606 0.170802649550682 0.505808151783716 93.7687620706041 0.0130434411533606 0.9445 1.59359878327087
-10.5410821643287 -10.4862714719396 0.144959427292352 0.0548106923890419 0.147963639292518 30.7775227047683 110.375712010309 0.0548106923890419 0.9524 1.52125291227192
-4.27855711422846 -4.24497975789326 0.127648680173566 0.0335773563351989 0.128776119032026 37.075222045974 125.344030022438 0.0335773563351989 0.9641 1.48135151455225
1.98396793587174 1.98479687613666 0.120111909137543 0.000828940264917088 0.120112596279506 38.7297499105349 133.209105698903 0.000828940264917088 0.9699 1.46437071482778
-0.0701402805611213 -0.0670923923897961 0.164188927267852 0.00304788817132517 0.164198216890157 0.0877431959071804 97.4487151249743 0.00304788817132517 0.9488 1.57903877753713
-14.6993987975952 -14.7006535998402 0.158981392935996 -0.00125480224499164 0.15898296746467 7.40916673382277e-14 100.640708352841 0.00125480224499164 0.9496 1.56548926908811
8.24649298597194 8.2452381836835 0.158981392827267 -0.00125480228844665 0.15898296735605 2.29515649636758e-25 100.640708421671 0.00125480228844665 0.9499 1.56554099793263
-6.33266533066132 -6.33244326842128 0.161063157530076 0.000222062240042398 0.161063206841715 0.0145110808596672 99.3399126489384 0.000222062240042398 0.9493 1.57092895435418
-8.43687374749499 -8.45910431726444 0.175876467235006 -0.0222305697694551 0.176370665467281 1.51758380332218 90.9729439733445 0.0222305697694551 0.9398 1.60424372634438
-12.5951903807615 -12.5960150847369 0.159666487877389 -0.000824703975347063 0.159667168014036 0.0019151960685397 100.208880477704 0.000824703975347063 0.9496 1.56727456635709
4.08817635270541 4.08279958646761 0.164125355306194 -0.00537676623780303 0.16415426492137 0.0768581758495315 97.4864607004218 0.00537676623780303 0.9493 1.57861482342902
6.19238476953908 6.19112995065495 0.158981443172737 -0.00125481888412615 0.158983017743169 8.21730324638642e-11 100.64067655126 0.00125481888412615 0.949 1.56540532814986
-2.17434869739479 -2.18572568161291 0.169413061149846 -0.0113769842181162 0.169542496919745 0.381957177464727 94.4437217024724 0.0113769842181162 0.9452 1.59087894979571
-10.4909819639279 -10.4389844794117 0.141223450961486 0.0519974845161855 0.143927189357497 32.4599145420442 113.295631080163 0.0519974845161855 0.9551 1.51263327544311
-4.22845691382765 -4.2005207531938 0.125279615880767 0.0279361606338515 0.126060044951728 37.7055040468207 127.714312400412 0.0279361606338515 0.9653 1.4759011142494
2.03406813627254 2.02819514065972 0.120149344974802 -0.00587299561281984 0.120183837052271 38.7203008218016 133.167600733533 0.00587299561281984 0.9697 1.46458139949004
-0.0200400801603209 -0.0161180672306259 0.165045878489864 0.00392201292969503 0.165061260675285 0.120793675289379 96.9427418993842 0.00392201292969503 0.9479 1.5811807713339
-14.6492985971944 -14.6505533994096 0.158981393009726 -0.00125480221521279 0.158982967538325 1.53999364146215e-13 100.640708306168 0.00125480221521279 0.9496 1.56547172903146
-6.28256513026052 -6.28198507599966 0.161498476174266 0.0005800542608565 0.161498812637212 0.020738071238598 99.0721422209277 0.0005800542608565 0.9495 1.57216366348341
8.29659318637275 8.2953383840843 0.158981392827267 -0.00125480228844665 0.15898296735605 8.59609917929669e-26 100.640708421671 0.00125480228844665 0.9499 1.56553625099764
-8.38677354709419 -8.40652891088045 0.174692016508144 -0.0197553637862615 0.175082290906472 1.18724214442193 91.5897607676541 0.0197553637862615 0.9412 1.60198528590353
-12.5450901803607 -12.5457936959728 0.159840566345454 -0.000703515612110905 0.15984106127967 0.00286341359432247 100.099745426453 0.000703515612110905 0.9497 1.56765618354812
4.13827655310621 4.13361334583319 0.163374477643444 -0.00466320727302261 0.163396223145515 0.0552097689488362 97.9345135836891 0.00466320727302261 0.9488 1.576655869102
6.24248496993988 6.24123015655576 0.158981426828191 -0.00125481338412481 0.15898300138482 4.24508597832365e-11 100.640686897916 0.00125481338412481 0.949 1.56541189981692
-2.12424849699399 -2.13414103729341 0.168245639424704 -0.00989254029942632 0.16834350177828 0.286097735166696 95.0990471712082 0.00989254029942632 0.946 1.58827780980487
-10.4408817635271 -10.3923165351716 0.137626581474986 0.0485652283554199 0.1399851628802 33.9276727293719 116.256611393839 0.0485652283554199 0.9577 1.5043432361179
-4.17835671342685 -4.15643181229925 0.123319951380057 0.0219249011275977 0.123800652669512 38.1544341808639 129.743807234321 0.0219249011275977 0.9671 1.47138785073082
2.08416833667335 2.07165445789384 0.120677991687853 -0.0125138787795041 0.120834588849961 38.5797983717332 132.584241552393 0.0125138787795041 0.9693 1.46598416031205
0.0300601202404813 0.0349954663039321 0.165990567337212 0.00493534606345074 0.166014924977978 0.164975684769061 96.3910194215781 0.00493534606345074 0.9473 1.58358086676197
-14.5991983967936 -14.6004531989595 0.158981393131206 -0.00125480216591178 0.158982967659682 3.17586438557198e-13 100.640708229266 0.00125480216591178 0.9496 1.5654520840333
8.34669338677355 8.3454385844851 0.158981392827267 -0.00125480228844665 0.15898296735605 3.19436099075123e-26 100.640708421671 0.00125480228844665 0.9499 1.56553625099764
-6.23246492985972 -6.23145405105251 0.162003943986226 0.0010108788072074 0.162004965862188 0.029516502822845 98.7630276541934 0.0010108788072074 0.9492 1.57352146137593
-8.33667334669339 -8.35414108550801 0.173452156819193 -0.0174677388146218 0.173757278718489 0.920945428114554 92.2444568773994 0.0174677388146218 0.9418 1.59953084282568
-12.4949899799599 -12.495542378977 0.160051572571805 -0.000552399017070826 0.160051877716479 0.00424762816337437 99.9677775288448 0.000552399017070826 0.9498 1.56835046163108
4.18837675350701 4.1843199983005 0.162707340200229 -0.00405675520651272 0.162723797463035 0.0393468611557235 98.3360675696023 0.00405675520651272 0.9495 1.5749004753305
6.29258517034068 6.29133036067642 0.158981415644744 -0.0012548096642675 0.158982990192038 2.17589096615784e-11 100.640693977422 0.0012548096642675 0.949 1.56543076484317
-2.07414829659319 -2.08272907005792 0.167144242158316 -0.0085807734647334 0.167217871831569 0.212573942276994 95.7257025033811 0.0085807734647334 0.9471 1.58574394269533
-10.3907815631263 -10.3462415994415 0.134231340631175 0.0445399636847998 0.136215148996218 35.1161225332308 119.197200331649 0.0445399636847998 0.96 1.4965435246067
-4.12825651302605 -4.1126389572498 0.121801302832274 0.0156175557762497 0.122045210880698 38.4614474046312 131.361484876995 0.0156175557762497 0.9685 1.4679529230777
0.0801603206412835 0.0862614826154402 0.167020056484988 0.00610116197415664 0.167057280662423 0.223525219378668 95.7968781518053 0.00610116197415664 0.9462 1.58600919550342
2.13426853707415 2.11526070953658 0.12168956310521 -0.0190078275375716 0.122050860612908 38.3050108691885 131.482105709976 0.0190078275375716 0.9695 1.46848934218563
-14.5490981963928 -14.5503529984777 0.158981393329864 -0.00125480208488504 0.158982967858136 6.49828017918813e-13 100.640708103509 0.00125480208488504 0.9496 1.56546085350715
8.39679358717435 8.3955387848859 0.158981392827267 -0.00125480228844665 0.15898296735605 1.17776876270453e-26 100.640708421671 0.00125480228844665 0.9499 1.56553653626216
-6.18236472945892 -6.18083891038253 0.16258549752043 0.00152581907638627 0.162587825644284 0.041688602864274 98.4097612887611 0.00152581907638627 0.9488 1.57509087705152
-8.28657314629259 -8.30194597516188 0.172189102881249 -0.0153728288692943 0.172425426748694 0.708408452947265 92.9210950766986 0.0153728288692943 0.943 1.59689026874537
-12.4448897795591 -12.4452549834924 0.160305316258025 -0.000365203933256453 0.160305449631938 0.00625172218334195 99.80954077809 0.000365203933256453 0.9498 1.5690556071803
4.23847695390782 4.23493203908358 0.162120195523951 -0.00354491482423303 0.162132761945062 0.0278213926012844 98.6922076443972 0.00354491482423303 0.95 1.57342323188558
6.34268537074148 6.3414305635787 0.158981408041513 -0.00125480716278759 0.158982982582528 1.10657595564081e-11 100.640698790529 0.00125480716278759 0.949 1.56544324378662
-2.02404809619238 -2.03147869865027 0.166118857412707 -0.00743060245788696 0.166174071265594 0.156683104598085 96.3165786786595 0.00743060245788696 0.9479 1.5833557076447
-10.3406813627255 -10.3007227106815 0.131096097608877 0.0399586520439588 0.132692791482047 36.1466384676249 122.047873978185 0.0399586520439588 0.9621 1.48933984619134
-4.07815631262525 -4.06906265259457 0.120747861412951 0.00909366003068168 0.120830556065705 38.6735745763511 132.507522806394 0.00909366003068168 0.9696 1.46562259588855
0.130260521042084 0.13769254064295 0.168128210537723 0.00743201960086612 0.168183445453071 0.30043219764796 95.1654689526958 0.00743201960086612 0.946 1.58861787790637
2.18436873747495 2.15909704038659 0.123168090103701 -0.0252716970883586 0.123806748777426 38.0275836301893 129.903776104094 0.0252716970883586 0.9683 1.47212292872493
-14.498997995992 -14.5002527979447 0.158981393652299 -0.00125480195268146 0.158982968180239 1.31925387236628e-12 100.640707899397 0.00125480195268146 0.9496 1.56541950759082
8.44689378757515 8.4456389852867 0.158981392827267 -0.00125480228844665 0.15898296735605 4.30853406914e-27 100.640708421671 0.00125480228844665 0.9499 1.56553653626216
-6.13226452905812 -6.13012751476187 0.163248308523453 0.0021370142962498 0.163252875353556 0.0584175748392491 98.0102038711251 0.0021370142962498 0.9486 1.57672274569744
-8.23647294589178 -8.2499442538801 0.170930993459949 -0.0134713079883149 0.171112469598865 0.540418951143785 93.6050254908803 0.0134713079883149 0.9448 1.59414538373528
-12.3947895791583 -12.3949244336067 0.160607995991793 -0.000134854448393895 0.160608014177516 0.00912940590081098 99.6214410197706 0.000134854448393895 0.9495 1.5698173382538
4.28857715430862 4.28546127950367 0.16160811181462 -0.00311587480494691 0.16161782049042 0.0195176308113583 99.0049312521734 0.00311587480494691 0.9495 1.57209914213321
6.39278557114228 6.39153076565183 0.158981402905854 -0.0012548054904542 0.158982977442673 5.58365776495631e-12 100.640702041577 0.0012548054904542 0.949 1.56544439065869
-1.97394789579158 -1.98037766214725 0.165175857557173 -0.00642976635566517 0.165217199452562 0.114569163107069 96.8664563733948 0.00642976635566517 0.9483 1.58110867681346
-10.2905811623246 -10.2557125974649 0.128274011385457 0.0348685648597513 0.129489828200836 36.9026815382473 124.732982364766 0.0348685648597513 0.9637 1.48282089236846
-4.02805611222445 -4.02561928766042 0.120176243983584 0.00243682456403249 0.12018218209754 38.720575720304 133.137793873684 0.00243682456403249 0.9697 1.46444062219274
0.180360721442886 0.189299954449528 0.169305232237718 0.00893923300664212 0.169385142124465 0.400551552635699 94.5038720217146 0.00893923300664212 0.9453 1.59141377889451
2.23446893787575 2.20324228768192 0.125089984659946 -0.0312266501938385 0.126065088342274 37.5770352305052 127.907921993081 0.0312266501938385 0.9675 1.47678105946622
-14.4488977955912 -14.4501525973297 0.158981394171729 -0.0012548017385452 0.158982968699132 2.65736851275628e-12 100.640707570579 0.0012548017385452 0.9496 1.56540810032629
8.49699398797595 8.4957391856875 0.158981392827267 -0.00125480228844665 0.15898296735605 1.56384063301491e-27 100.640708421671 0.00125480228844665 0.9499 1.56553653626216
-6.08216432865731 -6.07930701985332 0.163996390734201 0.00285730880399271 0.164004554947802 0.0811673329891271 97.5631227514769 0.00285730880399271 0.9483 1.57873388208901
-8.18637274549098 -8.19813277295201 0.169701601402839 -0.0117600274610261 0.169839899648723 0.408893912093177 94.2831409234561 0.0117600274610261 0.9453 1.59146037881466
-12.3446893787575 -12.3445426760087 0.160966083002701 0.000146702748843097 0.160966104524397 0.0132273706727691 99.3998220092836 0.000146702748843097 0.9499 1.57075317174836
4.33867735470942 4.33591870082843 0.16116535710508 -0.00275865388098406 0.161172967276315 0.0135849640292106 99.2769183613572 0.00275865388098406 0.9501 1.57104012498334
6.44288577154309 6.44163096716399 0.158981399459767 -0.00125480437910053 0.158982973993796 2.79543768535397e-12 100.640704223069 0.00125480437910053 0.949 1.56544732877476
-1.92384769539078 -1.92941302433992 0.16431844976824 -0.0055653289491393 0.164349422654552 0.0831113597582373 97.3719020753111 0.0055653289491393 0.949 1.57906785773606
-3.97795591182365 -3.98222273766517 0.120095412191439 -0.00426682584152438 0.1201136179942 38.726674769525 133.227404011863 0.00426682584152438 0.97 1.4644133317331
-10.2404809619238 -10.2111545124524 0.125812199646937 0.02932644947143 0.126672240285537 37.5637375902343 127.173676677622 0.02932644947143 0.9651 1.47716933562196
0.230460921843688 0.241093199126642 0.170537265277869 0.0106322772829535 0.170650310598091 0.529708116448118 93.8211362421578 0.0106322772829535 0.9446 1.59411295538622
2.28456913827655 2.2477694874198 0.127424172669033 -0.0367996508567559 0.128778386972212 36.96048769339 125.564872542338 0.0367996508567559 0.9652 1.48237945367301
-14.3987975951904 -14.4000523965846 0.158981395002279 -0.00125480139419842 0.158982969528818 5.31090647702157e-12 100.640707044813 0.00125480139419842 0.9496 1.56538894350609
8.54709418837675 8.54583938608831 0.158981392827267 -0.00125480228844665 0.15898296735605 5.63182195811404e-28 100.640708421671 0.00125480228844665 0.9499 1.56553653626216
-6.03206412825651 -6.02836409212959 0.164832158566213 0.00370003612692305 0.164845848833554 0.111953955486205 97.068437003892 0.00370003612692305 0.9474 1.58078344800254
-8.13627254509018 -8.14650521848094 0.168520257662258 -0.0102326733907567 0.168624965266979 0.306870347167533 94.9440751038171 0.0102326733907567 0.946 1.58875936591984
-12.2945891783567 -12.2941006498279 0.161386159632884 0.000488528528808985 0.161386398293008 0.0190147515071203 99.1410913822861 0.000488528528808985 0.9494 1.57191580661996
4.38877755511022 4.38631436213596 0.160785731842846 -0.00246319297426112 0.160791799162474 0.00938157676197634 99.5113174323119 0.00246319297426112 0.9502 1.57002837452205
6.49298597194389 6.49173116829885 0.158981397162841 -0.00125480364503794 0.158982971695029 1.3885908576145e-12 100.640705677102 0.00125480364503794 0.949 1.56546348439312
-1.87374749498998 -1.87857160922567 0.163547159530805 -0.00482411423568729 0.163570431608964 0.0598151231490698 97.8311090568732 0.00482411423568729 0.9491 1.5771148334219
-3.92785571142285 -3.93878597475492 0.120506633683919 -0.0109302633320771 0.120626104340427 38.6294046937252 132.772773671257 0.0109302633320771 0.9704 1.46553583888174
-10.190380761523 -10.166983263606 0.123751120318729 0.0233974979170206 0.124298563227506 38.0644971989268 129.291758804211 0.0233974979170206 0.966 1.47243666097026
0.280561122244489 0.293079264850393 0.171806099696581 0.0125181426059041 0.171962803590883 0.694785108674401 93.1282418276001 0.0125181426059041 0.9441 1.59686093010924
2.33466933867735 2.29274448946972 0.130132330285752 -0.0419248492076334 0.131890023266834 36.2127200382014 122.951767365314 0.0419248492076334 0.963 1.48882868547432
-14.3486973947896 -14.349952195634 0.158981396320431 -0.0012548008444444 0.15898297084559 1.05312272561892e-11 100.640706210377 0.0012548008444444 0.9496 1.5653889510992
8.59719438877756 8.59593958648911 0.158981392827267 -0.00125480228844665 0.15898296735605 2.01232814901986e-28 100.640708421671 0.00125480228844665 0.9499 1.56553653626216
-5.98196392785571 -5.97728519599743 0.165755948087455 0.00467873185827639 0.165777838619256 0.15319534284744 96.5274560859693 0.00467873185827639 0.9471 1.58307675769442
-8.08617234468938 -8.09505276336015 0.167401958558897 -0.00888041867076872 0.167480820394665 0.228449118112032 95.5783321637227 0.00888041867076872 0.9465 1.58619797481782
-12.2444889779559 -12.2435882857036 0.161874707316892 0.000900692252358226 0.161875518563425 0.0271200930641425 98.8418775558174 0.000900692252358226 0.9493 1.57316138672032
4.43887775551102 4.43665735415488 0.160462847665317 -0.00222040135614243 0.160467777847499 0.00642807910470204 99.7115546233592 0.00222040135614243 0.9497 1.56919955834332
6.54308617234469 6.54183136918151 0.158981395642231 -0.00125480316318516 0.158982970173209 6.84372026254776e-13 100.640706639701 0.00125480316318516 0.949 1.56546997195673
-3.87775551102204 -3.89522269984374 0.121403470613371 -0.0174671888216942 0.121708573298704 38.3587726530183 131.791948938219 0.0174671888216942 0.9696 1.46776664088023
-1.82364729458918 -1.82784036420265 0.162860319950815 -0.00419306961347132 0.162877901783598 0.0427098639109824 98.2436974508717 0.00419306961347132 0.9499 1.57538869428906
-10.1402805611222 -10.1231264159754 0.122124138700587 0.0171541451468169 0.122418403396305 38.381163823143 131.014230030538 0.0171541451468169 0.9679 1.46874558267663
0.330661322645291 0.345261977125428 0.173089017099776 0.0146006544801369 0.173302196211024 0.903783054669246 92.4379851945022 0.0146006544801369 0.9431 1.59960388990473
2.38476953907816 2.33822471385494 0.133169262654179 -0.0465448252232119 0.135335683409239 35.2026128571862 120.147845539624 0.0465448252232119 0.9604 1.49598448509804
-14.2985971943888 -14.2998519943618 0.158981398396939 -0.00125479997303479 0.158982972919911 2.07196672925272e-11 100.640704895876 0.00125479997303479 0.9496 1.56539579066826
8.64729458917836 8.64603978688991 0.158981392827267 -0.00125480228844665 0.15898296735605 7.13414857520759e-29 100.640708421671 0.00125480228844665 0.9499 1.5655360998826
-5.93186372745491 -5.92605695615886 0.166765516107229 0.00580677129605167 0.166799234700113 0.207963065565987 95.943096471528 0.00580677129605167 0.9465 1.58550972270751
-8.03607214428858 -8.04376469153542 0.166357620456108 -0.00769254724684565 0.166416795739253 0.168708119487952 96.1783413115209 0.00769254724684565 0.9471 1.58374155516308
-12.1943887775551 -12.192994542423 0.162437840176844 0.00139423513211234 0.162439784068448 0.0383770390037189 98.4992165777445 0.00139423513211234 0.9492 1.57470427542894
4.48897795591182 4.48695579088712 0.160190353011466 -0.00202216502470076 0.160194442162853 0.00436994691839621 99.8811707397558 0.00202216502470076 0.9505 1.56838319957568
6.59318637274549 6.59193156989661 0.158981394642458 -0.00125480284888191 0.158982969172648 3.34659886301126e-13 100.640707272591 0.00125480284888191 0.949 1.56544456983114
-3.82765531062124 -3.85144896579144 0.122771793881626 -0.023793655170202 0.123337931907984 38.1010688374554 130.323093718309 0.023793655170202 0.9684 1.47114987028342
-1.77354709418838 -1.77720665123125 0.162254545164666 -0.00365955704287457 0.162267937522416 0.0302565006223737 98.6104887463224 0.00365955704287457 0.9497 1.5738259332428
-10.0901803607214 -10.0795056363051 0.120957244846876 0.0106747244163135 0.121071194588241 38.6185829052054 132.278145226066 0.0106747244163135 0.9692 1.46613727595398
0.380761523046093 0.397641306464077 0.174358811822676 0.0168797834179835 0.174643738910914 1.16583304173127 91.7647914248928 0.0168797834179835 0.9433 1.60214661478318
-14.248496993988 -14.2497517925896 0.158981401643904 -0.00125479860161981 0.158982976163435 4.04464148584616e-11 100.640702840435 0.00125479860161981 0.9496 1.5653928480668
2.43486973947896 2.38425808048739 0.136483462989272 -0.0506116589915737 0.139045003015151 33.944486033563 117.230319700033 0.0506116589915737 0.9581 1.50376891593865
8.69739478957916 8.69613998729071 0.158981392827267 -0.00125480228844665 0.15898296735605 2.50945238094694e-29 100.640708421671 0.00125480228844665 0.9499 1.5655360998826
-5.88176352705411 -5.87466659632157 0.16785553885318 0.00709693073254236 0.167905905279002 0.280055911028197 95.320059792575 0.00709693073254236 0.9455 1.5880334719022
-7.98597194388778 -7.99262897673501 0.165394444292952 -0.00665703284723662 0.165438760379282 0.123598208297242 96.7384368223412 0.00665703284723662 0.9472 1.58142928243557
-12.1442885771543 -12.1423074898442 0.163080982373538 0.00198108731015445 0.163084907080468 0.0538798972212155 98.1107653825136 0.00198108731015445 0.9489 1.57633253647322
4.53907815631263 4.53721683110099 0.159962108367128 -0.00186132521164062 0.159965572898671 0.00294755427894556 100.023687880373 0.00186132521164062 0.95 1.56793259426603
6.64328657314629 6.64203177050111 0.158981393989689 -0.00125480264518529 0.158982968519368 1.62371024458315e-13 100.640707685817 0.00125480264518529 0.949 1.56544754292156
-3.77755511022044 -3.80738476189809 0.124589835007969 -0.0298296516776544 0.12547964312718 37.703008333516 128.421391672736 0.0298296516776544 0.967 1.47555284095571
-1.72344689378757 -1.72665846922 0.161725171612927 -0.00321157543242112 0.161735485829685 0.0212660990155156 98.933269573486 0.00321157543242112 0.9496 1.57245487866399
-10.0400801603206 -10.0360381520954 0.120268882901225 0.00404200822520728 0.120285220731718 38.6892830859031 133.035242483632 0.00404200822520728 0.9696 1.46466153898397
0.430861723446894 0.450212695605497 0.175584020203477 0.0193509721586036 0.17595848032696 1.49114582833046 91.1244655490759 0.0193509721586036 0.9417 1.60450122963992
-14.1983967935872 -14.1996515900458 0.158981406683614 -0.00125479645862647 0.158982981197766 7.83376877688725e-11 100.640699650125 0.00125479645862647 0.9496 1.56539225647531
2.48496993987976 2.430882143463 0.140017883653193 -0.0540877964167574 0.142943373374414 32.49533637422 114.271117249779 0.0540877964167574 0.9553 1.51201851279148
8.74749498997996 8.74624018769151 0.158981392827267 -0.00125480228844665 0.15898296735605 8.75808649896308e-30 100.640708421671 0.00125480228844665 0.9499 1.5655360998826
-5.83166332665331 -5.82310245173399 0.169017137227546 0.0085608749193149 0.16909042580693 0.374111261984463 94.6649568348762 0.0085608749193149 0.9457 1.590702037968
-7.93587174348697 -7.94163280241858 0.164516353550493 -0.00576105893160683 0.164549543350507 0.0898322826368186 97.2547692353836 0.00576105893160683 0.9481 1.57926827430765
-12.0941883767535 -12.0915144467379 0.163808490218227 0.00267393001559668 0.163815640119955 0.0750500307792787 97.675034906217 0.00267393001559668 0.9487 1.57815211241512
4.58917835671343 4.58744672236987 0.159772315465757 -0.0017316343435585 0.159775314023257 0.00197259977658536 100.142505623442 0.0017316343435585 0.9502 1.56743588297197
-3.72745490981964 -3.76295552893153 0.126828299525364 -0.0355006191118936 0.128088593482692 37.1401230870424 126.154809769409 0.0355006191118936 0.9657 1.48091278477801
6.69338677354709 6.69213197103306 0.158981393566476 -0.00125480251403243 0.158982968095825 7.81640158899611e-14 100.640707953725 0.00125480251403243 0.949 1.56541907438384
-9.98997995991984 -9.99263829642447 0.120069856547229 -0.00265833650463243 0.120076923300201 38.7260904468331 133.255760105839 0.00265833650463243 0.9703 1.46433401040256
-1.67334669338677 -1.67618461313723 0.16126665605516 -0.00283791975046155 0.16127470984367 0.0148582737071621 99.2145579959651 0.00283791975046155 0.9498 1.57129115356085
0.480961923847696 0.50296643644503 0.176729383090401 0.0220045125973346 0.177213581665047 1.89087709893129 90.5338983264353 0.0220045125973346 0.9415 1.60651671683884
-14.1482965931864 -14.14955138632 0.158981414448325 -0.00125479313361687 0.158982988954134 1.50541045252505e-10 100.640694734796 0.00125479313361687 0.9496 1.56538629277021
2.53507014028056 2.4781234583718 0.143710939192008 -0.0569466819087623 0.146953863772425 30.8721675076301 111.334600483147 0.0569466819087623 0.9511 1.52057851648304
8.79759519038076 8.79634038809231 0.158981392827267 -0.00125480228844665 0.15898296735605 3.03272452455041e-30 100.640708421671 0.00125480228844665 0.9499 1.5655360998826
-5.78156312625251 -5.77135454873593 0.170237460445821 0.0102085775165781 0.170341675500733 0.495712290571322 93.9863644470432 0.0102085775165781 0.9445 1.59343139423224
-7.88577154308617 -7.89076301426457 0.163724472511759 -0.00499147117840071 0.163749387296283 0.0647751269913563 97.7251583378954 0.00499147117840071 0.9485 1.57737725655061
-12.0440881763527 -12.0406021815473 0.164623223792996 0.0034859948053807 0.164635375952779 0.103713635238989 97.1916333027172 0.0034859948053807 0.9485 1.58018839787273
4.63927855711423 4.63765086111699 0.159615605746623 -0.00162769599723589 0.159618255140882 0.00130980985576863 100.24082498173 0.00162769599723589 0.9499 1.56697136961072
-3.67735470941884 -3.71809357306381 0.129450575008174 -0.0407388636449735 0.131110230019258 36.4366940799073 123.59929648045 0.0407388636449735 0.9635 1.48719652767091
6.7434869739479 6.74223217151775 0.158981393294038 -0.00125480243014664 0.158982967823177 3.73334959614741e-14 100.640708126188 0.00125480243014664 0.949 1.56541152665193
-9.93987975951904 -9.94921910965044 0.12036328194188 -0.00933935013140186 0.120450505402756 38.630664258306 132.930905022397 0.00933935013140186 0.9696 1.46514235444625
0.531062124248498 0.55588713164376 0.177756556403289 0.0248250073952617 0.178372837395464 2.376889918261 90.0107446034207 0.0248250073952617 0.9393 1.608123886606
-1.62324649298597 -1.62577477684833 0.160872923709963 -0.0025282838623617 0.160879315929251 0.0103181681559901 99.4573830761375 0.0025282838623617 0.9503 1.57026188318108
2.58517034068136 2.52599720668292 0.147497744892369 -0.0591731339984447 0.150999204679567 29.1150497603069 108.476234749727 0.0591731339984447 0.9487 1.52935180050192
-14.0981963927856 -14.0994511807965 0.158981426323648 -0.00125478801091461 0.1589830008166 2.87033487328641e-10 100.64068721731 0.00125478801091461 0.9496 1.56538957619213
8.84769539078156 8.84644058849312 0.158981392827267 -0.00125480228844665 0.15898296735605 1.04195786752747e-30 100.640708421671 0.00125480228844665 0.9499 1.5655360998826
-5.7314629258517 -5.71941523970498 0.171499363426567 0.012047686146726 0.171644510168057 0.651481469202534 93.2948069329184 0.012047686146726 0.944 1.59615099536823
-7.83567134268537 -7.84000650081998 0.163017616370039 -0.00433515813460961 0.163036409966091 0.0463392289538711 98.1489016725717 0.00433515813460961 0.9491 1.57560304467636
-11.9939879759519 -11.9895571827638 0.165526077406867 0.00443079318806738 0.165545709335143 0.142190829152369 96.6615064566026 0.00443079318806738 0.9476 1.58243043571274
4.68937875751503 4.68783386301668 0.159487093897963 -0.00154489449834827 0.159489480596974 0.000862919041906609 100.32159724621 0.00154489449834827 0.9496 1.56663256502891
-3.62725450901804 -3.67273934643271 0.132413072043953 -0.0454848374146706 0.134481942478592 35.4612474471937 120.833991335002 0.0454848374146706 0.961 1.49419371689856
6.7935871743487 6.79233237197184 0.158981393119917 -0.00125480237685505 0.158982967648922 1.76922846099835e-14 100.640708236413 0.00125480237685505 0.949 1.56540701801103
0.581162324649299 0.608953276969171 0.178625071127752 0.0277909523198728 0.179397408158598 2.96139908477886 89.5730923939386 0.0277909523198728 0.9385 1.60932173041217
-9.88977955911824 -9.90569396892975 0.12114457032723 -0.0159144098115114 0.121397838766879 38.4325900891144 132.073603932735 0.0159144098115114 0.97 1.46713482266107
-1.57314629258517 -1.57541960749426 0.160537663701235 -0.00227331490909033 0.160542831661911 0.00714096871029493 99.6650856323438 0.00227331490909033 0.9501 1.56939008494169
2.63527054108216 2.57450709504441 0.151311574537245 -0.0607634460377535 0.155003770911628 27.1871071566116 105.742075904852 0.0607634460377535 0.9445 1.53817880198611
-14.0480961923848 -14.0493509725586 0.158981444352753 -0.00125478017383962 0.158983018826038 5.43004801416376e-10 100.64067580427 0.00125478017383962 0.9487 1.56539157364117
8.89779559118237 8.89654078889392 0.158981392827267 -0.00125480228844665 0.15898296735605 3.55190069472282e-31 100.640708421671 0.00125480228844665 0.9499 1.5655360998826
-5.6813627254509 -5.66727987662431 0.172781215074919 0.0140828488265958 0.172979541705991 0.849147947954282 92.6026593403822 0.0140828488265958 0.9431 1.5987902808395
-7.78557114228457 -7.78935050175327 0.162392770138216 -0.00377935946870345 0.162407053696209 0.0328897963194566 98.5265537768836 0.00377935946870345 0.9494 1.57403107346227
-11.9438877755511 -11.9383660036064 0.166515483465475 0.00552177194470893 0.166545973430885 0.193395042715212 96.0871605871858 0.00552177194470893 0.9467 1.58486693874385
4.73947895791583 4.73799963902507 0.159382402470147 -0.00147931889076069 0.159384590854528 0.00056405917805799 100.387494177702 0.00147931889076069 0.9501 1.5663964825946
-3.57715430861723 -3.62684256193889 0.135665736815374 -0.0496882533216616 0.138134659333531 34.3014549297603 117.936926268821 0.0496882533216616 0.9579 1.50183215167133
6.8436873747495 6.84243257240627 0.158981393009436 -0.0012548023432295 0.158982967538356 8.31883741275517e-15 100.640708306351 0.0012548023432295 0.949 1.56539464078808
0.631262525050101 0.662136999415772 0.179293527989764 0.0308744743656716 0.18024676115712 3.6564894335228 89.2391386314485 0.0308744743656716 0.9376 1.6099770947845
-9.83967935871743 -9.86197821618679 0.122401435507871 -0.0222988574693535 0.12289867455231 38.1358059935689 130.717421193734 0.0222988574693535 0.9689 1.47024134634238
-1.52304609218437 -1.52511071946281 0.16025457205296 -0.00206462727844192 0.160258834738759 0.00496614791985859 99.8411452168268 0.00206462727844192 0.9505 1.56862198064136
2.68537074148297 2.6236455393974 0.155085499540508 -0.0617252020855639 0.158895500113012 25.2159034366562 103.168897462401 0.0617252020855639 0.941 1.54689380488632
-13.997995991984 -13.9992507602516 0.15898147152467 -0.00125476826765514 0.158983045968076 1.01922069643434e-09 100.640658603523 0.00125476826765514 0.9487 1.56538892294694
8.94789579158317 8.94664098929472 0.158981392827267 -0.00125480228844665 0.15898296735605 1.20133722341575e-31 100.640708421671 0.00125480228844665 0.9499 1.5655360998826
-5.6312625250501 -5.61494750125768 0.174056874086391 0.0163150237924192 0.174323054087738 1.09757337923786 91.9239764817253 0.0163150237924192 0.9427 1.60140981872974
-7.73547094188377 -7.73878284631668 0.16184553883332 -0.0033119044329144 0.161856507544293 0.023160665126398 98.8596912546224 0.0033119044329144 0.9496 1.57272233907061
4.78957915831663 4.78815147321307 0.159297663409955 -0.00142768510356461 0.15929970169471 0.000365824099905964 100.440895726284 0.00142768510356461 0.9499 1.56622745753798
-11.8937875751503 -11.8870156829334 0.167586909955937 0.00677189221690355 0.167632768480134 0.260940378328127 95.4728505001185 0.00677189221690355 0.9462 1.58736013787031
-3.52705410821643 -3.58036311076757 0.139152768951585 -0.0533090025511331 0.141994618704582 32.877612996742 114.981542376399 0.0533090025511331 0.9559 1.50997972849864
6.8937875751503 6.89253277282814 0.158981392939846 -0.00125480232215924 0.158982967468714 3.88092113498172e-15 100.640708350404 0.00125480232215924 0.949 1.56535172692466
0.681362725450903 0.715403982857711 0.179720994134468 0.0340412574068083 0.180879801340305 4.47351166899601 89.0268834593065 0.0340412574068083 0.9367 1.61002053329104
-9.78957915831663 -9.81799075466843 0.124113934925236 -0.028411596351793 0.124921153732493 37.8230539227476 128.913808184698 0.028411596351793 0.9682 1.47441373410844
2.73547094188377 2.67339413443214 0.15875415082864 -0.0620768074516254 0.162607680852026 23.1939462822597 100.784766360349 0.0620768074516254 0.9385 1.55542633826964
-1.47294589178357 -1.4748406757778 0.160017544828457 -0.00189478399422804 0.160021135034842 0.00344946205541117 99.9890356845081 0.00189478399422804 0.9505 1.56802006486464
-13.9478957915832 -13.9491505418882 0.158981512177662 -0.00125475030502109 0.15898308657599 1.89813134045596e-09 100.640632868808 0.00125475030502109 0.9487 1.56539741604479
8.99799599198397 8.99674118969552 0.158981392827267 -0.00125480228844665 0.15898296735605 4.03146148015965e-32 100.640708421671 0.00125480228844665 0.9499 1.5655360998826
-5.5811623246493 -5.56242152493805 0.175295865663287 0.0187407997112521 0.175647083237104 1.40671819990431 91.2742576070406 0.0187407997112521 0.9415 1.60375192331847
-7.68537074148297 -7.68829212704986 0.161370556635458 -0.00292138556689814 0.161379091129089 0.016206594845784 99.1506773825201 0.00292138556689814 0.9496 1.57157270007116
4.83967935871744 4.83829209941536 0.159229502007244 -0.0013872593020805 0.159231426495615 0.000235403612142754 100.483891479307 0.0013872593020805 0.9495 1.56599473359499
-11.8436873747495 -11.8354942408364 0.168732377324165 0.00819313391312448 0.168799504767484 0.349252885692135 94.824717423741 0.00819313391312448 0.9457 1.59004001167068
-3.47695390781563 -3.5332717533922 0.142813567882212 -0.0563178455765652 0.145985267612598 31.2843453263538 112.034173204021 0.0563178455765652 0.9522 1.51846161666525
0.731462925851703 0.768713607373534 0.179868550777206 0.0372506815218302 0.181256164051047 5.42237481557772 88.9538495243583 0.0372506815218302 0.9367 1.60931250049078
6.9438877755511 6.94263297324206 0.158981392896335 -0.00125480230904795 0.15898296742517 1.79638930362948e-15 100.640708377948 0.00125480230904795 0.949 1.56539344016815
-9.73947895791583 -9.7736555834967 0.12625456555633 -0.0341766255808711 0.127422607292425 37.3085042049641 126.728090421898 0.0341766255808711 0.9672 1.47957140128294
2.78557114228457 2.72372439853609 0.16225552719368 -0.0618467437484833 0.166080546905971 21.1383873398792 98.6098919200528 0.0618467437484833 0.9367 1.56358691156192
-1.42284569138276 -1.42460294416573 0.159820825716769 -0.00175725278296768 0.159823913654112 0.00246092754557312 100.112109471608 0.00175725278296768 0.9501 1.56748648288451
-13.8977955911824 -13.8990503145744 0.158981572558585 -0.00125472339203725 0.158983146889376 3.50733902817464e-09 100.640594645672 0.00125472339203725 0.9487 1.56539133750541
9.04809619238477 9.04684139009632 0.158981392827267 -0.00125480228844665 0.15898296735605 1.34231226087144e-32 100.640708421671 0.00125480228844665 0.9499 1.5655360998826
4.88977955911824 4.88842377446862 0.159175008216666 -0.00135578464962105 0.159176846368682 0.000150295922197421 100.518292282549 0.00135578464962105 0.9494 1.5659000220152
-5.5310621242485 -5.50971036667768 0.176463786251821 0.021351757570816 0.176919683803184 1.7875288088021 90.6701615093269 0.021351757570816 0.9408 1.60586173141021
-7.63527054108216 -7.63786781543044 0.160961847385781 -0.00259727434827539 0.160968593219821 0.0112760670822799 99.4024376574933 0.00259727434827539 0.9496 1.57049944267412
-11.7935871743487 -11.7837912432175 0.169940025538721 0.00979593113115307 0.170035985805448 0.463679519543904 94.1508626309719 0.00979593113115307 0.9447 1.59280781735437
-3.42685370741483 -3.48555055877893 0.146583915565775 -0.0586968513640969 0.150029235925834 29.5552088432973 109.152494243616 0.0586968513640969 0.9488 1.52720138531386
0.781563126252506 0.822019320634383 0.179700923773484 0.0404561943818772 0.181337627437348 6.51077264255357 89.0368266563184 0.0404561943818772 0.9357 1.60792352213186
6.9939879759519 6.99273317365096 0.158981392869331 -0.00125480230094777 0.158982967398146 8.25010669924396e-16 100.640708395042 0.00125480230094777 0.949 1.5654296344516
-9.68937875751503 -9.72890323879265 0.128788445856931 -0.0395244812776152 0.130350630477196 36.6121034545265 124.2347470966 0.0395244812776152 0.9643 1.48561551992244
2.83567134268537 2.77459877353174 0.165532761660969 -0.0610725691536338 0.169262620363995 19.0970456872378 96.6576032409215 0.0610725691536338 0.9338 1.57128980540937
-13.8476953907816 -13.8489500741272 0.158981661591561 -0.00125468334559464 0.158983235821859 6.43017359533253e-09 100.640538284884 0.00125468334559464 0.9487 1.5653913581986
-1.37274549098196 -1.37439183426613 0.159659113507668 -0.00164634328417179 0.159661823953877 0.00179456232549036 100.213508947183 0.00164634328417179 0.9506 1.56709369894939
4.93987975951904 4.93854834647856 0.15913169967286 -0.00133141304048134 0.159133472333544 9.52082547057488e-05 100.54564887381 0.00133141304048134 0.9494 1.56577073797945
9.09819639278557 9.09694159049712 0.158981392827267 -0.00125480228844665 0.15898296735605 4.43443263295739e-33 100.640708421671 0.00125480228844665 0.9499 1.5655360998826
-5.4809619238477 -5.45682801516125 0.177522953888862 0.024133908686446 0.178105399437348 2.25172628203953 90.1291897723647 0.024133908686446 0.9404 1.60760952922448
-7.58517034068136 -7.58750032714868 0.160613132760472 -0.00232998646732163 0.16061856159741 0.00779881910650231 99.6182549023643 0.00232998646732163 0.9495 1.56969953713229
-11.7434869739479 -11.7318984249479 0.171193766039963 0.0115885490000185 0.171328060507888 0.610585956053211 93.4613471629863 0.0115885490000185 0.945 1.59556255793769
0.831663326653308 0.875269250214949 0.179188115356514 0.0436059235616414 0.181089591926178 7.74340003553429 89.2916361565959 0.0436059235616414 0.9343 1.60575745643147
-3.37675350701403 -3.4371930722949 0.150397384269569 -0.0604395652808698 0.15405032532091 27.6582588748698 106.384828949697 0.0604395652808698 0.9464 1.53605417253277
7.04408817635271 7.04283337405673 0.158981392852697 -0.00125480229597841 0.158982967381499 3.75934455706495e-16 100.640708405572 0.00125480229597841 0.949 1.56544880344733
2.88577154308617 2.82597184777923 0.168535752446366 -0.0597996953069453 0.17211175600517 17.1019040637881 94.9353461669312 0.0597996953069453 0.9334 1.57846030333095
-9.63927855711423 -9.68367210921076 0.131673621227257 -0.0443935520965368 0.133644408695005 35.7311632949117 121.512569115004 0.0443935520965368 0.9624 1.49245610760221
-13.7975951903808 -13.798849814544 0.1589817919247 -0.00125462416325917 0.158983366006491 1.16966396247232e-08 100.640455779856 0.00125462416325917 0.9487 1.56539161635255
-1.32264529058116 -1.32420242152748 0.15952763555395 -0.00155713094631871 0.159530060210734 0.00136245534913106 100.296101954003 0.00155713094631871 0.9502 1.56671201481429
4.98997995991984 4.98866731712396 0.159097480009315 -0.00131264279588184 0.159099203040424 5.98405238556886e-05 100.567274849754 0.00131264279588184 0.9494 1.5656702211829
9.14829659318637 9.14704179089793 0.158981392827267 -0.00125480228844665 0.15898296735605 1.45350331938871e-33 100.640708421671 0.00125480228844665 0.9499 1.5655360998826
-7.53507014028056 -7.5371810450478 0.1603180876946 -0.0021109047672434 0.160322543613536 0.00543282374715708 99.8015896402121 0.0021109047672434 0.9497 1.56891097435219
-5.43086172344689 -5.40379447865194 0.178433309031611 0.0270672447949512 0.1791659447724 2.81148014030812 89.6693565054353 0.0270672447949512 0.9391 1.60890017203231
-11.6933867735471 -11.6798103561041 0.172473055515474 0.0135764174430424 0.172657374626062 0.797431539486319 92.7681135594219 0.0135764174430424 0.9445 1.5983114427578
0.881763527054108 0.928407054859221 0.178306946846214 0.0466435278051126 0.18048256553232 9.12123072890623 89.7329031930521 0.0466435278051126 0.9353 1.60275030759724
-3.32665330661323 -3.3882042003712 0.154186936770172 -0.0615508937579743 0.157975449292578 25.7016388525528 103.770139903935 0.0615508937579743 0.942 1.54481437409765
2.93587174348697 2.87779176128675 0.171222568230762 -0.0580799822002245 0.174595852563141 15.17155535644 93.4456255698505 0.0580799822002245 0.9327 1.58500001098587
7.09418837675351 7.09293357446056 0.158981392842527 -0.00125480229295238 0.158982967371321 1.69964476453359e-16 100.64070841201 0.00125480229295238 0.949 1.56546690168611
-9.58917835671343 -9.63790959344688 0.134861532057846 -0.0487312367334507 0.137236265491417 34.5888602195416 118.640206409172 0.0487312367334507 0.9596 1.49993689145117
-13.74749498998 -13.7487495272747 0.15898198134236 -0.00125453729474145 0.158983555206184 2.11102308730949e-08 100.640335872685 0.00125453729474145 0.9487 1.56539666404414
-1.27254509018036 -1.27403046235549 0.159422193578406 -0.00148537217512956 0.159424399908905 0.00107499184867215 100.362437881843 0.00148537217512956 0.9507 1.56647285988243
-7.48496993987976 -7.48690230764486 0.16007054514858 -0.00193236776510197 0.160074279193759 0.00375344794748532 99.9559287134843 0.00193236776510197 0.9499 1.56829871030369
5.04008016032064 5.03878189747741 0.15907059536895 -0.00129826284323364 0.15907228085536 3.73172451536106e-05 100.584271800137 0.00129826284323364 0.9497 1.56565360100869
9.19839679358718 9.19714199129873 0.158981392827267 -0.00125480228844665 0.15898296735605 4.72702017794683e-34 100.640708421671 0.00125480228844665 0.9499 1.5655360998826
-5.38076152304609 -5.35063608731706 0.179153555194444 0.0301254357290341 0.180061097072308 3.47895708241667 89.3088612315531 0.0301254357290341 0.9388 1.60968025434924
0.93186372745491 0.981373001191461 0.177042420486116 0.0495092737365501 0.179493588672036 10.6409360048409 90.3738208959631 0.0495092737365501 0.9349 1.59892379025062
-11.6432865731463 -11.6275251305312 0.17375282851114 0.0157614426150978 0.174001251584449 1.03280663475674 92.0848318677828 0.0157614426150978 0.9426 1.60093798398421
-3.27655310621243 -3.33859980903386 0.157886665141971 -0.0620467028214331 0.161736458472982 23.6866944798656 101.33851383594 0.0620467028214331 0.9394 1.55337432213657
2.98597194388778 2.93000174302962 0.173560548669363 -0.0559702008581557 0.176693212053465 13.3329105964132 92.1868484668161 0.0559702008581557 0.9321 1.59082254255273
7.14428857715431 7.14303377486319 0.158981392836356 -0.00125480229112274 0.158982967365146 7.62425918136229e-17 100.640708415917 0.00125480229112274 0.949 1.56548763009916
-9.53907815631263 -9.5915730678846 0.138297679716873 -0.0524949115719746 0.141053395457823 33.2405856667128 115.692468830682 0.0524949115719746 0.9563 1.50799443276347
-13.6973947895792 -13.6986492002281 0.158982254652914 -0.00125441064891874 0.15898382819899 3.78023081910795e-08 100.64016285925 0.00125441064891874 0.9487 1.56540060018311
-1.22244488977956 -1.22387230411406 0.159339188116407 -0.00142741433450033 0.15934122562809 0.00086816391860184 100.414720252691 0.00142741433450033 0.95 1.56625478917879
-7.43486973947896 -7.43665737065241 0.159864654165279 -0.00178763117345149 0.159867849790491 0.00264033592236825 100.084662763903 0.00178763117345149 0.9498 1.56778459794526
9.24849699398798 9.24724219169953 0.158981392827267 -0.00125480228844665 0.15898296735605 1.52528973065579e-34 100.640708421671 0.00125480228844665 0.9499 1.5655360998826
5.09018036072144 5.08889305719949 0.159049591303002 -0.00128730352194939 0.15905124845336 2.30896415222364e-05 100.597554944475 0.00128730352194939 0.9492 1.56555592914108
0.981963927855713 1.03410524075115 0.1753888145695 0.0521413128954353 0.17810753107996 12.2945212341906 91.2258859795178 0.0521413128954353 0.9341 1.59432686027716
-5.33066132264529 -5.297385615216 0.179642511116768 0.0332757074292864 0.180749783821687 4.26574511354941 89.0657779193477 0.0332757074292864 0.9379 1.60985194098274
-11.5931863727455 -11.5750450508971 0.175003623333908 0.0181413218483648 0.175332730892314 1.32641494768026 91.4266784606617 0.0181413218483648 0.9418 1.6033906084404
-3.22645290581162 -3.28840604359744 0.161433595674201 -0.0619531377858138 0.165271786955709 21.631627147875 99.1119595222953 0.0619531377858138 0.9374 1.56161987631244
3.03607214428858 2.98254172442554 0.17552703920675 -0.0535304198630366 0.178392545057462 11.6056832655173 91.1540471046968 0.0535304198630366 0.9322 1.59590413342141
7.19438877755511 7.19313397526509 0.15898139283264 -0.00125480229002495 0.158982967361427 3.39336521712233e-17 100.640708418269 0.00125480229002495 0.949 1.56547689332735
-9.48897795591182 -9.54463063444832 0.141922516692592 -0.0556526785364984 0.145019737320878 31.6771988783109 112.737572394213 0.0556526785364984 0.9532 1.51642382209177
-13.6472945891784 -13.6485488164298 0.158982646188338 -0.00125422725143309 0.158984219274336 6.71640870364952e-08 100.639915007112 0.00125422725143309 0.9487 1.56540169203607
-1.17234468937876 -1.1737247926659 0.159275627553951 -0.00138010328714055 0.159277532239035 0.000738109684286266 100.454791770199 0.00138010328714055 0.9503 1.56610578146614
-7.38476953907816 -7.38644034817268 0.159694996433132 -0.00167080909452011 0.159697788036162 0.00192705959434081 100.190991310736 0.00167080909452011 0.9496 1.56726194599439
1.03206412825651 1.08654125123873 0.173350439632322 0.0544771229822103 0.176318196560741 14.0692414446672 92.298583343291 0.0544771229822103 0.9345 1.58893626175906
9.29859719438878 9.29734239210033 0.158981392827267 -0.00125480228844665 0.15898296735605 4.88326956003504e-35 100.640708421671 0.00125480228844665 0.9499 1.5655360998826
-5.28056112224449 -5.24408219425897 0.179860627785571 0.0364789279855158 0.181191339972544 5.18216811709404 88.9577680062092 0.0364789279855158 0.9375 1.60934777900028
5.14028056112225 5.13900156725192 0.159033271629762 -0.00127899387032571 0.159034907455082 1.41748425598266e-05 100.607878062453 0.00127899387032571 0.9489 1.5655205232145
-11.5430861723447 -11.5223772798978 0.176191930168958 0.0207088924468835 0.176620788395334 1.68898149818509 90.8100614180056 0.0207088924468835 0.9418 1.60557556605577
-3.17635270541082 -3.23765838760695 0.164769473779451 -0.0613056821961275 0.168527860448984 19.5840943880396 97.1053656541775 0.0613056821961275 0.9359 1.56944680872678
3.08617234468938 3.03534996948567 0.177109722498931 -0.0508223752037118 0.179692636320278 10.0053469921001 90.3394786816209 0.0508223752037118 0.9325 1.60019637507726
7.24448897795591 7.24323417566654 0.15898139283042 -0.00125480228937036 0.158982967359205 1.49850093502011e-17 100.640708419675 0.00125480228937036 0.949 1.56551953809832
-9.43887775551102 -9.49706162226596 0.145672572851152 -0.0581838667549377 0.149057935201708 29.9893727467045 109.835363561189 0.0581838667549377 0.9498 1.52512981043105
-13.5971943887776 -13.5984483522224 0.158983203082265 -0.00125396344483164 0.158984775506586 1.18399365449412e-07 100.639562480829 0.00125396344483164 0.9487 1.56541110912727
-1.12224448897796 -1.12358517930922 0.159229127175399 -0.00134069033126027 0.159230924625963 0.000658801777641106 100.484128022477 0.00134069033126027 0.9494 1.56597207849341
-7.33466933867735 -7.33624613933548 0.159556667335545 -0.00157680065812826 0.159559153635861 0.00144545985152356 100.277852797917 0.00157680065812826 0.9501 1.56687740271958
1.08216432865731 1.13861939620638 0.170942003718228 0.056455067549066 0.174129178370198 15.9478291105193 93.5989964548066 0.056455067549066 0.9354 1.58276096510831
-5.23046092184369 -5.19077099970675 0.179771606117797 0.0396899221369322 0.181346896037033 6.23652369948645 89.0018192834961 0.0396899221369322 0.9358 1.60816562578216
9.34869739478958 9.34744259250113 0.158981392827267 -0.00125480228844665 0.15898296735605 1.55118112748869e-35 100.640708421671 0.00125480228844665 0.9499 1.5655360998826
5.19038076152305 5.18910803648311 0.159020660289099 -0.00127272503993758 0.159022280118126 8.63401392304111e-06 100.615856901311 0.00127272503993758 0.9493 1.56551515673135
-11.4929859719439 -11.4695344238052 0.177280781593965 0.0234515481386737 0.177830756704066 2.13206663088505 90.2523096758766 0.0234515481386737 0.94 1.60742131743411
-3.12625250501002 -3.18640048992601 0.16784243593855 -0.0601479849159894 0.171460216028004 17.5727251876713 95.3275011205027 0.0601479849159894 0.9332 1.57673498043047
3.13627254509018 3.08836466203711 0.178306534654774 -0.0479078830530701 0.1806016999134 8.54272173373774 89.7331106287172 0.0479078830530701 0.9327 1.60367656271274
-13.5470941883768 -13.5483477748722 0.158983989526989 -0.00125358649541774 0.15898556100609 2.0708807716071e-07 100.639064647978 0.00125358649541774 0.9487 1.56540850661851
-9.38877755511022 -9.44885682209017 0.149481811360772 -0.0600792669799457 0.15309132968162 28.126776669176 107.036433759718 0.0600792669799457 0.9463 1.53390179778925
7.29458917835671 7.29333437606773 0.158981392829103 -0.00125480228898311 0.158982967357887 6.56563740348167e-18 100.640708420508 0.00125480228898311 0.949 1.565533511397
-7.28456913827655 -7.2860703451818 0.159445327814114 -0.00150120690525135 0.159447581436287 0.00114109366306523 100.347876098654 0.00150120690525135 0.95 1.56659267412835
-1.07214428857715 -1.07345102823801 0.159197902918894 -0.00130673966085304 0.159199610487436 0.000610497723297746 100.503836461661 0.00130673966085304 0.9497 1.56590676946683
1.13226452905812 1.19028054983475 0.16818855970147 0.0580160207766316 0.171554418368225 17.9090308532841 95.1313218235505 0.0580160207766316 0.9362 1.57594226182937
-5.18036072144289 -5.13750269592632 0.179344036428411 0.0428580255165638 0.181180846779589 7.43429595407513 89.2140063234652 0.0428580255165638 0.9346 1.60615540235304
-11.4428857715431 -11.416535012589 0.178230593702791 0.0263507589541305 0.178924956200249 2.6677685963488 89.7713443443995 0.0263507589541305 0.9394 1.60879234250152
9.39879759519038 9.39754279290193 0.158981392827267 -0.00125480228844665 0.15898296735605 4.88886210848277e-36 100.640708421671 0.00125480228844665 0.9499 1.5655360998826
5.24048096192385 5.23921294257744 0.159010966792967 -0.00126801934640763 0.15901257466603 5.21795942991851e-06 100.621990562651 0.00126801934640763 0.9494 1.5654520938763
3.18637274549098 3.14152539380703 0.179125180572768 -0.0448473516839485 0.181136465525831 7.22387492755398 89.3230083500191 0.0448473516839485 0.9328 1.6063194464927
-3.07615230460922 -3.13468279905363 0.170608476899738 -0.0585304944444096 0.174034295679645 15.6272996925335 93.7819754958764 0.0585304944444096 0.9326 1.58341384123788
-13.496993987976 -13.4982470394138 0.158985092246628 -0.00125305143782484 0.158986662384533 3.59380309263148e-07 100.638366616033 0.00125305143782484 0.9488 1.56540782686911
-9.33867735470942 -9.40001843956701 0.153283186845703 -0.0613410848575899 0.157045915537209 26.1762698184512 104.381963405457 0.0613410848575899 0.9434 1.54268642173097
7.34468937875751 7.34343457646876 0.158981392828328 -0.00125480228875663 0.158982967357112 2.85423832109925e-18 100.640708420999 0.00125480228875663 0.949 1.56555159710296
-7.23446893787575 -7.23590917962176 0.159357233378737 -0.00144024174601132 0.159359307675024 0.000914482390474355 100.403349510803 0.00144024174601132 0.9497 1.56639765272718
-1.02204408817635 -1.02332012503927 0.159180763692336 -0.00127603686291922 0.159182391962412 0.000598417864540854 100.514657857307 0.00127603686291922 0.9498 1.56592569113402
1.18236472945892 1.24146972856415 0.16512503492099 0.0591049991052346 0.168618435840219 19.9284110965046 96.8962701970408 0.0591049991052346 0.9383 1.56853414678136
-5.13026052104208 -5.08433264168335 0.17855297094368 0.0459278793587297 0.18066234104607 8.77741135819818 89.609262256671 0.0459278793587297 0.9337 1.60336484364313
-11.3927855711423 -11.363403840807 0.179000251125411 0.029381730335249 0.179863537202904 3.30830272086518 89.385349458477 0.029381730335249 0.9381 1.60972472317556
9.44889779559118 9.44764299330274 0.158981392827267 -0.00125480228844665 0.15898296735605 1.52878539733342e-36 100.640708421671 0.00125480228844665 0.9499 1.5655360998826
5.29058116232465 5.28931665793752 0.159003555535087 -0.00126450438713022 0.159005154506432 3.12883101286121e-06 100.626680618279 0.00126450438713022 0.9492 1.56543753353787
-3.02605210420842 -3.08256105261644 0.173032629673213 -0.0565089484080241 0.176225890923394 13.7647011726717 92.468108646429 0.0565089484080241 0.9326 1.5893814811278
3.23647294589178 3.1947745039308 0.179582286563643 -0.0416984419609814 0.181321046625616 6.05032538907084 89.0956469380385 0.0416984419609814 0.9338 1.60819243128373
-13.4468937875751 -13.448146084525 0.158986627461884 -0.00125229694983631 0.158988195709535 6.1879517966476e-07 100.637394826404 0.00125229694983631 0.9486 1.56541955049868
-9.28857715430862 -9.35055976217135 0.157010356885236 -0.0619826078627295 0.160852200562701 24.1783307948796 101.904105674347 0.0619826078627295 0.9402 1.55130883145646
7.39478957915832 7.39353477686969 0.158981392827875 -0.00125480228862429 0.158982967356659 1.23111049256039e-18 100.640708421285 0.00125480228862429 0.949 1.56555234084725
-7.18436873747495 -7.1857593773667 0.159289246325263 -0.00139063989175359 0.159291180204572 0.000768745619618198 100.446203175126 0.00139063989175359 0.9492 1.56622887776841
1.23246492985972 1.29213766971488 0.161795370221406 0.0596727398551602 0.165356206103228 21.9793473757185 98.8903451199196 0.0596727398551602 0.94 1.56055228770583
-0.97194388777555 -0.973190386249926 0.159177105169195 -0.00124649847437519 0.159178658927641 0.00059514184770786 100.516968084028 0.00124649847437519 0.9496 1.56592403132133
-5.08016032064128 -5.03131986567976 0.177381337232081 0.0488404549615193 0.179766727272929 10.2636163186287 90.2011465787185 0.0488404549615193 0.9341 1.59981128398888
-11.3426853707415 -11.3101721356409 0.179548412024901 0.0325132351005983 0.180605522481608 4.06545468186536 89.1124561869195 0.0325132351005983 0.9369 1.61006819609234
9.49899799599199 9.49774319370354 0.158981392827267 -0.00125480228844665 0.15898296735605 4.74327959785036e-37 100.640708421671 0.00125480228844665 0.9499 1.5655360998826
5.34068136272545 5.33941947110003 0.158997918975859 -0.00126189162541923 0.158999511346333 1.86147400410362e-06 100.630247886636 0.00126189162541923 0.9491 1.56543487638415
-2.97595190380762 -3.03009467682353 0.175089792490035 -0.0541427730159163 0.178021232359888 12.0091534784176 91.381683491975 0.0541427730159163 0.9322 1.59458324567398
3.28657314629259 3.24805823006359 0.179702248402839 -0.0385149162289911 0.181185647174965 5.01950405534891 89.036170344028 0.0385149162289911 0.9344 1.60924370570074
-13.3967935871743 -13.3980448271801 0.15898874965934 -0.00125124000573251 0.158990315260892 1.05714126813414e-06 100.636051508567 0.00125124000573251 0.949 1.56543839832359
-9.23847695390782 -9.30050454458375 0.160599478501831 -0.0620275906759353 0.164446900506892 22.1253603841942 99.6267245028294 0.0620275906759353 0.9372 1.55966714452602
7.44488977955912 7.44363497727057 0.158981392827613 -0.00125480228854791 0.158982967356396 5.26862507760929e-19 100.640708421451 0.00125480228854791 0.949 1.56554354564447
-7.13426853707415 -7.13561810088234 0.159238836723001 -0.00134956380819418 0.159240658045473 0.000674272822040582 100.478001028306 0.00134956380819418 0.9502 1.56609476576507
1.28256513026052 1.34224229910009 0.158251319355531 0.0596771688395676 0.161812683836237 24.0284817328165 101.105002253119 0.0596771688395676 0.942 1.55219595130821
-5.03006012024048 -4.97852583470052 0.175821104561281 0.0515342855399652 0.178476887147396 11.8860550392729 91.0015895982686 0.0515342855399652 0.9342 1.5953865022668
-0.921843687374748 -0.923059769636197 0.159186906999028 -0.00121608226144854 0.159188385855095 0.000627577988897232 100.510778817366 0.00121608226144854 0.9493 1.5658834770864
9.54909819639279 9.54784339410434 0.158981392827267 -0.00125480228844665 0.15898296735605 1.46017324616459e-37 100.640708421671 0.00125480228844665 0.9499 1.5655360998826
-11.2925851703407 -11.2568775229601 0.179834990803972 0.0357076473805833 0.181110026885428 4.94991908672823 88.9704496798441 0.0357076473805833 0.9369 1.60976522241427
5.39078156312625 5.3895216042813 0.158993654547777 -0.00125995884495289 0.158995242044068 1.09881683132069e-06 100.63294692803 0.00125995884495289 0.9489 1.56540769367464
-2.92585170340681 -2.97734515482841 0.176765159111458 -0.0514934514215932 0.179416734650766 10.3771971482835 90.5155749041658 0.0514934514215932 0.9319 1.59909290461761
3.33667334669339 3.30132764285606 0.179515847741967 -0.0353457038373235 0.180765166521723 4.12540240567001 89.1286212401598 0.0353457038373235 0.9358 1.6096545607575
-13.3466933867735 -13.3479431557807 0.158991662512122 -0.00124976900718643 0.158993224434694 1.79189514386765e-06 100.63420777665 0.00124976900718643 0.949 1.56540831742029
-9.18837675350701 -9.24988612797947 0.163991006219413 -0.061509374472454 0.167774409367406 20.0732319193206 97.56632615933 0.061509374472454 0.9355 1.56763996417604
7.49498997995992 7.49373517767142 0.158981392827462 -0.0012548022885035 0.158982967356245 2.23712895320133e-19 100.640708421547 0.0012548022885035 0.949 1.56554958989253
-7.08416833667335 -7.08548284765541 0.159204077055297 -0.00131451098206714 0.159205804994419 0.000615650940536514 100.499938795177 0.00131451098206714 0.9499 1.56599974595127
1.33266533066132 1.39175003492803 0.154550978523964 0.0590847042667098 0.158041980802249 26.0500580521167 103.525711404791 0.0590847042667098 0.9439 1.54352978390236
-4.97995991983968 -4.92601304793963 0.173874127034682 0.0539468719000524 0.176784392022483 13.6331138604916 92.0205914063829 0.0539468719000524 0.9349 1.59018155045
-0.871743486973948 -0.872926184634725 0.159210734363876 -0.0011826976607775 0.159212133137633 0.000703387467280373 100.495736445961 0.0011826976607775 0.9492 1.56599732972833
9.59919839679359 9.59794359450514 0.158981392827267 -0.00125480228844665 0.15898296735605 4.45988345832585e-38 100.640708421671 0.00125480228844665 0.9499 1.5655360998826
-11.2424849699399 -11.2035637690592 0.179822758350679 0.0389212008806847 0.181337618228674 5.97055172193715 88.9765018997083 0.0389212008806847 0.9364 1.60868769702763
5.44088176352706 5.43962322761925 0.158990445017303 -0.00125853590780434 0.158992028929934 6.43557107926703e-07 100.634978399228 0.00125853590780434 0.9488 1.56542148320032
-2.87575150300601 -2.92437442389085 0.178054234374532 -0.0486229208848421 0.180418422809906 8.88078998722049 89.8602611513547 0.0486229208848421 0.9326 1.60277550871542
3.38677354709419 3.35453934800403 0.179058718800251 -0.0322341990901558 0.180097762391235 3.35932907271831 89.3561626443267 0.0322341990901558 0.9376 1.60938777202746
-13.2965931863727 -13.2978409214097 0.158995632324716 -0.00124773503694797 0.158997189167439 3.01360007408666e-06 100.631695135645 0.00124773503694797 0.949 1.56542033598615
-9.13827655310621 -9.19874631956445 0.167131399671789 -0.0604697664582421 0.170787992327303 18.0507156168507 95.7330581292365 0.0604697664582421 0.9341 1.57505353593585
7.54509018036072 7.54383537807225 0.158981392827376 -0.00125480228847863 0.158982967356159 9.42493153951553e-20 100.640708421601 0.00125480228847863 0.949 1.56555020179552
-7.03406813627254 -7.03535135842358 0.159183634578432 -0.00128322215103172 0.159185281237521 0.000601845528913969 100.512845069614 0.00128322215103172 0.9499 1.56592650349997
1.38276553106212 1.44063688353621 0.150757128281652 0.0578713524740848 0.154106221718831 28.0140925661578 106.130968282362 0.0578713524740848 0.9477 1.53470119418875
-4.92985971943888 -4.87384350111551 0.171552606142212 0.0560162183233626 0.174690422857462 15.4885729519076 93.2658521476292 0.0560162183233626 0.9352 1.58423654662498
9.64929859719439 9.64804379490594 0.158981392827267 -0.00125480228844665 0.15898296735605 1.35156238196819e-38 100.640708421671 0.00125480228844665 0.9499 1.5655360998826
-0.821643286573146 -0.822787402311719 0.159249743812534 -0.00114411573857387 0.159251052813357 0.000783613257966197 100.47111924296 0.00114411573857387 0.9497 1.56607852328389
-11.1923847695391 -11.1502802844382 0.179478984107054 0.0421044851008894 0.181251771772665 7.13358266692934 89.1469275893409 0.0421044851008894 0.9354 1.6069107142787
5.49098196392786 5.48972447063329 0.158988041977069 -0.00125749329456415 0.158989623266455 3.73974801724896e-07 100.636499456404 0.00125749329456415 0.9491 1.5654051761985
-13.2464929859719 -13.2477379267961 0.159001004387332 -0.00124494082420057 0.159002554264988 5.02865801750462e-06 100.628295158585 0.00124494082420057 0.9491 1.5654357947757
-2.82565130260521 -2.87124335868303 0.178962443110587 -0.0455920560778225 0.181041078687991 7.52713231407372 89.4042332117305 0.0455920560778225 0.9333 1.60564889282272
3.43687374749499 3.407655952278 0.178369750312275 -0.0292177952169905 0.179223429869617 2.71069724074368 89.7013085009566 0.0292177952169905 0.9379 1.60853620855423
-9.08817635270541 -9.1471340690903 0.169974647943229 -0.0589577163848887 0.17345066026455 16.0880367022651 94.1316848930549 0.0589577163848887 0.9327 1.5819665354534
7.59519038076152 7.59393557847306 0.158981392827328 -0.00125480228846442 0.158982967356111 3.93966098776065e-20 100.640708421632 0.00125480228846442 0.949 1.56555289554988
-6.98396793587174 -6.9852215264974 0.159176764548178 -0.00125359062566233 0.159178336037634 0.000596521922936061 100.517183179441 0.00125359062566233 0.9498 1.56588446078922
1.43286573146293 1.48888929287236 0.146935475579621 0.0560235614094351 0.150074115012617 29.8606188904492 108.891334355331 0.0560235614094351 0.9511 1.52583451159941
-4.87975951903808 -4.82207707213734 0.168879139407328 0.0576824469007331 0.172206404087784 17.4320712767333 94.7423113129965 0.0576824469007331 0.936 1.57753964294496
9.69939879759519 9.69814399530674 0.158981392827267 -0.00125480228844665 0.15898296735605 4.06389185873418e-39 100.640708421671 0.00125480228844665 0.9499 1.5655360998826
-0.771543086172345 -0.772640964257329 0.159305692325785 -0.00109787808498396 0.159306897662074 0.000909676400109749 100.435833562554 0.00109787808498396 0.9493 1.56622173183107
-11.1422845691383 -11.0970813862717 0.178777033053262 0.0452031828666222 0.180820360794535 8.44185492494504 89.4969545402023 0.0452031828666222 0.9344 1.60430348992646
5.54108216432866 5.53982543136957 0.15898625211509 -0.00125673295908957 0.158987831492821 2.15620997711674e-07 100.637632418793 0.00125673295908957 0.9489 1.56542938837502
-13.1963927855711 -13.1976339125248 0.159008222617722 -0.0012411269536905 0.159009763013838 8.32553290909128e-06 100.62372710414 0.0012411269536905 0.9492 1.56547710570509
3.48697394789579 3.46064630092547 0.177489505063385 -0.0263276469703206 0.178182650058379 2.16777706371272 90.1461750895415 0.0263276469703206 0.9389 1.60713165854147
-2.77555110220441 -2.81801039208861 0.179504365190333 -0.0424592898841984 0.181307156487803 6.31880125876286 89.1343226279474 0.0424592898841984 0.9337 1.607740114723
-9.03807615230461 -9.09510398832573 0.172483525230728 -0.057027836021124 0.175735699311981 14.2026765716808 92.7624825536065 0.057027836021124 0.9326 1.58818553496697
7.64529058116232 7.64403577887387 0.1589813928273 -0.00125480228845642 0.158982967356083 1.63392817402608e-20 100.640708421649 0.00125480228845642 0.949 1.56555212479461
-6.93386773547094 -6.93509130791141 0.159183306487958 -0.00122357244047144 0.159184803617475 0.000621999829285632 100.513052235225 0.00122357244047144 0.95 1.56595391688502
1.48296593186373 1.53650474107736 0.143152882468891 0.0535388092136326 0.146019286560905 31.5939446232044 111.768619143781 0.0535388092136326 0.9539 1.51708772169487
-4.82965931863727 -4.77076988566353 0.165886348775429 0.058889432973749 0.169354314091399 19.4398519424702 96.4515773486594 0.058889432973749 0.9373 1.57025049610939
9.74949899799599 9.74824419570755 0.158981392827267 -0.00125480228844665 0.15898296735605 1.21238806326805e-39 100.640708421671 0.00125480228844665 0.9499 1.5655360998826
-11.0921843687375 -11.0440253274867 0.177697825634022 0.0481590412507877 0.180017118888217 9.89416540542396 90.0404939841686 0.0481590412507877 0.9347 1.60085096438501
-0.721442885771543 -0.722484090038169 0.159380947617151 -0.00104120426662568 0.159382031723476 0.00111672637654935 100.38841052968 0.00104120426662568 0.9497 1.56641207253943
-13.1462925851703 -13.1475285399676 0.159017852832558 -0.00123595479727534 0.159019380416819 1.36761997377507e-05 100.617633271955 0.00123595479727534 0.9489 1.5654821263115
5.59118236472946 5.58992618364181 0.158984925905057 -0.00125618108765302 0.158986503895982 1.2334831566443e-07 100.638471911198 0.00125618108765302 0.9488 1.56540101473855
3.53707414829659 3.51348550296606 0.176458731557885 -0.0235886453305301 0.177015155746414 1.71836454915321 90.6727587733534 0.0235886453305301 0.9394 1.6053814884804
-2.72545090180361 -2.76473031584067 0.179702650486916 -0.0392794140370603 0.181245522854011 5.25415550085736 89.0359711258958 0.0392794140370603 0.9343 1.6090416069031
-8.98797595190381 -9.04271476685143 0.174630507419514 -0.0547388149476227 0.177626845281384 12.4197634733739 91.6220208967457 0.0547388149476227 0.932 1.59369547254453
-6.88376753507014 -6.88495863188428 0.15920368467101 -0.00119109681414376 0.15920510338263 0.000683756484993894 100.500186494198 0.00119109681414376 0.95 1.56607027668274
7.69539078156313 7.69413597927467 0.158981392827285 -0.00125480228845198 0.158982967356068 6.72357932171962e-21 100.640708421659 0.00125480228845198 0.9499 1.5655522496883
1.53306613226453 1.58349204893169 0.139475660627612 0.0504259166671575 0.142018433699335 33.1709227772492 114.715355553817 0.0504259166671575 0.9562 1.50861057936104
-4.77955911823647 -4.71997271634041 0.162616109578963 0.0595864018960617 0.166166648869882 21.4857197751713 98.3912359078466 0.0595864018960617 0.9396 1.56245841038015
9.79959919839679 9.79834439610835 0.158981392827267 -0.00125480228844665 0.15898296735605 3.58867907820156e-40 100.640708421671 0.00125480228844665 0.9499 1.5655360998826
-11.0420841683367 -10.9911731120315 0.176231070932081 0.0509110563051323 0.178823006586186 11.4847879882922 90.7898925846415 0.0509110563051323 0.934 1.59663321316046
-13.0961923847695 -13.0974213703707 0.159030609917106 -0.00122898560112183 0.159032120322714 2.22901132890743e-05 100.609561947476 0.00122898560112183 0.9491 1.56552456487427
-0.671342685370741 -0.672313583182111 0.159478496763681 -0.000970897811370275 0.159479439406242 0.00141634912481993 100.327005362417 0.000970897811370275 0.9496 1.56667197853254
5.64128256513026 5.64002678272129 0.158983948375853 -0.00125578240897184 0.158985525365312 7.00114153636952e-08 100.639090697222 0.00125578240897184 0.9487 1.56539360025359
3.5871743486974 3.56615476786096 0.175317030306276 -0.0210195808364388 0.175758853084816 1.35033719678052 91.2632387854634 0.0210195808364388 0.9412 1.60326204391403
-2.67535070140281 -2.71145329213972 0.179586683651472 -0.0361025907369101 0.180890080709389 4.32794572715459 89.0934654768253 0.0361025907369101 0.9355 1.60956268453062
-8.93787575150301 -8.99002754240092 0.176398300232852 -0.0521517908979163 0.179118109526712 10.7568766443765 90.7038218558766 0.0521517908979163 0.9322 1.59831727914957
-6.83366733466934 -6.83482131095155 0.159238912986983 -0.00115397628220837 0.159240244648243 0.000760884354773117 100.477952906573 0.00115397628220837 0.9496 1.56616562241849
7.74549098196393 7.74423617967548 0.158981392827277 -0.00125480228845021 0.15898296735606 2.74512146796442e-21 100.640708421664 0.00125480228845021 0.9499 1.56555071279453
1.58316633266533 1.62987141535632 0.135967998399099 0.0467050826909887 0.138149363148271 34.514565497852 117.674748384808 0.0467050826909887 0.9583 1.50053337345422
-4.72945891783567 -4.66972948948771 0.159118425700685 0.0597294283479615 0.162686030311459 23.5421181170928 100.554036589687 0.0597294283479615 0.9411 1.5541749676419
9.8496993987976 9.84844459650915 0.158981392827267 -0.00125480228844665 0.15898296735605 1.053952541993e-40 100.640708421671 0.00125480228844665 0.9499 1.5655360998826
-10.9919839679359 -10.9385871272946 0.174376193422306 0.0533968406412235 0.17722741601277 13.203249034857 91.7556444259054 0.0533968406412235 0.9343 1.59160521399696
-13.0460921843687 -13.0473118394992 0.159047389040885 -0.00121965513042355 0.159048876599522 3.60456246650999e-05 100.598947876391 0.00121965513042355 0.9492 1.56558242501664
-0.62124248496994 -0.622125736164611 0.159601949399555 -0.000883251194670476 0.159602729532228 0.00188789687895379 100.249402091856 0.000883251194670476 0.9494 1.56705283378284
5.69138276553106 5.69012726977586 0.158983231642975 -0.0012554957552009 0.158984807912567 3.9427383150272e-08 100.639544401329 0.0012554957552009 0.9487 1.56539543183924
3.6372745490982 3.61864108182816 0.174101722048214 -0.0186334672700417 0.174448928150718 1.05208404749596 91.9002972042352 0.0186334672700417 0.9417 1.60088627354301
-2.625250501002 -2.65822409504719 0.179191079007313 -0.0329735940451847 0.180278336911569 3.53205260036921 89.2901593574703 0.0329735940451847 0.9365 1.60946473786629
-6.78356713426854 -6.78467695016005 0.159290603378555 -0.00110981589150949 0.159291835069868 0.000871025108655919 100.445347438203 0.00110981589150949 0.9498 1.56626959337205
-8.88777555110221 -8.93710428572577 0.177779954557929 -0.0493287346235682 0.180213278617491 9.22710168759405 89.9988980185417 0.0493287346235682 0.9328 1.60211690526816
7.79559118236473 7.79433638007628 0.158981392827272 -0.00125480228844843 0.158982967356055 1.11202886748252e-21 100.640708421667 0.00125480228844843 0.9499 1.5655451122739
-4.67935871743487 -4.62007593349789 0.15545001673726 0.0592827839369745 0.158964465208578 25.5706383915984 102.926975087066 0.0592827839369745 0.944 1.54557040960235
1.63326653306613 1.67567418397337 0.132690570732611 0.0424076509072384 0.134488979588081 35.6419075789937 120.581288569797 0.0424076509072384 0.961 1.49302872877353
9.8997995991984 9.89854479690995 0.158981392827267 -0.00125480228844665 0.15898296735605 3.07114944690883e-41 100.640708421671 0.00125480228844665 0.9499 1.5655360998826
-10.9418837675351 -10.8863296350198 0.172142890877373 0.0555541325152653 0.175229152516896 15.0344033429559 92.9460398768238 0.0555541325152653 0.9357 1.58581092109741
-12.9959919839679 -12.9971992272319 0.15906930088794 -0.00120724326396981 0.159070758324239 5.78344038902608e-05 100.585090339157 0.00120724326396981 0.9494 1.5656650102552
-0.571142284569138 -0.5719162355024 0.159755530906595 -0.000773950933262157 0.159756129906642 0.00261253409069989 100.1530269982 0.000773950933262157 0.9497 1.56750280582703
5.74148296593187 5.74022767530898 0.158982708915014 -0.00125529062288887 0.158984284669562 2.20303050568887e-08 100.639875299603 0.00125529062288887 0.9487 1.56540649561469
3.687374749499 3.67093675488012 0.172846948337542 -0.0164379946188786 0.173117156004632 0.812811768584277 92.5674427803877 0.0164379946188786 0.9426 1.59831975834176
-2.5751503006012 -2.60508158809703 0.17855409034056 -0.0299312874958266 0.179449972311718 2.85627332859939 89.6087004754854 0.0299312874958266 0.9375 1.60876675668181
-6.73346693386774 -6.73452285488452 0.159360976077043 -0.00105592101678731 0.159362091046237 0.00105347896564698 100.400991471493 0.00105592101678731 0.9497 1.56649065387314
-8.8376753507014 -8.88400625826352 0.178778570848864 -0.0463309075621208 0.180925123844393 7.83877971959578 89.4961847162663 0.0463309075621208 0.9322 1.60509201972995
-4.62925851703407 -4.57103843061611 0.151672697026549 0.0582200864179585 0.155062275489063 27.5481350788174 105.4903111349 0.0582200864179585 0.9469 1.53677324872048
7.84569138276553 7.84443658047709 0.158981392827269 -0.00125480228844754 0.158982967356053 4.46955224829229e-22 100.640708421669 0.00125480228844754 0.9499 1.56554819669379
9.9498997995992 9.94864499731075 0.158981392827267 -0.00125480228844665 0.15898296735605 8.87920958195661e-42 100.640708421671 0.00125480228844665 0.9499 1.5655360998826
-10.8917835671343 -10.834461170733 0.169551283972912 0.0573223964012328 0.172837141102092 16.9588254644588 94.366728609122 0.0573223964012328 0.9364 1.57930919997628
-12.9458917835671 -12.9470826215191 0.159097710623721 -0.00119083795196495 0.159099128718749 9.20689899760099e-05 100.567129076051 0.00119083795196495 0.9491 1.56572092948076
5.79158316633266 5.79032802180614 0.158982329721429 -0.00125514452652808 0.158983905109212 1.22133985811172e-08 100.640115338827 0.00125514452652808 0.9487 1.56540949214289
3.7374749498998 3.72303887074838 0.171583017791319 -0.0144360791514164 0.171791418172585 0.622738207310673 93.2493215584968 0.0144360791514164 0.9436 1.59560207760534
-0.521042084168336 -0.521680068832152 0.159944060322276 -0.000637984663816149 0.159944467346707 0.00371151836132334 100.034974526476 0.000637984663816149 0.9499 1.56798409513065
-2.5250501002004 -2.5520584332181 0.177716019049081 -0.0270083330177013 0.178445469101476 2.28908761012099 90.0312762215383 0.0270083330177013 0.9381 1.6075075596544
-6.68336673346693 -6.68435593714289 0.159452868945987 -0.00098920367595845 0.159453847469899 0.0013264221645883 100.34313026641 0.00098920367595845 0.9495 1.56671428863797
-8.7875751503006 -8.83079259569358 0.179406619714777 -0.0432174453929814 0.181274367301072 6.59556979823443 89.1828853664208 0.0432174453929814 0.9328 1.60730995403631
7.89579158316633 7.89453678087788 0.158981392827268 -0.00125480228844754 0.158982967356051 1.78240108337536e-22 100.64070842167 0.00125480228844754 0.9499 1.56555306842973
10 9.99874519771155 0.158981392827267 -0.00125480228844665 0.15898296735605 2.54707143658836e-42 100.640708421671 0.00125480228844665 0.9499 1.5655360998826
5.84168336673347 5.84042832575826 0.158982056141181 -0.00125504097520768 0.15898363126903 6.7180930031257e-09 100.640288522823 0.00125504097520768 0.9487 1.56540254244561
-0.470941883767535 -0.471411436746808 0.160172907089424 -0.000469552979272148 0.160173127569424 0.00531046531165846 99.8920497276565 0.000469552979272148 0.9499 1.56860202195077
-0.420841683366733 -0.421103673159637 0.160447920336928 -0.000261989792904149 0.16044798897558 0.0076141362608446 99.7208313227197 0.000261989792904149 0.95 1.56940202018155
