-8.7374749498998 -8.86518453098141 0.220755178720233 -0.127709581081612 0.237064915820274 23.2730397143509 72.4784808798397 0.127709581081612 0.8955 1.67092860865576
1.68336673346693 1.73487806688187 0.119459097922986 0.0515113334149342 0.122112515393171 47.6777386942341 133.937056935714 0.0515113334149342 0.9667 1.45324507201711
3.7875751503006 3.76899647423593 0.176095883969234 -0.0185786760646742 0.17644105117355 0.747295694120988 90.8595910327775 0.0185786760646742 0.9419 1.6056421028035
-12.8957915831663 -12.8967460954148 0.159529336981782 -0.000954512248453554 0.159530248075414 0.000468152552126609 100.295032266242 0.000954512248453554 0.9497 1.56680890446389
-2.4749498997996 -2.47620470141365 0.158981394480438 -0.00125480161405278 0.158982969007528 2.9267582463501e-12 100.640707375156 0.00125480161405278 0.9496 1.56540098196903
-10.8416833667335 -10.6679230345112 0.16998236234585 0.173760332222267 0.200175015399843 67.6806518751612 94.1274128632595 0.173760332222267 0.8829 1.54178569536868
-15 -15.0012548022833 0.158981392840477 -0.00125480228328456 0.158982967369247 2.46842567821213e-15 100.640708413308 0.00125480228328456 0.9496 1.56554370348019
7.94589178356713 7.94463698127869 0.158981392827268 -0.00125480228844754 0.158982967356051 1.11684889806489e-22 100.64070842167 0.00125480228844754 0.9499 1.56554890387187
-0.370741482965931 -0.370043025859394 0.161780525887316 0.000698457106537098 0.161781013729646 0.0172897907259415 98.8994189025223 0.000698457106537098 0.9502 1.57288300733665
5.89178356713427 5.89052850256214 0.158982132311787 -0.00125506457212854 0.158983707498868 5.80634793656007e-09 100.640240304625 0.00125506457212854 0.9487 1.56541711988304
-6.63326653306613 -6.63454194588126 0.159030851322483 -0.00127541281512844 0.159032478000332 4.50237346638723e-06 100.609409224347 0.00127541281512844 0.949 1.56549489118911
-4.57915831663327 -4.58041311892213 0.158981392828707 -0.00125480228886587 0.158982967357491 2.56670904987602e-18 100.640708420759 0.00125480228886587 0.949 1.56554818222438
-8.687374749499 -8.80603253167887 0.222455581791923 -0.118657782179875 0.23653525106377 19.2916017944791 71.9244708139796 0.118657782179875 0.8999 1.67708645925699
1.73346693386774 1.77766859997065 0.116214071765175 0.0442016661029108 0.118167859051449 48.4437967714457 137.676959054751 0.0442016661029108 0.9693 1.44524577741229
3.8376753507014 3.8215240309546 0.174339142690328 -0.0161513197468075 0.174600007819891 0.563594251402914 91.7751444288114 0.0161513197468075 0.9437 1.60194264774142
-2.4248496993988 -2.4261045005865 0.158981395511841 -0.00125480118770671 0.158982970037862 5.87320445440379e-12 100.640706722242 0.00125480118770671 0.9496 1.56539490750561
-10.7915831663327 -10.6177641324444 0.160833656673957 0.173819033888304 0.19104671321582 72.7745821925223 99.481665286236 0.173819033888304 0.8859 1.51976447176473
-12.8456913827655 -12.8465451879207 0.159701488870548 -0.000853805155191623 0.159702217853791 0.000735583541037359 100.186918188154 0.000853805155191623 0.9495 1.56725564125234
-14.9498997995992 -14.9511546018786 0.158981392850448 -0.00125480227935704 0.158982967379208 5.37785654866992e-15 100.640708406996 0.00125480227935704 0.9496 1.56556472629278
7.99599198396794 7.99473718167949 0.158981392827267 -0.00125480228844754 0.15898296735605 4.3845271415119e-23 100.64070842167 0.00125480228844754 0.9499 1.56554666516002
-0.320641282565131 -0.319462492613153 0.162378968763181 0.00117878995197795 0.162380358308932 0.0249557200577115 98.5349280259006 0.00117878995197795 0.9498 1.57445995055453
5.94188376753507 5.94062878412911 0.158981910555098 -0.00125498340595964 0.158983485538447 3.14412252425188e-09 100.640380683153 0.00125498340595964 0.9487 1.5654193675234
-6.58316633266533 -6.58443604502526 0.159017843791949 -0.00126971235993345 0.159019455961426 2.6454050533057e-06 100.617638992348 0.00126971235993345 0.9488 1.5654686160722
-4.52905811623246 -4.53031291852115 0.158981392828083 -0.0012548022886838 0.158982967356867 1.12247087756271e-18 100.640708421154 0.0012548022886838 0.949 1.56555376836373
-8.6372745490982 -8.74672935755011 0.223104403630439 -0.109454808451909 0.235084758723683 15.7855537802499 71.7153034168844 0.109454808451909 0.9038 1.68106904635885
1.78356713426854 1.81993051712705 0.113453825682775 0.0363633828585139 0.114776121295689 49.0679292170817 141.026535718039 0.0363633828585139 0.9712 1.43844989617158
3.88777555110221 3.87379221265525 0.172647627560225 -0.013983338446959 0.172843161314348 0.421551810141043 92.6743114058642 0.013983338446959 0.9445 1.59822833864088
-2.374749498998 -2.37600429950248 0.158981397155121 -0.00125480050448212 0.158982971679427 1.16938319993832e-11 100.64070568199 0.00125480050448212 0.9496 1.56538286755477
-10.7414829659319 -10.5691377954084 0.151568165362444 0.172345170523455 0.181271023165202 77.5720694368476 105.563064392442 0.172345170523455 0.8935 1.49712483814651
-12.7955911823647 -12.7963138364744 0.159921214410041 -0.000722654109686971 0.159921736639003 0.00114716001501174 100.049265252424 0.000722654109686971 0.9501 1.56782275816595
-14.8997995991984 -14.901054401471 0.158981392867642 -0.0012548022725607 0.158982967396385 1.16249725847734e-14 100.640708396111 0.0012548022725607 0.9496 1.5655741035386
8.04609218436874 8.04483738208029 0.158981392827267 -0.00125480228844665 0.15898296735605 1.70782972213112e-23 100.64070842167 0.00125480228844665 0.9499 1.56554433657424
-0.270541082164328 -0.268782391906973 0.163075875695964 0.00175869025735548 0.163078968687386 0.0357380123351298 98.1138376949765 0.00175869025735548 0.9499 1.57621622455295
-6.53306613226453 -6.53433167064569 0.159008118089792 -0.00126553838116461 0.159009719677186 1.54231603551634e-06 100.623793251643 0.00126553838116461 0.9488 1.56544283995694
5.99198396793587 5.99072904121791 0.158981753217485 -0.00125492671795957 0.158983328058552 1.68923211271463e-09 100.640480282742 0.00125492671795957 0.9487 1.56541794070803
-8.5871743486974 -8.68742190225854 0.222767262699325 -0.100247553561147 0.23281683469432 12.7561153052702 71.8238389524749 0.100247553561147 0.9071 1.68310253216848
-4.47895791583166 -4.48021271812024 0.158981392827726 -0.00125480228857988 0.158982967356509 4.93457178745753e-19 100.64070842138 0.00125480228857988 0.949 1.5655435609467
3.93787575150301 3.92581282639912 0.171043938255593 -0.012062925103884 0.171189452417655 0.312739828603323 93.5432156390776 0.012062925103884 0.9456 1.59468987718649
-2.32464929859719 -2.32590409801466 0.158981399753838 -0.00125479941746232 0.158982974275416 2.31010671658164e-11 100.640704036912 0.00125479941746232 0.9496 1.56539695781757
-10.6913827655311 -10.5220741493966 0.14234568550086 0.169308616134442 0.17101109299822 82.0187970744436 112.402423323911 0.169308616134442 0.9015 1.47423144871634
1.83366733466934 1.86175201648105 0.111213329018759 0.0280846818117106 0.112002078371224 49.5221515036471 143.867647350986 0.0280846818117106 0.9732 1.4329346429219
-12.7454909819639 -12.7460440043121 0.16019944239351 -0.000553022348130483 0.160199748227227 0.0017757399456171 99.8755036905687 0.000553022348130483 0.9502 1.56859856982115
-14.8496993987976 -14.8509542010585 0.158981392897072 -0.00125480226087937 0.158982967425786 2.49326393438099e-14 100.640708377481 0.00125480226087937 0.9496 1.56549980575676
8.09619238476954 8.09493758248109 0.158981392827267 -0.00125480228844665 0.15898296735605 6.60024161549161e-24 100.64070842167 0.00125480228844665 0.9499 1.56554171247947
-8.53707414829659 -8.6282434122788 0.221534326797381 -0.091169263982211 0.229846161492439 10.1852524171733 72.2235701857342 0.091169263982211 0.9103 1.68332016736671
-6.48296593186373 -6.48422842874969 0.159000885750917 -0.0012624968859587 0.159002479649304 8.92236606679221e-07 100.628370241062 0.0012624968859587 0.9489 1.5654549875058
3.98797595190381 3.97760052661556 0.169544672681278 -0.010375425288248 0.16965232213119 0.230141152179093 94.3704083824442 0.010375425288248 0.9465 1.59132039623913
-4.42885771543086 -4.43011251771938 0.158981392827523 -0.00125480228852126 0.158982967356306 2.25683082941846e-19 100.640708421508 0.00125480228852126 0.949 1.56555027441956
-0.220440881763526 -0.217987015571728 0.163880098500935 0.00245386619179863 0.163886119960223 0.0507768371466887 97.6323552789948 0.00245386619179863 0.9487 1.57831744673453
-2.27454909819639 -2.27580389589675 0.158981403833071 -0.00125479770035541 0.15898297835034 4.52794035403522e-11 100.640701454617 0.00125479770035541 0.9496 1.56538496491752
-10.6412825651303 -10.476578857631 0.133315040972722 0.164703707499299 0.160442352236737 86.1066815937337 120.016465383481 0.164703707499299 0.9128 1.45141709209061
6.04208416833668 6.04082928100927 0.158981642230331 -0.00125488732740742 0.158983216972535 9.00477068948782e-10 100.640550541171 0.00125488732740742 0.9487 1.56540810484052
1.88376753507014 1.90322832433065 0.109519965108003 0.019460789260513 0.109898687426645 49.7966897847188 146.092084527434 0.019460789260513 0.9742 1.42879088855267
-14.7995991983968 -14.8008540006378 0.158981392947064 -0.00125480224095753 0.158982967475728 5.30564515415084e-14 100.640708345834 0.00125480224095753 0.9496 1.56549901082144
-8.48697394789579 -8.56931112216365 0.219515079681887 -0.0823371742678614 0.226294489948303 8.04023114100815 72.8879310851292 0.0823371742678614 0.9134 1.68185106956661
4.03807615230461 4.02917198070676 0.168160925747146 -0.00890417159785084 0.16824021001899 0.168000103656118 95.1469547929241 0.00890417159785084 0.9476 1.58811878720965
-4.37875751503006 -4.38001231731855 0.158981392827409 -0.0012548022884884 0.158982967356192 1.12940705356414e-19 100.640708421581 0.0012548022884884 0.949 1.56554811930716
-12.6953907815631 -12.695725910006 0.160548912798045 -0.000335128442921828 0.160549025109118 0.00272844248929398 99.6581024508491 0.000335128442921828 0.9503 1.56954148506526
-0.170340681362726 -0.167059402692515 0.164799464964008 0.00328127867021027 0.164810231753719 0.0715763113121224 97.087693843511 0.00328127867021027 0.9488 1.5805546353204
-2.22444889779559 -2.22570369280282 0.158981410188981 -0.00125479500723014 0.158982984699491 8.8056782691675e-11 100.640697431108 0.00125479500723014 0.9496 1.56539330832532
-10.5911823647295 -10.4326338692647 0.124610100785747 0.158548495464721 0.149747726199874 89.7969042854527 128.400506051353 0.158548495464721 0.923 1.42897019692843
8.14629258517034 8.14503778288189 0.158981392827267 -0.00125480228844665 0.15898296735605 2.53086256797101e-24 100.640708421671 0.00125480228844665 0.9499 1.56554403866245
-6.43286573146293 -6.43412602277349 0.158995536756449 -0.00126029131056704 0.158997125090637 5.12162416014426e-07 100.631755622857 0.00126029131056704 0.949 1.56544389610735
6.09218436873747 6.09092950863947 0.158981564398886 -0.00125486009800646 0.158983139072751 4.76265857100961e-10 100.640599811031 0.00125486009800646 0.9487 1.56539886831357
1.93386773547094 1.94446015231005 0.10839383569903 0.0105924168391063 0.108506034993524 49.9786896524935 147.60987003381 0.0105924168391063 0.9749 1.42607368607895
-8.43687374749499 -8.51072470452832 0.216832527137548 -0.0738509570333274 0.222286490992286 6.27861330823029 73.7896671279877 0.0738509570333274 0.9164 1.67875900158186
-14.749498997996 -14.7507538002032 0.15898139303135 -0.00125480220722629 0.158982967559929 1.120216119158e-13 100.640708292479 0.00125480220722629 0.9496 1.56549546134796
4.08817635270541 4.08054511124265 0.166898913700729 -0.00763124146275995 0.166957149546992 0.121660446844492 95.8664118610743 0.00763124146275995 0.9478 1.58520262564417
-4.32865731462926 -4.32991211691773 0.158981392827345 -0.00125480228846975 0.158982967356128 5.81112892861446e-20 100.640708421621 0.00125480228846975 0.949 1.56555275222112
-12.6452905811623 -12.6453477595142 0.160984274266819 -5.71783518719116e-05 0.160984277536183 0.0041614780024348 99.3885898040029 5.71783518719116e-05 0.9507 1.57059652065062
-2.17434869739479 -2.17560348820802 0.158981420019231 -0.00125479081323165 0.158982994519216 1.69909785645993e-10 100.640691208222 0.00125479081323165 0.9496 1.56539037686139
-0.120240480961924 -0.115981547493962 0.165840214998476 0.00425893346796143 0.165858353512761 0.100099716426964 96.4784084496453 0.00425893346796143 0.9484 1.5831634575979
8.19639278557114 8.1951379832827 0.158981392827267 -0.00125480228844665 0.15898296735605 9.62876866880828e-25 100.640708421671 0.00125480228844665 0.9499 1.56553964275566
-10.5410821643287 -10.3901986641212 0.116347032059958 0.150883500207453 0.139112862694811 93.0527518317519 137.519623119862 0.150883500207453 0.9344 1.40713923806035
-6.38276553106212 -6.38402423068834 0.158991602106996 -0.0012586996262165 0.158993186431745 2.91710767115118e-07 100.634246010255 0.0012586996262165 0.949 1.56543247891277
6.14228456913828 6.14102972776372 0.158981510144356 -0.00125484137455345 0.158983084771231 2.49930755105118e-10 100.640634155959 0.00125484137455345 0.949 1.5653882376805
1.98396793587174 1.98555209597056 0.107848052669839 0.00158416009881268 0.107850562233058 50.0258546474244 148.356874360835 0.00158416009881268 0.9755 1.42485241750819
-8.38677354709419 -8.452565509459 0.213617206206388 -0.0657919623648162 0.217945788518201 4.85296230136285 74.9003335646169 0.0657919623648162 0.9207 1.67440606667532
-14.6993987975952 -14.7006535997457 0.15898139317239 -0.00125480215053386 0.158982967700827 2.3467085684762e-13 100.640708203195 0.00125480215053386 0.9496 1.56544347061358
4.13827655310621 4.13173843012907 0.165760670260239 -0.00653812297714751 0.165803417312304 0.087403759790151 96.5247062218105 0.00653812297714751 0.9481 1.58248568041716
-2.12424849699399 -2.12550328132197 0.158981435111246 -0.00125478432798287 0.158983009594956 3.25287543023302e-10 100.640681654459 0.00125478432798287 0.9496 1.56539041615877
-4.27855711422846 -4.27981191651692 0.158981392827309 -0.00125480228845909 0.158982967356092 3.41884164521427e-20 100.640708421644 0.00125480228845909 0.949 1.56555244099046
-12.5951903807615 -12.5948954677679 0.161522126648317 0.000294912993609842 0.161522213621991 0.00630079572433799 99.0576358298999 0.000294912993609842 0.9511 1.57201729374963
-0.0701402805611213 -0.0647346998147777 0.167006361108767 0.00540558074634362 0.167035581411973 0.1388817547835 95.8047339860281 0.00540558074634362 0.9476 1.58602066572963
-10.4909819639279 -10.3492118765162 0.108622849027126 0.141770087411679 0.128721606711841 95.9756391009325 147.298659014222 0.141770087411679 0.9482 1.38622278575219
8.24649298597194 8.2452381836835 0.158981392827267 -0.00125480228844665 0.15898296735605 3.63468187383821e-25 100.640708421671 0.00125480228844665 0.9499 1.56554099793263
-6.33266533066132 -6.33392288716094 0.158988723485283 -0.00125755649961512 0.158990304933633 1.64858321049359e-07 100.636068076118 0.00125755649961512 0.949 1.5654206891362
6.19238476953908 6.19112994096982 0.158981472554493 -0.00125482856925974 0.158983047149231 1.30131793665171e-10 100.64065795161 0.00125482856925974 0.949 1.56540596197237
2.03406813627254 2.02661099334568 0.107888956144164 -0.00745714292686639 0.107944565124796 50.0158993345622 148.300628459325 0.00745714292686639 0.9753 1.42514064230105
-8.33667334669339 -8.39489651690501 0.210001351194883 -0.0582231702116243 0.213391288744375 3.71477860244241 76.1899859641945 0.0582231702116243 0.9241 1.66890170906136
-14.6492985971944 -14.6505533992503 0.158981393406642 -0.00125480205594108 0.158982967934842 4.87764614985312e-13 100.640708054906 0.00125480205594108 0.9496 1.56545577650297
4.18837675350701 4.18277047362171 0.164744768092983 -0.00560627988530715 0.164776198467136 0.0622966186065055 97.1199279055069 0.00560627988530715 0.9486 1.57994588033948
-4.22845691382765 -4.22971171611611 0.15898139282729 -0.00125480228845376 0.158982967356073 2.12032945169214e-20 100.640708421656 0.00125480228845376 0.9499 1.56555729411454
-2.07414829659319 -2.07540307096331 0.158981458111577 -0.00125477437012655 0.158983032570297 6.17888246675937e-10 100.640667094466 0.00125477437012655 0.9487 1.56538355199221
-12.5450901803607 -12.5443523796055 0.162180989139247 0.000737800755265638 0.162181533489201 0.00947056530562272 98.6552128268413 0.000737800755265638 0.9512 1.57366335854517
-0.0200400801603209 -0.0132997672459091 0.168298988555468 0.00674031291441175 0.168344420373652 0.1911578896162 95.0689017048174 0.00674031291441175 0.9468 1.58921971326402
8.29659318637275 8.2953383840843 0.158981392827267 -0.00125480228844665 0.15898296735605 1.36130524964871e-25 100.640708421671 0.00125480228844665 0.9499 1.5655378160767
-10.4408817635271 -10.3095931913829 0.10151521439078 0.131288572144133 0.118751903566425 98.4155568584184 157.611842678167 0.131288572144133 0.9593 1.36650806411544
-6.28256513026052 -6.28382186973633 0.158986628844268 -0.00125673947580918 0.158988208238378 9.24442622094354e-08 100.637393951365 0.00125673947580918 0.9488 1.56541804665053
6.24248496993988 6.24123015008027 0.158981446671523 -0.00125481985961429 0.158983021244403 6.72265141079199e-11 100.64067433641 0.00125481985961429 0.949 1.56540712167276
2.08416833667335 2.06774425929015 0.10851621754703 -0.0164240773831992 0.108785967864919 49.8677638510036 147.443399352413 0.0164240773831992 0.9743 1.42693009277967
-14.5991983967936 -14.6004531986928 0.158981393792816 -0.00125480189925753 0.158982968320623 1.00590112797272e-12 100.640707810444 0.00125480189925753 0.9496 1.56543254812761
-8.28657314629259 -8.33776289711832 0.206113543742462 -0.0511897508257313 0.208733934332063 2.81744756312057 77.6271161491061 0.0511897508257313 0.9273 1.66258522396348
4.23847695390782 4.23365934102601 0.163847027986609 -0.00481761288181026 0.163870237380488 0.0440516777859154 97.6520611732282 0.00481761288181026 0.9497 1.57774252633827
-4.17835671342685 -4.1796115157153 0.158981392827279 -0.00125480228845021 0.158982967356062 1.38602727524248e-20 100.640708421663 0.00125480228845021 0.9499 1.56555463433084
-2.02404809619238 -2.0253028553794 0.158981492907918 -0.00125475918701889 0.158983067328536 1.16451717515703e-09 100.640645067204 0.00125475918701889 0.9487 1.56539497330712
-12.4949899799599 -12.4936990038804 0.162981171322632 0.00129097607950079 0.162982837941869 0.014132094633485 98.1708492469169 0.00129097607950079 0.951 1.57565689085866
0.0300601202404813 0.0383421752872518 0.169715519256876 0.00828205504677043 0.169784111692674 0.261009359147055 94.2754090495571 0.00828205504677043 0.9453 1.59253973982394
8.34669338677355 8.3454385844851 0.158981392827267 -0.00125480228844665 0.15898296735605 5.05869033765438e-26 100.640708421671 0.00125480228844665 0.9499 1.56553625099764
-10.3907815631263 -10.2712454158176 0.0950833528157324 0.119536147308679 0.109372243329135 100.320806840914 168.273409868154 0.119536147308679 0.967 1.34824172955477
-6.23246492985972 -6.23372108820156 0.158985112913504 -0.00125615834184245 0.158986690847284 5.14348092929051e-08 100.638353533798 0.00125615834184245 0.9487 1.56540388108035
6.29258517034068 6.29133035637179 0.158981428961429 -0.00125481396888993 0.158983003519526 3.44580923638881e-11 100.640685547504 0.00125481396888993 0.949 1.5654130067143
2.13426853707415 2.10905820953117 0.109722808701019 -0.0252103275429798 0.110358369315844 49.5774740526546 145.82200537354 0.0252103275429798 0.9741 1.43021448336695
-14.5490981963928 -14.5503529980344 0.158981394424722 -0.00125480164159697 0.158982968951881 2.05823174061286e-12 100.640707410426 0.00125480164159697 0.9496 1.56542668955618
4.28857715430862 4.28442233472534 0.163061187188387 -0.00415481958328012 0.163078449714157 0.0309052123764502 98.1226757629019 0.00415481958328012 0.9504 1.57564642631435
-8.23647294589178 -8.28119306611408 0.202074124728673 -0.044720120222296 0.204074013881369 2.11819216779484 79.1788657824617 0.044720120222296 0.9297 1.65569842800804
-1.97394789579158 -1.97520263198928 0.158981545166114 -0.001254736197702 0.15898311952904 2.17758604182849e-09 100.640611986015 0.001254736197702 0.9487 1.56539853815969
-4.12825651302605 -4.1295113153145 0.158981392827273 -0.00125480228844932 0.158982967356056 1.04708603212492e-20 100.640708421666 0.00125480228844932 0.9499 1.56554753299333
-12.4448897795591 -12.4429127792835 0.163944520712061 0.00197700027557879 0.163948429242151 0.0209364956687431 97.593990518909 0.00197700027557879 0.9517 1.57793401098231
0.0801603206412835 0.0902092670688899 0.17124897251258 0.0100489464276064 0.171349953836885 0.353520363630086 93.4312175147484 0.0100489464276064 0.945 1.59607746730966
8.39679358717435 8.3955387848859 0.158981392827267 -0.00125480228844665 0.15898296735605 1.86515158341056e-26 100.640708421671 0.00125480228844665 0.9499 1.56553653626216
-10.3406813627255 -10.2340566372542 0.089369862311027 0.106624725471272 0.100738694392851 101.924664989928 179.03127056766 0.106624725471272 0.9747 1.33161575029003
-6.18236472945892 -6.18362047644858 0.158984021754862 -0.00125574698966524 0.158985598655364 2.83948875491653e-08 100.639044247292 0.00125574698966524 0.9487 1.56541198917601
6.34268537074148 6.34143056073394 0.158981416920883 -0.00125481000754313 0.158982991469038 1.75240841936403e-11 100.640693169582 0.00125481000754313 0.949 1.56543104913022
2.18436873747495 2.15065638781075 0.111494841608434 -0.0337123496641993 0.112631364128315 49.2836227982992 143.504396877763 0.0337123496641993 0.9732 1.43492145138187
-14.498997995992 -14.5002527972129 0.158981395451087 -0.00125480122092725 0.158982969977191 4.17856673248155e-12 100.640706760702 0.00125480122092725 0.9496 1.56539798118757
-8.18637274549098 -8.22520012766107 0.19799157098077 -0.0388273821700853 0.199499136586952 1.57915760072807 80.8115210195184 0.0388273821700853 0.9323 1.6484228365476
4.33867735470942 4.3350756950601 0.162379506981346 -0.00360165964931713 0.162392478933576 0.0215118698828521 98.5346014250312 0.00360165964931713 0.9509 1.5739786355163
-1.92384769539078 -1.92510239702024 0.158981623078279 -0.00125470162945818 0.158983197354458 4.04015671861099e-09 100.640562665044 0.00125470162945818 0.9487 1.56538837265965
-4.07815631262525 -4.0794111149137 0.15898139282727 -0.00125480228844843 0.158982967356053 8.67693359802107e-21 100.640708421668 0.00125480228844843 0.9499 1.56555002856016
8.44689378757515 8.4456389852867 0.158981392827267 -0.00125480228844665 0.15898296735605 6.82312979907993e-27 100.640708421671 0.00125480228844665 0.9499 1.56553653626216
-12.3947895791583 -12.3919678954875 0.165094016771514 0.00282168367083457 0.165101978670253 0.0307952458507704 96.9144752359109 0.00282168367083457 0.9511 1.58078219682428
-10.2905811623246 -10.1979023872166 0.0844031652028962 0.0926787751080873 0.0929925205584316 103.074118655856 189.566350521781 0.0926787751080873 0.9798 1.31688900056837
0.130260521042084 0.142318138196398 0.17288726429558 0.012057617154314 0.17303265042702 0.474941088877725 92.5458567766176 0.012057617154314 0.9438 1.59980577830683
-6.13226452905812 -6.133519986288 0.158983240622811 -0.00125545722988196 0.158984816795667 1.55534626106042e-08 100.639538716915 0.00125545722988196 0.9487 1.56541642448892
6.39278557114228 6.39153076378307 0.158981408787971 -0.00125480735921712 0.15898298332948 8.84245571058946e-12 100.640698317995 0.00125480735921712 0.949 1.56543826976589
2.23446893787575 2.19263791051089 0.113811306131022 -0.041831027364859 0.115561140981421 48.8047383631728 140.583572440338 0.041831027364859 0.9715 1.44096369598582
-14.4488977955912 -14.4501525961302 0.15898139710588 -0.0012548005390336 0.158982971630272 8.41694827323306e-12 100.640705713161 0.0012548005390336 0.9496 1.56538799332145
-8.13627254509018 -8.16978360196411 0.193959946760671 -0.0335110568739303 0.195082937693478 1.16781664717682 82.4912579489547 0.0335110568739303 0.9345 1.6409775497889
4.38877755511022 4.38563442063865 0.161793307116187 -0.003143134471566 0.161803186410493 0.0148561460218747 98.8916061188496 0.003143134471566 0.9509 1.57255404663584
-1.87374749498998 -1.87500214499802 0.158981738395709 -0.0012546500080437 0.158983312542351 7.43728735120657e-09 100.640489665396 0.0012546500080437 0.9487 1.56539386570578
8.49699398797595 8.4957391856875 0.158981392827267 -0.00125480228844665 0.15898296735605 2.47654711623666e-27 100.640708421671 0.00125480228844665 0.9499 1.56553653626216
-4.02805611222445 -4.0293109145129 0.158981392827268 -0.00125480228844754 0.158982967356051 7.79402174253056e-21 100.640708421669 0.00125480228844754 0.9499 1.56555414518887
-12.3446893787575 -12.3408351980855 0.166453178787653 0.00385418067202359 0.166468033496306 0.0449737444816067 96.1231267347042 0.00385418067202359 0.9502 1.58413888279529
-10.2404809619238 -10.1626477393198 0.0802003262969742 0.0778332226040472 0.0862583368379054 104.060959306851 199.500435207128 0.0778332226040472 0.9836 1.30422104794397
0.180360721442886 0.194683091467508 0.174612594260063 0.0143223700246219 0.174817724543186 0.632846578193655 91.6314202180057 0.0143223700246219 0.9438 1.60350598228009
-6.08216432865731 -6.08341958277525 0.158982684496552 -0.00125525411793959 0.158984260159453 8.45310546735157e-09 100.639890757078 0.00125525411793959 0.9487 1.56541157928508
6.44288577154309 6.44163096594383 0.158981403330674 -0.00125480559925872 0.158982977867766 4.4269428688112e-12 100.640701772651 0.00125480559925872 0.949 1.56545407014118
2.28456913827655 2.23509584584952 0.116643752755273 -0.0494732924270291 0.119091359418844 48.1460575269047 137.169797970827 0.0494732924270291 0.9696 1.44826524550064
-14.3987975951904 -14.4000523946319 0.158981399754318 -0.00125479944156126 0.158982974275956 1.68219524756152e-11 100.640704036608 0.00125479944156126 0.9496 1.56537840589488
-8.08617234468938 -8.11493134859 0.190057442887926 -0.0287590039006229 0.190884523193282 0.856894141330851 84.1850745589318 0.0287590039006229 0.9371 1.6334276198802
4.43887775551102 4.43611216286306 0.161293421010146 -0.00276559264796727 0.161301069512841 0.0101793259604038 99.198094378527 0.00276559264796727 0.9503 1.57128792296932
-1.82364729458918 -1.82490186803766 0.158981907842042 -0.00125457344848234 0.15898348179658 1.35838967843134e-08 100.6403824006 0.00125457344848234 0.9487 1.56539782700744
8.54709418837675 8.54583938608831 0.158981392827267 -0.00125480228844665 0.15898296735605 8.91873003877412e-28 100.640708421671 0.00125480228844665 0.9499 1.56553653626216
-12.2945891783567 -12.289482209655 0.168045255058648 0.00510696870174598 0.168071336187968 0.0652139966102196 95.2124473518519 0.00510696870174598 0.949 1.58797538468828
-10.190380761523 -10.1281492836298 0.076769977119847 0.0622314778932616 0.0806427339606265 104.797523585735 208.414807458157 0.0622314778932616 0.9855 1.29375251228435
-3.97795591182365 -3.97921071411209 0.158981392827268 -0.0012548022884471 0.158982967356051 7.53662221951546e-21 100.64070842167 0.0012548022884471 0.9499 1.56553854096453
0.230460921843688 0.247315206847837 0.176400974903454 0.0168542850041486 0.176685041826455 0.836277014287815 90.7024465638976 0.0168542850041486 0.9425 1.60731951096617
-6.03206412825651 -6.03331924070137 0.158982290752294 -0.00125511244485299 0.158983866059543 4.55833596755874e-09 100.640140007349 0.00125511244485299 0.9487 1.56541979862025
2.33466933867735 2.27811564897538 0.119955983764491 -0.0565536897019769 0.123154303583398 47.3419382695496 133.382258207417 0.0565536897019769 0.967 1.45668634272817
6.49298597194389 6.49173116750711 0.158981399693206 -0.0012548044367815 0.158982974227381 2.19901607072833e-12 100.640704075294 0.0012548044367815 0.949 1.56544037669545
-14.3486973947896 -14.3499521924773 0.158981403962097 -0.00125479768773573 0.158982978479334 3.33574462364179e-11 100.640701372939 0.00125479768773573 0.9496 1.56539932447208
4.48897795591182 4.48652118266091 0.160870570639358 -0.00245677325091354 0.160876606374164 0.00692020861923968 99.4588378496466 0.00245677325091354 0.9505 1.57018313901314
-8.03607214428858 -8.06062159609498 0.186345929548565 -0.0245494518064042 0.18694860513256 0.623986291480468 85.8618164548107 0.0245494518064042 0.9389 1.62626129435378
-1.77354709418838 -1.77480155486478 0.158982155029014 -0.00125446067639934 0.158983728700602 2.46165760572209e-08 100.640225923973 0.00125446067639934 0.9487 1.56539489942546
8.59719438877756 8.59593958648911 0.158981392827267 -0.00125480228844665 0.15898296735605 3.18678602484519e-28 100.640708421671 0.00125480228844665 0.9499 1.56553653626216
-12.2444889779559 -12.2378733012746 0.169892165746158 0.00661567668134566 0.16993593292411 0.0938935975359832 94.1773855770737 0.00661567668134566 0.9484 1.59229393623103
-10.1402805611222 -10.0942569372 0.0741151152970866 0.0460236239222311 0.0762332892560216 105.258527637187 215.880390064359 0.0460236239222311 0.9869 1.2855633722981
-3.92785571142285 -3.92911051371129 0.158981392827267 -0.0012548022884471 0.15898296735605 8.05077809524575e-21 100.64070842167 0.0012548022884471 0.9499 1.56553947534689
0.280561122244489 0.300221393424688 0.178221959727513 0.0196602711801991 0.178608485990392 1.09583989379275 89.7756933234419 0.0196602711801991 0.9415 1.61110625681848
-5.98196392785571 -5.98321894197409 0.158982013534018 -0.0012550141183798 0.158983588594455 2.43891134270414e-09 100.640315494409 0.0012550141183798 0.9487 1.56542415052282
2.38476953907816 2.32177367963787 0.123703827426396 -0.0629958594402864 0.127672305733016 46.2464646312953 129.341188004228 0.0629958594402864 0.9645 1.46606151489968
6.54308617234469 6.54183136867098 0.158981397285127 -0.00125480367370656 0.158982971817386 1.08379302358116e-12 100.640705599691 0.00125480367370656 0.949 1.56546585736917
-14.2985971943888 -14.2998519892935 0.158981410598708 -0.00125479490472635 0.158982985108961 6.56302571600396e-11 100.640697171736 0.00125479490472635 0.9496 1.56539294971429
4.53907815631263 4.53687235743542 0.160515663871976 -0.00220579887720529 0.160520529420662 0.00466775918264494 99.6787454510439 0.00220579887720529 0.9503 1.56922949194453
-7.98597194388778 -8.00682499479164 0.18287138208021 -0.0208530509038622 0.183306231812209 0.451014460287027 87.4931868398204 0.0208530509038622 0.9417 1.61924377141719
-1.72344689378757 -1.7247011894761 0.158982513029475 -0.00125429568852753 0.158984086287149 4.42613220300195e-08 100.639999300009 0.00125429568852753 0.9487 1.56540123899999
8.64729458917836 8.64603978688991 0.158981392827267 -0.00125480228844665 0.15898296735605 1.12978616284398e-28 100.640708421671 0.00125480228844665 0.9499 1.56553653626216
-10.0901803607214 -10.0608155719755 0.0722355899310769 0.0293647887459016 0.0730978807491684 105.601772286545 221.497464273031 0.0293647887459016 0.9884 1.27981401595804
-12.1943887775551 -12.1859700482751 0.172013183500799 0.00841872927999887 0.172084058503489 0.134229105243829 93.0161262896788 0.00841872927999887 0.9466 1.59726840186633
-3.87775551102204 -3.87901031331049 0.158981392827267 -0.0012548022884471 0.15898296735605 9.41155628513775e-21 100.64070842167 0.0012548022884471 0.9499 1.56552407705374
0.330661322645291 0.353403421502185 0.180038626058468 0.0227420988568944 0.180555829118885 1.42374927643092 88.8698183844392 0.0227420988568944 0.941 1.61466139806535
-5.93186372745491 -5.93311867367533 0.158981819460197 -0.00125494622042321 0.158983394350213 1.29474519792178e-09 100.640438349027 0.00125494622042321 0.9487 1.5654064021143
2.43486973947896 2.36613583483932 0.127835075343119 -0.0687339046396409 0.13255942499013 44.8669347903938 125.161267023584 0.0687339046396409 0.9604 1.47628238642352
6.59318637274549 6.59193156956952 0.158981395701859 -0.00125480317596871 0.15898297023287 5.29977901099363e-13 100.640706601954 0.00125480317596871 0.949 1.56545455279949
-14.248496993988 -14.2497517845074 0.15898142099035 -0.0012547905194662 0.158982995489597 1.28118150211704e-10 100.64069059347 0.0012547905194662 0.9496 1.5653883151607
4.58917835671343 4.58717522687055 0.160220019740146 -0.00200312984288331 0.160224032269314 0.00312383496333895 99.8626764991646 0.00200312984288331 0.9506 1.56854305106511
-7.93587174348697 -7.95350661441637 0.179664996330237 -0.0176348709293981 0.179975985002934 0.323614689341242 89.0546312682457 0.0176348709293981 0.9431 1.61257949226473
-1.67334669338677 -1.67460074932113 0.158983027800767 -0.00125405593436168 0.158984600457054 7.89613525174069e-08 100.639673437662 0.00125405593436168 0.9487 1.56541329065711
-10.0400801603206 -10.0276664645832 0.0711301298523383 0.0124136957374503 0.0712842296942002 105.703593681346 224.939839604047 0.0124136957374503 0.9887 1.27651211669054
8.69739478957916 8.69613998729071 0.158981392827267 -0.00125480228844665 0.15898296735605 3.97404756352057e-29 100.640708421671 0.00125480228844665 0.9499 1.5655360998826
-12.1442885771543 -12.1337318006543 0.174423355769446 0.0105567765000103 0.174534801299517 0.190532452920625 91.730834608806 0.0105567765000103 0.9451 1.60270601343452
-3.82765531062124 -3.82891011290969 0.158981392827267 -0.0012548022884471 0.15898296735605 1.21080654584686e-20 100.64070842167 0.0012548022884471 0.9499 1.56552277869377
0.380761523046093 0.406856974810832 0.181807862756063 0.0260954517647389 0.182488835358869 1.83377250379802 88.0049947095395 0.0260954517647389 0.9398 1.61799160157282
-5.88176352705411 -5.88301842662863 0.158981684372295 -0.00125489957452274 0.158983259145237 6.81977975895695e-10 100.640523863945 0.00125489957452274 0.9487 1.56540618571685
6.64328657314629 6.64203177029291 0.158981394668115 -0.00125480285338853 0.158982969198316 2.57135851245526e-13 100.64070725635 0.00125480285338853 0.949 1.56545292679725
2.48496993987976 2.41125633405754 0.13228966200795 -0.073713605822221 0.137723357691264 43.2568449824897 120.946714634727 0.073713605822221 0.9566 1.4872029322814
-14.1983967935872 -14.1996515772447 0.158981437144377 -0.00125478365751874 0.158983011626404 2.48149180755133e-10 100.640680367418 0.00125478365751874 0.9496 1.5653887659084
4.63927855711423 4.63743806726166 0.159975528973826 -0.00184048985256346 0.159978916376724 0.0020742401467724 100.015296730901 0.00184048985256346 0.9505 1.56791172454446
-7.88577154308617 -7.90062781677762 0.176744791684446 -0.0148562736914455 0.176965500552441 0.230530394237947 90.5260055898327 0.0148562736914455 0.9453 1.60640109759761
-1.62324649298597 -1.62450020285412 0.15898376269603 -0.00125370986814577 0.158985334484464 1.39764938435641e-07 100.639208235317 0.00125370986814577 0.9488 1.56541671545372
-9.98997995991984 -9.9946485952245 0.0707978152372217 -0.00466863530466455 0.0708196113928297 105.756532260889 225.995674391772 0.00466863530466455 0.9884 1.27576602956787
-12.0941883767535 -12.0811164926861 0.177131699811269 0.0130718840673794 0.17730257396434 0.268528919624669 90.3282699654986 0.0130718840673794 0.9448 1.60874599933785
8.74749498997996 8.74624018769151 0.158981392827267 -0.00125480228844665 0.15898296735605 1.38695807007794e-29 100.640708421671 0.00125480228844665 0.9499 1.5655360998826
-3.77755511022044 -3.77880991250889 0.158981392827267 -0.0012548022884471 0.15898296735605 1.55546892476701e-20 100.64070842167 0.0012548022884471 0.9499 1.56553957652253
0.430861723446894 0.460570768961944 0.183481002777455 0.0297090455150503 0.18436363016287 2.34105164606131 87.202488311046 0.0297090455150503 0.9372 1.62084392438545
6.69338677354709 6.6921319709014 0.158981393997902 -0.00125480264569067 0.158982968527581 1.23782989173625e-13 100.640707680618 0.00125480264569067 0.949 1.56545542613231
-5.83166332665331 -5.83291819434887 0.158981590888988 -0.00125486769556815 0.158983165581921 3.56412890559498e-10 100.640583041922 0.00125486769556815 0.9492 1.56540281669093
2.53507014028056 2.45717669824961 0.137000157053857 -0.0778934420309567 0.143067545365287 41.4260091917411 116.788187284414 0.0778934420309567 0.9509 1.49865294050922
-14.1482965931864 -14.1495513661806 0.158981462076045 -0.00125477299425114 0.158983036531312 4.76882221528091e-10 100.640664584823 0.00125477299425114 0.9491 1.56538159061748
4.68937875751503 4.68766798531596 0.159774758174966 -0.0017107721990719 0.159777684916483 0.00136653879999755 100.140974599246 0.0017107721990719 0.9501 1.56734513659996
-9.93987975951904 -9.96159984196326 0.0712389301927068 -0.0217200824442187 0.0717106921740905 105.619184383807 224.596298073522 0.0217200824442187 0.988 1.27754137166948
-1.57314629258517 -1.57439950626573 0.158984804351366 -0.0012532136805623 0.158986374895895 2.45456963930895e-07 100.638548855518 0.0012532136805623 0.9486 1.5654188064308
-7.83567134268537 -7.84814794542408 0.174117503546717 -0.0124766027387047 0.174273169162616 0.163048795343868 91.8919676315432 0.0124766027387047 0.9465 1.60062682176206
-12.0440881763527 -12.0280817083563 0.1801392329908 0.0160064679964176 0.180395440008521 0.375743823097492 88.8201849999945 0.0160064679964176 0.9428 1.61533232429222
-3.72745490981964 -3.72870971210808 0.158981392827267 -0.00125480228844665 0.15898296735605 2.22480238714772e-20 100.64070842167 0.00125480228844665 0.9499 1.56554202627656
8.79759519038076 8.79634038809231 0.158981392827267 -0.00125480228844665 0.15898296735605 4.8027177559236e-30 100.640708421671 0.00125480228844665 0.9499 1.5655360998826
0.480961923847696 0.514525786464275 0.185004825040558 0.0335638626165794 0.186131357914303 2.96176699854978 86.4842308652889 0.0335638626165794 0.9361 1.62329037332748
6.7434869739479 6.74223217143505 0.158981393566461 -0.0012548025128476 0.158982968095807 5.91224961230049e-14 100.640707953735 0.0012548025128476 0.949 1.5654160736435
-14.0981963927856 -14.0994511493231 0.158981500280256 -0.00125475653750406 0.158983074694225 9.09297667805701e-10 100.640640400266 0.00125475653750406 0.9487 1.56538378591479
2.58517034068136 2.50392496499984 0.141892624149311 -0.0812453756815219 0.148493435218943 39.410666233013 112.761322837778 0.0812453756815219 0.9461 1.51039761884598
-5.78156312625251 -5.78281797227662 0.158981526578644 -0.00125484602411596 0.158983101217188 1.84813143150524e-10 100.640623752504 0.00125484602411596 0.949 1.56540211699334
4.73947895791583 4.73787102374413 0.159611006456148 -0.00160793417170702 0.159613591908449 0.000893258879858987 100.24371348348 0.00160793417170702 0.95 1.56697024989514
-9.88977955911824 -9.92835812955865 0.0724551641024809 -0.0385785704404178 0.0739434701997072 105.333049162721 220.826219886405 0.0385785704404178 0.9869 1.28178779782472
-11.9939879759519 -11.9745860097455 0.183436932582124 0.0194019662063685 0.183813368874797 0.521961785484601 87.2234384579936 0.0194019662063685 0.9419 1.62218114549641
-1.52304609218437 -1.52429859915632 0.158986270292059 -0.00125250697195467 0.158987839065773 4.27706588434969e-07 100.637620912849 0.00125250697195467 0.9491 1.56540575883289
-7.78557114228457 -7.79602578967349 0.17178058914475 -0.0104546473889204 0.171889888796777 0.114502015744065 93.1420719864784 0.0104546473889204 0.9478 1.59547681121746
-3.67735470941884 -3.67860951170728 0.158981392827268 -0.00125480228844665 0.158982967356051 3.62547623937941e-20 100.64070842167 0.00125480228844665 0.9494 1.5655434217904
8.84769539078156 8.84644058849312 0.158981392827267 -0.00125480228844665 0.15898296735605 1.6500771866315e-30 100.640708421671 0.00125480228844665 0.9499 1.5655360998826
0.531062124248498 0.568694680074361 0.18632292919097 0.037632555825863 0.187739138448957 3.71261506099435 85.872415539372 0.037632555825863 0.9345 1.62516329616997
-14.0480961923848 -14.0493509236974 0.158981558407045 -0.00125473131264187 0.158983132757712 1.72027685894616e-09 100.640603604065 0.00125473131264187 0.9487 1.56539258793686
6.7935871743487 6.79233237192024 0.158981393290716 -0.00125480242845288 0.158982967819851 2.80180572786505e-14 100.640708128291 0.00125480242845288 0.949 1.56539732368564
2.63527054108216 2.55151518019958 0.146887876129853 -0.0837553608825816 0.153902836606425 37.158348555943 108.926620913598 0.0837553608825816 0.9417 1.522300351615
-5.7314629258517 -5.73271775722299 0.158981482602645 -0.00125483137128235 0.158983057204416 9.50841621476803e-11 100.64065159079 0.00125483137128235 0.949 1.56541094479419
-9.83967935871743 -9.8947625972535 0.0744491558252248 -0.0550832385360671 0.077483318992846 104.901655249603 214.911771969064 0.0550832385360671 0.9861 1.28854013160325
4.78957915831663 4.78805227234175 0.159478323349741 -0.00152688597488559 0.159480654730522 0.000579329291119515 100.327114456248 0.00152688597488559 0.9501 1.56662423591732
-11.9438877755511 -11.9205905241882 0.187003747048454 0.0232972513629015 0.18754650896952 0.719756159595468 85.5597829056029 0.0232972513629015 0.9394 1.62955387534306
-3.62725450901804 -3.62850931130648 0.15898139282727 -0.00125480228844577 0.158982967356053 6.29502173818444e-20 100.640708421669 0.00125480228844577 0.9496 1.56554263909098
-1.47294589178357 -1.47419739885668 0.158988318659397 -0.00125150707310895 0.158989884929351 7.39451992773186e-07 100.636324321896 0.00125150707310895 0.949 1.56542378013999
-7.73547094188377 -7.74422079786348 0.169724205305112 -0.00874985597971278 0.169800765284777 0.0798404294089178 94.2705842766325 0.00874985597971278 0.9487 1.59085131203396
0.581162324649299 0.623041394404802 0.187377461279746 0.0418790697555032 0.189131317763333 4.6100854180287 85.3891385373864 0.0418790697555032 0.9327 1.62633687893133
8.89779559118237 8.89654078889392 0.158981392827267 -0.00125480228844665 0.15898296735605 5.62490143622641e-31 100.640708421671 0.00125480228844665 0.9499 1.5655360998826
-13.997995991984 -13.9992506848936 0.158981646220836 -0.00125469290962776 0.158983220475133 3.22915381805469e-09 100.640548015052 0.00125469290962776 0.9487 1.56539066696569
6.8436873747495 6.8424325723743 0.158981393115755 -0.00125480237520215 0.158982967644756 1.31739720595967e-14 100.640708239047 0.00125480237520215 0.949 1.56538618258958
2.68537074148297 2.599947201249 0.151903124868959 -0.0854235402339678 0.159200306095063 34.8098087252103 105.330288720542 0.0854235402339678 0.9387 1.53414004281336
-5.6813627254509 -5.68261754696941 0.158981452714695 -0.00125482151850687 0.158983027291739 4.85376743874667e-11 100.640670510876 0.00125482151850687 0.949 1.56540906118749
-9.78957915831663 -9.86065484777726 0.077223401585381 -0.0710756894606224 0.0822751552176838 104.443551731879 207.191080314039 0.0710756894606224 0.9845 1.29771674341774
4.83967935871744 4.83821597956085 0.159371496429764 -0.00146337915658279 0.15937363790832 0.000372792037459361 100.394363850698 0.00146337915658279 0.9501 1.5663164758933
-11.8937875751503 -11.8660607721668 0.190804802211088 0.0277268029835067 0.191573577814774 0.985075756593996 83.8553318081542 0.0277268029835067 0.9381 1.63713586959131
-3.57715430861723 -3.57840911090568 0.158981392827272 -0.00125480228844488 0.158982967356056 1.23577047577112e-19 100.640708421667 0.00125480228844488 0.9496 1.5655300547918
-1.42284569138276 -1.42409579303819 0.158991160518206 -0.00125010165542805 0.158992723272354 1.26843287094661e-06 100.634525516077 0.00125010165542805 0.9489 1.56543065284764
0.631262525050101 0.677521050308438 0.188111139436231 0.0462585252583372 0.190250990595307 5.66954104682323 85.056100600698 0.0462585252583372 0.9314 1.62669310995659
-7.68537074148297 -7.6926940326407 0.167933057034625 -0.00732329115773034 0.167986687628006 0.0552774323519562 95.2760598927288 0.00732329115773034 0.9499 1.58666649300646
8.94789579158317 8.94664098929472 0.158981392827267 -0.00125480228844665 0.15898296735605 1.90247533761943e-31 100.640708421671 0.00125480228844665 0.9499 1.5655360998826
-13.9478957915832 -13.9491504264198 0.158981777951423 -0.00125463483661648 0.158983352059996 6.01420419466649e-09 100.640464625379 0.00125463483661648 0.9487 1.56538734777195
6.8937875751503 6.89253277280847 0.158981393005551 -0.00125480234183417 0.158982967534468 6.14594853354808e-15 100.64070830881 0.00125480234183417 0.949 1.56538099255199
2.73547094188377 2.64920683805105 0.156853988893908 -0.0862641038327161 0.16429548450397 32.3513511579029 102.005694039582 0.0862641038327161 0.9338 1.54578821591357
-5.6312625250501 -5.63251733998065 0.158981432527381 -0.00125481493055357 0.158983007087891 2.45835633689348e-11 100.640683290134 0.00125481493055357 0.949 1.56543082424645
-9.73947895791583 -9.82588033166712 0.0807785775160988 -0.0864013737512916 0.0882437749022092 103.681918031553 198.072316844293 0.0864013737512916 0.9812 1.30915864253707
4.88977955911824 4.88836566075589 0.15928601646333 -0.00141389836234396 0.159288015571909 0.000238013131482183 100.448239935007 0.00141389836234396 0.9497 1.56610974922412
-11.8436873747495 -11.8109687005268 0.19478996050266 0.0327186742226893 0.195860472145551 1.33786001203554 82.1397568884537 0.0327186742226893 0.9358 1.64471681756556
-3.52705410821643 -3.52830891050488 0.158981392827278 -0.00125480228844266 0.158982967356061 2.57452631647433e-19 100.640708421663 0.00125480228844266 0.9496 1.56553050628249
0.681362725450903 0.732080127695061 0.188469498775651 0.0507174022441585 0.191041753666047 6.90413469094123 84.894373381053 0.0507174022441585 0.9308 1.62609174594789
-1.37274549098196 -1.3739936301821 0.158995075259439 -0.00124813920014 0.158996633110902 2.15883004089637e-06 100.632047715265 0.00124813920014 0.949 1.56541442456623
-7.63527054108216 -7.64140887739497 0.166388054125341 -0.00613833631280691 0.166425733298031 0.0380000047109192 96.1607495448386 0.00613833631280691 0.951 1.58303864832722
8.99799599198397 8.99674118969552 0.158981392827267 -0.00125480228844665 0.15898296735605 6.38434894971384e-32 100.640708421671 0.00125480228844665 0.9499 1.5655360998826
-13.8977955911824 -13.8990501387868 0.158981974180898 -0.00125454760442878 0.15898354807059 1.11139326337566e-08 100.640340406104 0.00125454760442878 0.9487 1.56539580846336
6.9438877755511 6.94263297323003 0.158981392936646 -0.00125480232107211 0.158982967465511 2.84481849084909e-15 100.64070835243 0.00125480232107211 0.949 1.56536805711769
2.78557114228457 2.69926634646024 0.161656785261391 -0.0863047958243346 0.169105303043671 29.7990919001343 98.9751217316911 0.0863047958243346 0.9303 1.55706692872637
-5.5811623246493 -5.58241713520012 0.158981418978018 -0.00125481055082144 0.158982993527537 1.23539402170675e-11 100.640691867345 0.00125481055082144 0.949 1.5654400755392
-9.68937875751503 -9.79028990850054 0.0851113612113255 -0.100911150985507 0.0952944216045452 102.635001992007 187.989003727401 0.100911150985507 0.978 1.32271446943106
-3.47695390781563 -3.47820871010407 0.158981392827288 -0.00125480228843911 0.158982967356071 5.61630689736225e-19 100.640708421657 0.00125480228843911 0.9496 1.56551176267005
4.93987975951904 4.93850420033205 0.159218027082314 -0.00137555918699217 0.159219919245391 0.000150774697009781 100.491133404939 0.00137555918699217 0.9494 1.56599729873249
0.731462925851703 0.786656970552289 0.18840324725967 0.0551940447005855 0.19144962983008 8.32362775215359 84.924226268498 0.0551940447005855 0.9294 1.62451135387316
-11.7935871743487 -11.7552948643784 0.198892900008567 0.038292309970263 0.200359201011425 1.80263093024743 80.4453049822837 0.038292309970263 0.9331 1.6522787421055
-1.32264529058116 -1.32389070739841 0.159000429656062 -0.00124541681724399 0.159001980719111 3.6455484698622e-06 100.628658894885 0.00124541681724399 0.9489 1.5654484346078
-7.58517034068136 -7.59033151571507 0.165067744289525 -0.00516117503370417 0.165094382017253 0.025937101644657 96.929900319813 0.00516117503370417 0.9519 1.5800554369115
9.04809619238477 9.04684139009632 0.158981392827267 -0.00125480228844665 0.15898296735605 2.12572783221612e-32 100.640708421671 0.00125480228844665 0.9499 1.5655360998826
-13.8476953907816 -13.8489498082213 0.158982264457177 -0.00125441743974264 0.15898383802029 2.03778706941133e-08 100.640156652881 0.00125441743974264 0.9487 1.56540050431675
2.83567134268537 2.75008527502207 0.166230998876404 -0.0855860676633 0.173555973854471 27.2099582896733 96.2516023373972 0.0855860676633 0.9272 1.56787053204062
6.9939879759519 6.99273317364366 0.158981392893882 -0.00125480230824326 0.158982967422714 1.30651279441865e-15 100.640708379501 0.00125480230824326 0.949 1.56542622019194
-5.5310621242485 -5.53231693190465 0.158981409942084 -0.00125480765615471 0.158982984484338 6.15971618344362e-12 100.640697587402 0.00125480765615471 0.949 1.56544297090001
-3.42685370741483 -3.42810850970326 0.158981392827307 -0.00125480228843156 0.15898296735609 1.23906927272365e-18 100.640708421645 0.00125480228843156 0.9496 1.56550371436441
4.98997995991984 4.98863394592244 0.15916426499176 -0.00134601399739598 0.159166076745441 9.47652989073164e-05 100.525077038042 0.00134601399739598 0.9493 1.56582152699956
-9.63927855711423 -9.75374161074067 0.0902118708882878 -0.114463053626441 0.103313661533777 101.283276020531 177.360250291376 0.114463053626441 0.9716 1.33828487435946
0.781563126252506 0.841182623697758 0.187870602702165 0.0596194974452525 0.19142508717779 9.9332126258015 85.1650006433688 0.0596194974452525 0.9282 1.62190133741222
-11.7434869739479 -11.6990306769741 0.203030881715101 0.0444562969738271 0.205007244055726 2.40898001875316 78.8057455340794 0.0444562969738271 0.9298 1.65955499721184
-1.27254509018036 -1.27378675500181 0.159007701155656 -0.00124166482144794 0.159009242887184 6.1080243329189e-06 100.624057097318 0.00124166482144794 0.9489 1.56547781368822
-7.53507014028056 -7.53943121393527 0.163949513513331 -0.00436107365470662 0.163968532476753 0.0175771798169268 97.5910184612958 0.00436107365470662 0.952 1.57727940329037
9.09819639278557 9.09694159049712 0.158981392827267 -0.00125480228844665 0.15898296735605 7.02250671676443e-33 100.640708421671 0.00125480228844665 0.9499 1.5655360998826
-13.7975951903808 -13.7988494148709 0.158982690883603 -0.00125422449013257 0.158984263962675 3.70725803221807e-08 100.63988671392 0.00125422449013257 0.9487 1.56540340647035
2.88577154308617 2.80161165058708 0.170501796522736 -0.0841598924990943 0.177584684028195 24.6252178227858 93.8406534494578 0.0841598924990943 0.925 1.57800726024403
7.04408817635271 7.04283337405233 0.158981392867539 -0.001254802300374 0.158982967396352 5.95341604840524e-16 100.640708396177 0.001254802300374 0.949 1.56543264972841
5.04008016032064 5.03875679347813 0.159121995668795 -0.00132336684250856 0.159123746968595 5.90967479625586e-05 100.551780618082 0.00132336684250856 0.9491 1.56578546058719
0.831663326653308 0.895581994976717 0.18683946906085 0.063918668323409 0.190925065221087 11.7324669705062 85.6350110628346 0.063918668323409 0.926 1.61819535649039
-3.37675350701403 -3.37800830930245 0.158981392827342 -0.00125480228841823 0.158982967356125 2.82670223664406e-18 100.640708421623 0.00125480228841823 0.9496 1.56549227482958
-5.4809619238477 -5.48221672960211 0.158981403955246 -0.00125480575440928 0.158982978492727 3.04726518586665e-12 100.640701377276 0.00125480575440928 0.949 1.56544568804764
-9.58917835671343 -9.71610261661366 0.096060873216913 -0.126924259900234 0.112170640968135 99.4830549506062 166.561050968907 0.126924259900234 0.9644 1.35563107011968
-11.6933867735471 -11.6421806225249 0.207105365704731 0.0512061510221837 0.209727435607237 3.19183207002229 77.2553620016352 0.0512061510221837 0.9271 1.66621403468486
9.14829659318637 9.14704179089793 0.158981392827267 -0.00125480228844665 0.15898296735605 2.3018134828309e-33 100.640708421671 0.00125480228844665 0.9499 1.5655360998826
-7.48496993987976 -7.48868044047308 0.1630105584734 -0.00371050059332134 0.163024326288053 0.0118263978161678 98.1531512427209 0.00371050059332134 0.9526 1.57506316679038
-13.74749498998 -13.7487489303195 0.158983313007414 -0.00125394033951842 0.158984885373789 6.69193280379479e-08 100.639492896049 0.00125394033951842 0.9486 1.56540978880867
-1.22244488977956 -1.22368141716758 0.159017505989343 -0.00123652738802704 0.159019034989324 1.01538816055685e-05 100.617852735486 0.00123652738802704 0.9495 1.56550790017725
2.93587174348697 2.85378347255994 0.174402438005981 -0.0820882709270325 0.181140922229771 22.0717839547975 91.7418367709474 0.0820882709270325 0.9238 1.58729748038278
7.09418837675351 7.09293357445793 0.158981392851433 -0.00125480229558139 0.158982967380234 2.69161080187399e-16 100.640708406372 0.00125480229558139 0.949 1.56543791739632
0.881763527054108 0.949775320082957 0.185289310184518 0.0680117930288485 0.189914914175517 13.7145802804152 86.3514467405951 0.0680117930288485 0.925 1.61348414781751
-3.32665330661323 -3.32790810890162 0.158981392827407 -0.00125480228839336 0.15898296735619 6.46199061739193e-18 100.640708421582 0.00125480228839336 0.9496 1.56550013335037
9.19839679358718 9.19714199129873 0.158981392827267 -0.00125480228844665 0.15898296735605 7.48585753748931e-34 100.640708421671 0.00125480228844665 0.9499 1.5655360998826
5.09018036072144 5.08887426277649 0.159088948423217 -0.00130609794495395 0.159090654315058 3.65654761833081e-05 100.572668048795 0.00130609794495395 0.9494 1.56562348099154
-11.6432865731463 -11.5847643063409 0.211003615146541 0.0585222668053849 0.214428470858582 4.19132917992287 75.8280846936584 0.0585222668053849 0.924 1.67225958228147
-5.43086172344689 -5.43211652795948 0.158981400014765 -0.00125480451259108 0.15898297454913 1.49573264396913e-12 100.640703871736 0.00125480451259108 0.949 1.5654629507125
-9.53907815631263 -9.6772514152924 0.10262694032549 -0.138173258979771 0.121718789822581 97.285679491674 155.904482285593 0.138173258979771 0.9535 1.37456099261174
-7.43486973947896 -7.43805485564259 0.162228644641255 -0.00318511616363004 0.162238789606231 0.00789978462869554 98.6262323486806 0.00318511616363004 0.9524 1.57321459537156
-1.17234468937876 -1.17357422791032 0.159030632631104 -0.00122953853155794 0.159032144396104 1.67477659404125e-05 100.609547577632 0.00122953853155794 0.949 1.56552721713905
-13.6973947895792 -13.6986483141746 0.158984214420006 -0.00125352459546946 0.158985785743917 1.19855270023522e-07 100.638922287788 0.00125352459546946 0.9486 1.56540613100202
2.98597194388778 2.90653047005947 0.177876435347468 -0.0794414738283074 0.184187383111482 19.590017471583 89.9500823071096 0.0794414738283074 0.9228 1.59575106535387
7.14428857715431 7.14303377486163 0.158981392841661 -0.00125480229268415 0.158982967370455 1.20740161691806e-16 100.640708412558 0.00125480229268415 0.949 1.56550051269731
0.93186372745491 1.00367989080791 0.183212592466271 0.0718161633529948 0.188370153785015 15.8659817962897 87.3302417951734 0.0718161633529948 0.9253 1.60763440490426
-3.27655310621243 -3.27780790850077 0.158981392827526 -0.00125480228834762 0.158982967356308 1.46506517191608e-17 100.640708421507 0.00125480228834762 0.9496 1.56547669881377
-9.48897795591182 -9.63708012069966 0.109863762939301 -0.148102164787833 0.131798014154144 94.6331389919401 145.634917027554 0.148102164787833 0.9414 1.39487085426242
5.14028056112225 5.13898756334731 0.159063253659163 -0.00129299777493674 0.159064925502409 2.2447723776559e-05 100.588914359092 0.00129299777493674 0.9494 1.56562275080311
-7.38476953907816 -7.3875332032675 0.161582669478091 -0.00276366418934426 0.161590307317843 0.00523866248541383 99.0205202802979 0.00276366418934426 0.9519 1.57163940120279
-1.12224448897796 -1.12346458155987 0.159048081039676 -0.00122009258191524 0.159049569665585 2.74078591968625e-05 100.598510182645 0.00122009258191524 0.9494 1.56558829340668
9.24849699398798 9.24724219169953 0.158981392827267 -0.00125480228844665 0.15898296735605 2.4154966971273e-34 100.640708421671 0.00125480228844665 0.9499 1.5655360998826
-13.6472945891784 -13.6485475094165 0.158985511590767 -0.00125292023809997 0.15898708139989 2.12996219595971e-07 100.638101169774 0.00125292023809997 0.9486 1.56540755223589
-11.5931863727455 -11.526818204329 0.214601384679392 0.0663681684164885 0.219006118458351 5.45214652169002 74.5568348680674 0.0663681684164885 0.9202 1.6773233941195
-5.38076152304609 -5.38201632675281 0.158981397438525 -0.00125480370672193 0.158982971970867 7.28436553893645e-13 100.640705502585 0.00125480370672193 0.949 1.56547268861829
3.03607214428858 2.95977606210514 0.180879323553276 -0.0762960821834371 0.186700415709818 17.2131984266 88.4567660122156 0.0762960821834371 0.9232 1.60318984046455
0.981963927855713 1.05721199226674 0.180615693802569 0.0752480644110292 0.186277965000175 18.166461012559 88.5858790182962 0.0752480644110292 0.9251 1.60071171794298
7.19438877755511 7.19313397526417 0.158981392835776 -0.0012548022909451 0.158982967364566 5.37383967738481e-17 100.640708416284 0.0012548022909451 0.949 1.56548895073934
-3.22645290581162 -3.22770770809989 0.15898139282774 -0.00125480228826458 0.158982967356523 3.31833500743566e-17 100.640708421371 0.00125480228826458 0.9496 1.56546741840392
-9.43887775551102 -9.59549686085855 0.117707849550439 -0.156619105347531 0.1422373937103 91.6342522040525 135.929762213045 0.156619105347531 0.9285 1.41619233899006
-13.5971943887776 -13.5984464361086 0.158987365585091 -0.00125204733103779 0.158988933207611 3.75576676181016e-07 100.636927601877 0.00125204733103779 0.9487 1.56541064685083
-7.33466933867735 -7.33709713186602 0.161053053988446 -0.00242779318866493 0.161058948168212 0.00344866004135272 99.3461446632852 0.00242779318866493 0.9513 1.57042051164695
-11.5430861723447 -11.4683969733408 0.217766721845916 0.0746891990038865 0.223345198293758 7.02204062657062 73.4731177673743 0.0746891990038865 0.9172 1.6811411406211
-1.07214428857715 -1.07335169686103 0.159071107941117 -0.00120740828387778 0.159072565775881 4.45027429964654e-05 100.583947689122 0.00120740828387778 0.9491 1.56565656086061
5.19038076152305 5.18909765118839 0.159043384256935 -0.00128311033466044 0.159045030629066 1.3673094785846e-05 100.601481003145 0.00128311033466044 0.9489 1.5655661629391
9.29859719438878 9.29734239210033 0.158981392827267 -0.00125480228844665 0.15898296735605 7.7332989637159e-35 100.640708421671 0.00125480228844665 0.9499 1.5655360998826
-5.33066132264529 -5.33191612583235 0.158981395765631 -0.00125480318705851 0.158982970296669 3.51984399209555e-13 100.640706561584 0.00125480318705851 0.949 1.56544925735506
3.08617234468938 3.01343944919522 0.183379931900888 -0.0727328954941577 0.188670005987852 14.9705840637103 87.2505504508946 0.0727328954941577 0.9229 1.60965088702728
7.24448897795591 7.243234175666 0.15898139283226 -0.00125480228990948 0.158982967361047 2.37307311944402e-17 100.64070841851 0.00125480228990948 0.949 1.56549980553712
1.03206412825651 1.11028898156118 0.177519212529366 0.0782248533046661 0.183638340203903 20.5898112606399 90.1310893171814 0.0782248533046661 0.9249 1.59281218979608
-13.5470941883768 -13.5483449829625 0.158989997466228 -0.00125079458572763 0.158991561953324 6.57113617462998e-07 100.635261683042 0.00125079458572763 0.9488 1.56543003367134
-9.38877755511022 -9.5524281409511 0.126076858075713 -0.163650585840879 0.152858372321775 88.1486282575642 126.906715825608 0.163650585840879 0.9172 1.4384159435305
-3.17635270541082 -3.17760750769894 0.158981392828126 -0.00125480228811492 0.158982967356908 7.4903207729402e-17 100.640708421126 0.00125480228811492 0.9496 1.56549448237807
-1.02204408817635 -1.02323457380664 0.159101278147473 -0.00119048563028756 0.159102695403509 7.16954944111339e-05 100.564874061976 0.00119048563028756 0.9492 1.56571741390291
-7.28456913827655 -7.28673096916911 0.160621987901075 -0.0021618308925575 0.160626661413883 0.00225365500003515 99.6127629167074 0.0021618308925575 0.9507 1.56930719277053
9.34869739478958 9.34744259250113 0.158981392827267 -0.00125480228844665 0.15898296735605 2.45649912589668e-35 100.640708421671 0.00125480228844665 0.9499 1.5655360998826
-11.4929859719439 -11.4095741964317 0.220364815446851 0.0834117755121717 0.227322339740944 8.94946112158549 72.606872233916 0.0834117755121717 0.913 1.68357268645814
5.24048096192385 5.2392052769039 0.159028102224874 -0.00127568501994535 0.159029729597144 8.26332409610895e-06 100.611148445796 0.00127568501994535 0.9495 1.5655120719376
-5.28056112224449 -5.2818159250986 0.158981394686793 -0.00125480285410706 0.158982969216996 1.68752001376748e-13 100.640707244526 0.00125480285410706 0.949 1.56544824799379
3.13627254509018 3.06743775643916 0.185361080036996 -0.0688347886510212 0.190099308165627 12.8860495311706 86.3180123724277 0.0688347886510212 0.9243 1.61505618246555
7.29458917835671 7.29333437606742 0.158981392830174 -0.00125480228929664 0.158982967358959 1.03975494910248e-17 100.64070841983 0.00125480228929664 0.949 1.56552734131845
1.08216432865731 1.16283143054044 0.173957652789415 0.0806671018831293 0.180464834115639 23.1049536563332 91.9764077259011 0.0806671018831293 0.9259 1.58399117835517
-13.496993987976 -13.4982429961149 0.158993708347958 -0.00124900813897355 0.158995268369289 1.14077788851279e-06 100.632912875923 0.00124900813897355 0.9489 1.56543126657077
-9.33867735470942 -9.50782105439141 0.134868810406616 -0.169143699681987 0.163478401548727 84.2828085131029 118.633803855477 0.169143699681987 0.9076 1.46111226918907
-3.12625250501002 -3.12750730729787 0.158981392828815 -0.00125480228784669 0.158982967357597 1.67754456619518e-16 100.64070842069 0.00125480228784669 0.9496 1.56549101895438
-0.97194388777555 -0.973111942342613 0.15914052154106 -0.0011680545670627 0.159141885892531 0.00011460151037335 100.540075180487 0.0011680545670627 0.949 1.56588967200365
-7.23446893787575 -7.23642146962687 0.160273553764492 -0.00195253175111798 0.160277366144731 0.00146188783686417 99.8293207094579 0.00195253175111798 0.9507 1.56846491479097
9.39879759519038 9.39754279290193 0.158981392827267 -0.00125480228844665 0.15898296735605 7.74215549899083e-36 100.640708421671 0.00125480228844665 0.9499 1.5655360998826
5.29058116232465 5.28931102606226 0.159016411168521 -0.00127013626238792 0.159018024414646 4.95491491716571e-06 100.618545484866 0.00127013626238792 0.9493 1.56546925729474
-11.4428857715431 -11.3504424612847 0.222263709428038 0.092443310258421 0.230809475039573 11.2801494226274 71.9865606543398 0.092443310258421 0.9096 1.68443154182945
-5.23046092184369 -5.23171572448586 0.158981393995896 -0.00125480264217437 0.158982968525567 8.02727624607795e-14 100.640707681887 0.00125480264217437 0.949 1.56542076666954
3.18637274549098 3.12168814482378 0.186819664366508 -0.0646846006672042 0.191003761929984 10.977149637681 85.6440892036436 0.0646846006672042 0.9248 1.61935347686101
7.34468937875751 7.34343457646858 0.158981392828947 -0.00125480228893693 0.158982967357731 4.52006140136091e-18 100.640708420607 0.00125480228893693 0.949 1.56554352674065
1.13226452905812 1.21476524991164 0.169978507384606 0.082500720853526 0.176784876325958 25.6774285423418 94.1295475891973 0.082500720853526 0.9271 1.57432211443681
-13.4468937875751 -13.4481402643237 0.158998905246054 -0.00124647674854295 0.159000458950338 1.96509998551982e-06 100.629623677218 0.00124647674854295 0.9488 1.56545256485979
-9.28857715430862 -9.46164520179672 0.143962422490428 -0.173068047488105 0.173914971551773 80.0727221937433 111.140113671426 0.173068047488105 0.8969 1.48405326460661
-3.07615230460922 -3.07740710689659 0.158981392830035 -0.00125480228737063 0.158982967358815 3.72235382839217e-16 100.640708419918 0.00125480228737063 0.9496 1.56551463317
-0.921843687374748 -0.922982202171093 0.159191194872984 -0.00113851479634464 0.159192491088925 0.000181753245815715 100.50807152221 0.00113851479634464 0.9491 1.56600690075633
-7.18436873747495 -7.18615755055235 0.159993753661447 -0.00178881307740486 0.159996953513672 0.000941267781631267 100.003904114011 0.00178881307740486 0.9503 1.56774989770226
9.44889779559118 9.44764299330274 0.158981392827267 -0.00125480228844665 0.15898296735605 2.42103254460884e-36 100.640708421671 0.00125480228844665 0.9499 1.5655360998826
5.34068136272545 5.33941535265118 0.159007514681888 -0.00126601007427229 0.159009117463396 2.94788863353721e-06 100.624175102729 0.00126601007427229 0.9495 1.56548468910643
-11.3927855711423 -11.2911127023214 0.223340580189976 0.101672868820863 0.23367795244424 14.052816874757 71.6394664435376 0.101672868820863 0.9057 1.6833922846462
-5.18036072144289 -5.18161552395106 0.158981393556554 -0.00125480250816956 0.158982968085889 3.78862119589786e-14 100.640707960006 0.00125480250816956 0.949 1.56541299112355
3.23647294589178 3.17610980901981 0.187766142661711 -0.0603631368719695 0.191409850954735 9.25468738307744 85.2123805345804 0.0603631368719695 0.926 1.62256015072246
7.39478957915832 7.39353477686959 0.15898139282823 -0.00125480228872732 0.158982967357014 1.94962522123573e-18 100.64070842106 0.00125480228872732 0.949 1.56554979978954
1.18236472945892 1.26602371180436 0.165640800776194 0.0836589823454426 0.172639626103269 28.2710902568157 96.5945583758582 0.0836589823454426 0.9301 1.56390148097767
-13.3967935871743 -13.3980364996074 0.159006134062124 -0.00124291243302821 0.159007678893441 3.35889065316518e-06 100.625048803141 0.00124291243302821 0.9487 1.56545550446434
-9.23847695390782 -9.41389417606895 0.153218733496506 -0.175417222161135 0.183989935327235 75.4571468911123 104.425872965233 0.175417222161135 0.889 1.50683856317079
-7.13426853707415 -7.13593002883791 0.159770459913781 -0.00166149176375896 0.159773220468662 0.000601545464214233 100.143668664622 0.00166149176375896 0.9502 1.56724591983299
-3.02605210420842 -3.02730690649495 0.158981392832179 -0.00125480228653041 0.158982967360957 8.20699896610702e-16 100.640708418561 0.00125480228653041 0.9496 1.56552938364021
-5.13026052104208 -5.13151532346609 0.158981393279163 -0.00125480242400755 0.158982967808286 1.77413968806283e-14 100.640708135604 0.00125480242400755 0.949 1.56539971500809
-0.871743486973948 -0.872843353041896 0.159256146922987 -0.00109986606794832 0.159257356628354 0.000286000840989044 100.467079664669 0.00109986606794832 0.9492 1.56610599208351
9.49899799599199 9.49774319370354 0.158981392827267 -0.00125480228844665 0.15898296735605 7.51160646524043e-37 100.640708421671 0.00125480228844665 0.9499 1.5655360998826
5.39078156312625 5.38951860652453 0.159000780462666 -0.00126295660171927 0.159002375522044 1.74012081536826e-06 100.628436875861 0.00126295660171927 0.9488 1.56543131229646
-11.3426853707415 -11.231712773474 0.223488169862706 0.110972597267455 0.235803087206991 17.2942336865025 71.5921563536414 0.110972597267455 0.9034 1.68042961554395
3.28657314629259 3.23062578763661 0.18822346427858 -0.0559473586559722 0.19135357121916 7.72280159667301 85.0053422474426 0.0559473586559722 0.9276 1.62470780236082
1.23246492985972 1.31654929342165 0.161013189396834 0.0840843635619319 0.168083369592449 30.8498197620598 99.3707413655806 0.0840843635619319 0.9333 1.55287176308263
7.44488977955912 7.44363497727051 0.158981392827815 -0.00125480228860653 0.158982967356599 8.34356005786238e-19 100.640708421323 0.00125480228860653 0.949 1.5655631172101
-13.3466933867735 -13.3479313121555 0.159016121209071 -0.00123792538196099 0.159017653668323 5.69691954605278e-06 100.618728958704 0.00123792538196099 0.9487 1.56549603867914
-7.08416833667335 -7.0857313669501 0.159593308905897 -0.00156303027674909 0.159595751969543 0.000381561225166169 100.254829664784 0.00156303027674909 0.95 1.56679066630521
-9.18837675350701 -9.364586483771 0.162484131302383 -0.176209730263988 0.19353400034209 70.5211588080282 98.4711545167696 0.176209730263988 0.8825 1.52920757651054
-5.08016032064128 -5.08141512301279 0.158981393105283 -0.00125480237150999 0.158982967634274 8.24305219432522e-15 100.640708245677 0.00125480237150999 0.949 1.56538971558782
5.44088176352706 5.4396210557053 0.15899570976237 -0.00126070782175436 0.158997299146582 1.01915723388674e-06 100.631646123742 0.00126070782175436 0.9486 1.56543499887415
-2.97595190380762 -2.97720670609268 0.158981392835919 -0.00125480228506003 0.158982967364694 1.79533115202828e-15 100.640708416193 0.00125480228506003 0.9496 1.56554374918998
-0.821643286573146 -0.822692915179653 0.159338784847082 -0.00104962860650781 0.159339886567294 0.000446524880025744 100.414974391547 0.00104962860650781 0.9492 1.5663475036239
9.54909819639279 9.54784339410434 0.158981392827267 -0.00125480228844665 0.15898296735605 2.31237618824575e-37 100.640708421671 0.00125480228844665 0.9499 1.5655360998826
-11.2925851703407 -11.1723852565324 0.222620899042581 0.120199913808312 0.237068918322107 21.0143279693906 71.8710600343935 0.120199913808312 0.8994 1.67543349027931
3.33667334669339 3.28516452454378 0.188225526546373 -0.0515088221496112 0.190878685305614 6.37951620780331 85.0044108977858 0.0515088221496112 0.929 1.62586043579756
1.28256513026052 1.36629527533041 0.15617174102497 0.0837301450698877 0.163182478218395 33.3722133738357 102.451313502625 0.0837301450698877 0.9365 1.54138450138712
7.49498997995992 7.49373517767138 0.158981392827576 -0.00125480228853725 0.15898296735636 3.5427876349645e-19 100.640708421474 0.00125480228853725 0.949 1.56554725490254
-13.2965931863727 -13.2978241781184 0.159029825530957 -0.0012309917456701 0.159031340871635 9.58789673555758e-06 100.610058186132 0.0012309917456701 0.9487 1.56551923832365
-9.13827655310621 -9.31376579673219 0.171594750326404 -0.175489243625981 0.202391224954823 65.3100456152951 93.2429457752358 0.175489243625981 0.8778 1.5508667441835
-5.03006012024048 -5.03131492257947 0.158981392997078 -0.00125480233899111 0.158982967525988 3.79998488152539e-15 100.640708314174 0.00125480233899111 0.949 1.56534874370847
-7.03406813627254 -7.03555543428868 0.159453555362086 -0.00148729801613445 0.159455767417474 0.000240207084524277 100.34269830903 0.00148729801613445 0.9494 1.56643888630736
5.49098196392786 5.48972290434779 0.158991911675976 -0.00125905958006456 0.158993496907002 5.92238233988037e-07 100.634050067955 0.00125905958006456 0.9487 1.56542978684015
9.59919839679359 9.59794359450514 0.158981392827267 -0.00125480228844665 0.15898296735605 7.06281144273296e-38 100.640708421671 0.00125480228844665 0.9499 1.5655360998826
-2.92585170340681 -2.92710650568932 0.158981392842393 -0.00125480228250563 0.158982967371161 3.89671117119928e-15 100.640708412095 0.00125480228250563 0.9496 1.56555408706653
-0.771543086172345 -0.772527839862856 0.159443138710802 -0.000984753690510876 0.159444108450633 0.000691698938171596 100.349253842907 0.000984753690510876 0.9496 1.56654053525857
-11.2424849699399 -11.1132845484649 0.220680165015202 0.129200421475003 0.237372913924521 25.2021122937164 72.5031177990001 0.129200421475003 0.8964 1.66828315599215
3.38677354709419 3.33966113655576 0.187815262778387 -0.0471124105384266 0.190034842005128 5.21764136758944 85.1900945818192 0.0471124105384266 0.9301 1.62606046958125
1.33266533066132 1.41522704318976 0.151197528396633 0.0825617125284384 0.158013964772261 35.8093655750234 105.821835645538 0.0825617125284384 0.9401 1.52956396596357
7.54509018036072 7.54383537807223 0.15898139282744 -0.00125480228849728 0.158982967356223 1.49256174396209e-19 100.640708421561 0.00125480228849728 0.949 1.56554654699572
-13.2464929859719 -13.2477143986628 0.15904850225051 -0.00122141269088161 0.159049994099471 1.60122523393252e-05 100.598243765912 0.00122141269088161 0.9492 1.56557137184867
-4.97995991983968 -4.98121472215867 0.158981392930235 -0.00125480231898845 0.158982967459095 1.73807792308286e-15 100.640708356488 0.00125480231898845 0.949 1.56539606235395
-9.08817635270541 -9.26150045965992 0.180382074463534 -0.173324106954514 0.210423320515114 59.8931525626829 88.700609789442 0.173324106954514 0.8764 1.57162275528045
-6.98396793587174 -6.98539728796986 0.159343902860347 -0.00142935209811856 0.159345945907767 0.000150078826830565 100.411749133714 0.00142935209811856 0.9496 1.56621515786544
5.54108216432866 5.53982430708358 0.158989081729489 -0.00125785724507654 0.158990663934338 3.4146418000499e-07 100.635841316595 0.00125785724507654 0.9489 1.56540965472615
9.64929859719439 9.64804379490594 0.158981392827267 -0.00125480228844665 0.15898296735605 2.14037661435119e-38 100.640708421671 0.00125480228844665 0.9499 1.5655360998826
-2.87575150300601 -2.87700630528411 0.158981392853515 -0.00125480227810026 0.158982967382272 8.39161070559346e-15 100.640708405055 0.00125480227810026 0.9496 1.56559865147757
-0.721442885771543 -0.722344410670025 0.159573920289343 -0.00090152489848172 0.159574733036486 0.00106311799448081 100.267010868621 0.00090152489848172 0.9493 1.56702898315856
-11.1923847695391 -11.0545733102226 0.217638372128442 0.137811459316438 0.236630370447368 29.8233226774427 73.5164476903798 0.137811459316438 0.8932 1.65898043124233
3.43687374749499 3.39405836156284 0.187042483094213 -0.0428153859321458 0.188875640366731 4.22588963114529 85.542063681548 0.0428153859321458 0.9319 1.62541274278891
1.38276553106212 1.46332305953784 0.146174174624955 0.0805575284757161 0.152663690019071 38.1298092353582 109.458459683811 0.0805575284757161 0.9451 1.51762190494701
7.59519038076152 7.59393557847305 0.158981392827363 -0.00125480228847508 0.158982967356146 6.23897080828419e-20 100.640708421609 0.00125480228847508 0.949 1.5655489891758
-13.1963927855711 -13.1976010484628 0.159073780653728 -0.00120826289162856 0.159075240552944 2.65359653048752e-05 100.582257706119 0.00120826289162856 0.9495 1.56567001371894
-4.92985971943888 -4.93111452174565 0.158981392889248 -0.00125480230677155 0.158982967418077 7.88769580309216e-16 100.640708382434 0.00125480230677155 0.949 1.56542945249012
-9.03807615230461 -9.2078822156809 0.188679433760679 -0.169806063376294 0.217513532920033 54.3261454346702 84.7999152906849 0.169806063376294 0.8768 1.59112249160038
5.59118236472946 5.58992538038891 0.158986984218655 -0.00125698434054744 0.158988564228288 1.95338264515197e-07 100.637169002433 0.00125698434054744 0.9489 1.5654114832794
-6.93386773547094 -6.93525297553252 0.159258324561673 -0.00138524006158036 0.159260243451701 9.30576970066036e-05 100.465705915448 0.00138524006158036 0.9491 1.56600365792668
-11.1422845691383 -10.996418399183 0.213501337323449 0.145866169955243 0.234778276860861 34.8204900157886 74.9409825745513 0.145866169955243 0.8892 1.64759057532482
9.69939879759519 9.69814399530674 0.158981392827267 -0.00125480228844665 0.15898296735605 6.43570671523139e-39 100.640708421671 0.00125480228844665 0.9499 1.5655360998826
-2.82565130260521 -2.82690610487577 0.158981392872476 -0.00125480227055919 0.158982967401214 1.79302317130856e-14 100.640708393051 0.00125480227055919 0.9496 1.56554124295323
-0.671342685370741 -0.672138136556288 0.159736571240252 -0.000795451185546803 0.159737203982841 0.00162120703810726 100.164914494973 0.000795451185546803 0.9498 1.56742598718869
3.48697394789579 3.44830717998976 0.185961595825188 -0.0386667679060313 0.187456714765487 3.39006922995726 86.0392702536317 0.0386667679060313 0.9331 1.62400366862122
1.43286573146293 1.51057549055133 0.141185480411428 0.0777097590884093 0.147224287069007 40.2701031228868 113.326100909063 0.0777097590884093 0.9493 1.50577706817854
7.64529058116232 7.64403577887386 0.15898139282732 -0.00125480228846264 0.158982967356103 2.58753994626736e-20 100.640708421637 0.00125480228846264 0.949 1.56555275262865
-13.1462925851703 -13.1474829116058 0.159107757042258 -0.00119032643544514 0.159109173919281 4.36394395814419e-05 100.56077904329 0.00119032643544514 0.9494 1.56576648578513
-4.87975951903808 -4.88101432133744 0.158981392864302 -0.00125480229936326 0.158982967393113 3.55160438034628e-16 100.640708398226 0.00125480229936326 0.949 1.56544956537705
-8.98797595190381 -9.1530241497307 0.196328962403121 -0.165048197826891 0.223569870009026 48.7078983900912 81.4958720514566 0.165048197826891 0.8779 1.60911599898527
5.64128256513026 5.64002621152438 0.158985437773395 -0.00125635360587673 0.158987016197778 1.10872275020434e-07 100.638147896319 0.00125635360587673 0.9487 1.56540277089674
-6.88376753507014 -6.88511936079818 0.159191885722114 -0.00135182572803849 0.159193713154913 5.72628097092228e-05 100.507635344742 0.00135182572803849 0.9495 1.56584025758918
-11.0921843687375 -10.938986446175 0.208308855404075 0.153197922562468 0.23177845888153 40.1157549657773 76.8090246041793 0.153197922562468 0.8855 1.63420090713733
9.74949899799599 9.74824419570755 0.158981392827267 -0.00125480228844665 0.15898296735605 1.91997579450132e-39 100.640708421671 0.00125480228844665 0.9499 1.5655360998826
-0.62124248496994 -0.621903638737701 0.15993729475481 -0.000661153767761102 0.159937731879115 0.00245294474385978 100.039206143436 0.000661153767761102 0.95 1.5679199197522
-2.77555110220441 -2.77680590446216 0.158981392904559 -0.00125480225774677 0.158982967433265 3.80119314645321e-14 100.640708372742 0.00125480225774677 0.9496 1.56551336165997
3.53707414829659 3.50236711938618 0.184629335120908 -0.0347070289104128 0.185833912976696 2.69423577568178 86.6601181741901 0.0347070289104128 0.9353 1.62193512791746
1.48296593186373 1.55699048945272 0.136313246937832 0.0740245575889944 0.141792882064079 42.2437460885209 117.376706662244 0.0740245575889944 0.9536 1.4941220897234
7.69539078156313 7.69413597927467 0.158981392827296 -0.00125480228845554 0.158982967356079 1.06476712706277e-20 100.640708421652 0.00125480228845554 0.9494 1.5655586945013
-4.82965931863727 -4.83091412093218 0.158981392849233 -0.00125480229490282 0.158982967378032 1.58669158967565e-16 100.640708407765 0.00125480229490282 0.949 1.56547143636332
-13.0961923847695 -13.097358402756 0.159153104092467 -0.00116601798647764 0.159154463690412 7.12187863156525e-05 100.532126540894 0.00116601798647764 0.9491 1.56588541083833
-8.93787575150301 -9.09705788877051 0.20318850794976 -0.159182137267509 0.228527460774812 43.1372278342701 78.7446109105547 0.159182137267509 0.8793 1.62539207008926
5.69138276553106 5.69012686551475 0.158984303660066 -0.00125590001631792 0.158985880944917 6.24384415890569e-08 100.638865797787 0.00125590001631792 0.9487 1.56539840999789
-6.83366733466934 -6.83499397302145 0.159140576565989 -0.00132663835211666 0.159142336535307 3.49679111594487e-05 100.540040417444 0.00132663835211666 0.9492 1.56572466028363
-11.0420841683367 -10.882439272627 0.202133377531537 0.159644895709636 0.227619870257678 45.6161737954154 79.1556555151493 0.159644895709636 0.8815 1.61888162897507
9.79959919839679 9.79834439610835 0.158981392827267 -0.00125480228844665 0.15898296735605 5.68314483879648e-40 100.640708421671 0.00125480228844665 0.9499 1.5655360998826
-0.571142284569138 -0.57163453435431 0.160183063812074 -0.00049224978517215 0.160183306121925 0.00368238153840014 99.8857158755003 0.00049224978517215 0.9501 1.56859252000428
-2.72545090180361 -2.72670570403974 0.158981392958435 -0.00125480223613739 0.158982967487087 7.9955332748716e-14 100.640708338636 0.00125480223613739 0.9496 1.56550316687665
3.5871743486974 3.55620626570914 0.183102610180824 -0.0309680829882604 0.184061632344792 2.12171515075293 87.3826975169773 0.0309680829882604 0.9364 1.61931176989091
1.53306613226453 1.60258815198087 0.131635385348642 0.0695220197163433 0.136468696574082 44.0103000998882 121.547864638549 0.0695220197163433 0.9574 1.4828817230897
7.74549098196393 7.74423617967548 0.158981392827282 -0.00125480228845198 0.158982967356065 4.34726052750018e-21 100.640708421661 0.00125480228845198 0.9499 1.56555924805428
-4.77955911823647 -4.78081392052871 0.158981392840198 -0.0012548022922374 0.158982967368991 7.03321597237494e-17 100.640708413484 0.0012548022922374 0.949 1.56548496773326
-13.0460921843687 -13.0472254713578 0.159213197096279 -0.00113328698908788 0.159214481435678 0.00011534303183295 100.4941819636 0.00113328698908788 0.9492 1.56605343627495
-8.88777555110221 -9.04013013802491 0.209137960513227 -0.152354586922709 0.232349880669616 37.7163796950016 76.5045234291079 0.152354586922709 0.8834 1.63980266067215
5.74148296593187 5.74022739056064 0.158983476380033 -0.00125557537122845 0.158985052849545 3.48878826266669e-08 100.639389478148 0.00125557537122845 0.9487 1.56540369746918
-6.78356713426854 -6.7848748785181 0.159101160916042 -0.00130774424955771 0.159102871111064 2.11901276832341e-05 100.564948161775 0.00130774424955771 0.9494 1.56564066351594
-10.9919839679359 -10.8269293684083 0.195076928649289 0.165054599527583 0.2223199494745 51.2207166212104 82.0189251019271 0.165054599527583 0.8798 1.60175943975016
-0.521042084168336 -0.521323321060777 0.160481598242375 -0.000281236892440639 0.160481677336565 0.00548479976355719 99.6999043830259 0.000281236892440639 0.9496 1.56948655895465
9.8496993987976 9.84844459650915 0.158981392827267 -0.00125480228844665 0.15898296735605 1.66907232963436e-40 100.640708421671 0.00125480228844665 0.9499 1.5655360998826
-2.67535070140281 -2.67660550360277 0.158981393048227 -0.00125480219995922 0.158982967576788 1.66866207060168e-13 100.640708281795 0.00125480219995922 0.9496 1.56546491447166
3.6372745490982 3.60980101491371 0.181436574325359 -0.0274735341844905 0.182191369405945 1.65594533249333 88.1850864936869 0.0274735341844905 0.9373 1.61628146251562
1.58316633266533 1.64740216933271 0.127224375652819 0.0642358366673776 0.131350618365177 45.49411346433 125.762063424561 0.0642358366673776 0.9598 1.47219027135642
7.79559118236473 7.79433638007628 0.158981392827275 -0.00125480228844932 0.158982967356058 1.76104382172649e-21 100.640708421665 0.00125480228844932 0.9499 1.56555037116649
-4.72945891783567 -4.73071372012633 0.158981392834823 -0.00125480229065644 0.158982967363611 3.09320623559798e-17 100.640708416887 0.00125480229065644 0.949 1.56548078233388
-12.9959919839679 -12.9970814867157 0.159292256572852 -0.00108950274774422 0.15929344358909 0.000185387642806829 100.444304979021 0.00108950274774422 0.9491 1.56625230953856
-8.8376753507014 -8.98239867352205 0.214084510157657 -0.144723322820646 0.235029350325906 32.5436961092152 74.7368410176767 0.144723322820646 0.8873 1.65230805116963
5.79158316633266 5.79032782220639 0.15898287617325 -0.00125534412627903 0.158984452062126 1.93415213767952e-08 100.639769421231 0.00125534412627903 0.9487 1.56540213202879
-6.73346693386774 -6.73476057319062 0.159071043100098 -0.00129363932288928 0.159072716602795 1.27425219787171e-05 100.583988689455 0.00129363932288928 0.949 1.56559129847314
-10.9418837675351 -10.7725956596332 0.187266538883669 0.169288107901915 0.21592500236068 56.8278142868718 85.4397165418819 0.169288107901915 0.879 1.58309471103388
-0.470941883767535 -0.470961268044865 0.160841302015681 -1.93842773294484e-05 0.160841302391431 0.00810555351214412 99.4769365796363 1.93842773294484e-05 0.9502 1.57041379594823
9.8997995991984 9.89854479690995 0.158981392827267 -0.00125480228844665 0.15898296735605 4.86356866914927e-41 100.640708421671 0.00125480228844665 0.9499 1.5655360998826
-2.625250501002 -2.62650530314184 0.158981393196752 -0.00125480213983398 0.158982967725162 3.45527657280535e-13 100.640708187774 0.00125480213983398 0.9496 1.56544777103798
3.687374749499 3.66313560496198 0.179682989408589 -0.0242391445370234 0.180270525536475 1.28111683678452 89.045713523927 0.0242391445370234 0.9391 1.61295703632895
1.63326653306613 1.69147921023846 0.123146106782924 0.0582126771723255 0.126534822566494 46.7241990795396 129.926965764366 0.0582126771723255 0.9634 1.46226553061467
7.84569138276553 7.84443658047709 0.158981392827271 -0.00125480228844843 0.158982967356054 7.0781232420323e-22 100.640708421668 0.00125480228844843 0.9499 1.56554486469229
-4.67935871743487 -4.6806135197246 0.158981392831648 -0.00125480228972563 0.158982967360435 1.35454889372786e-17 100.640708418897 0.00125480228972563 0.949 1.56551832034636
-12.9458917835671 -12.9469231019784 0.159395505405124 -0.0010313184112416 0.159396569022789 0.000295716156746351 100.379241932412 0.0010313184112416 0.9496 1.56650284290525
-8.7875751503006 -8.92402795149237 0.217966437031798 -0.136452801191766 0.236585803984877 27.7061626527274 73.4057968643395 0.136452801191766 0.8914 1.66267238350332
5.84168336673347 5.8404281865289 0.15898244308616 -0.00125518020456461 0.158984018563506 1.06389829638668e-08 100.640043575936 0.00125518020456461 0.9487 1.56540946932604
-6.68336673346693 -6.68464989384048 0.159048153452535 -0.00128316037355081 0.159049799953079 7.60373737454176e-06 100.59846438126 0.00128316037355081 0.9489 1.56555732359352
-10.8917835671343 -10.7195597818155 0.178848569091797 0.17222378531878 0.208509601321326 62.3422749112064 89.461157454314 0.17222378531878 0.8806 1.56296296909733
-0.420841683366733 -0.420538320464809 0.161271151588112 0.000303362901924453 0.161271243617162 0.0118848309047792 99.2117923288855 0.000303362901924453 0.9499 1.57151562567111
9.9498997995992 9.94864499731075 0.158981392827267 -0.00125480228844665 0.15898296735605 1.40613950171263e-41 100.640708421671 0.00125480228844665 0.9499 1.5655360998826
-2.5751503006012 -2.57640510264184 0.158981393440586 -0.00125480204064088 0.158982967968747 7.09889412020601e-13 100.640708033418 0.00125480204064088 0.9496 1.56545405829958
3.7374749498998 3.71620147183479 0.177888934919806 -0.0212734780650115 0.178341495788788 0.982616457345189 89.943761860247 0.0212734780650115 0.94 1.60935215395881
7.89579158316633 7.89453678087788 0.158981392827269 -0.00125480228844754 0.158982967356052 2.82266630615694e-22 100.640708421669 0.00125480228844754 0.9499 1.56555262659754
-4.62925851703407 -4.63051331932325 0.158981392829789 -0.00125480228918118 0.158982967358574 5.89526186758939e-18 100.640708420074 0.00125480228918118 0.949 1.56553759672405
-2.5250501002004 -2.52630490207859 0.158981393837894 -0.00125480187818638 0.158982968365648 1.44707834249807e-12 100.640707781908 0.00125480187818638 0.9496 1.56542062276243
10 9.99874519771155 0.158981392827267 -0.00125480228844665 0.15898296735605 4.0336222809166e-42 100.640708421671 0.00125480228844665 0.9499 1.5655360998826
