3.7875751503006 3.76899647423593 0.176095883969234 -0.0185786760646742 0.17644105117355 0.747295694120988 90.8595910327775 0.0185786760646742 0.9419 1.6056421028035
5.89178356713427 5.89052850256214 0.158982132311787 -0.00125506457212854 0.158983707498868 5.80634793656007e-09 100.640240304625 0.00125506457212854 0.9487 1.56541711988304
-8.7374749498998 -8.79554898493217 0.188063088482845 -0.0580740350323676 0.191435682027786 8.43431395031405 85.0778328117241 0.0580740350323676 0.9271 1.62366239177181
-10.8416833667335 -10.7584921924632 0.167763507507575 0.0831911742702545 0.174684278984039 27.0257925189864 95.3723502668038 0.0831911742702545 0.9289 1.56898238844036
-0.370741482965931 -0.37004471026079 0.161784906339462 0.000696772705141457 0.161785391831665 0.0174838997291203 98.8967411238492 0.000696772705141457 0.9503 1.57301125922299
-4.57915831663327 -4.50068825446664 0.142375177790555 0.0784700621666277 0.148532728446989 39.778212622994 112.379139736965 0.0784700621666277 0.9486 1.50855769824959
-12.8957915831663 -12.896911281997 0.159222986355737 -0.00111969883069385 0.159224240081208 0.000230296642297965 100.488003435966 0.00111969883069385 0.9497 1.56606184631031
-15 -15.0012548022859 0.158981392833867 -0.00125480228586738 0.158982967362643 1.23420929385194e-15 100.640708417492 0.00125480228586738 0.9496 1.56551583184019
-2.4749498997996 -2.51058819160304 0.184968944092798 -0.0356382918034432 0.186239031935465 2.84935740870204 86.5010073905861 0.0356382918034432 0.9347 1.62245154191384
1.68336673346693 1.73487806688186 0.119459097923021 0.0515113334149246 0.122112515393205 47.6777386942341 133.937056935675 0.0515113334149246 0.9667 1.45324507201711
7.94589178356713 7.94463698127869 0.158981392827268 -0.00125480228844754 0.158982967356051 1.11684889806489e-22 100.64070842167 0.00125480228844754 0.9499 1.56554890387187
-6.63326653306613 -6.63397232073805 0.159907683652977 -0.000705787671915203 0.159908181789214 0.00276214085611113 100.057731026374 0.000705787671915203 0.9504 1.56785646151733
5.94188376753507 5.94062878412911 0.158981910555098 -0.00125498340595964 0.158983485538447 3.14412252425188e-09 100.640380683153 0.00125498340595964 0.9487 1.5654193675234
3.8376753507014 3.8215240309546 0.174339142690328 -0.0161513197468075 0.174600007819891 0.563594251402914 91.7751444288114 0.0161513197468075 0.9437 1.60194264774142
-8.687374749499 -8.7410126377413 0.188278825306865 -0.0536378882423012 0.191155848361959 7.00110097563017 84.9803474921968 0.0536378882423012 0.9279 1.62531095049662
-10.7915831663327 -10.707608298483 0.163265958641395 0.0839748678496619 0.170317737071763 29.6161305480464 97.999608327068 0.0839748678496619 0.9306 1.55824172131359
-0.320641282565131 -0.319463685862887 0.162382126107051 0.00117759670224377 0.162383512841044 0.0250752638062462 98.5330121213705 0.00117759670224377 0.9499 1.57438449395832
-4.52905811623246 -4.45407358262191 0.137467713287396 0.0749845336105519 0.143090393568188 41.7791986097138 116.390966412235 0.0749845336105519 0.9518 1.49679700528841
-12.8456913827655 -12.8467667499722 0.159296671923035 -0.00107536720662438 0.159297828337664 0.000360911920470104 100.441520885825 0.00107536720662438 0.9493 1.56619346791356
-2.4248496993988 -2.45669359484957 0.183483765914709 -0.0318438954507752 0.184497799592189 2.24876852315346 87.2011751025293 0.0318438954507752 0.9361 1.61993727092247
-14.9498997995992 -14.9511546018831 0.158981392838846 -0.00125480228390629 0.158982967367618 2.68891826129954e-15 100.64070841434 0.00125480228390629 0.9496 1.56555369051524
1.73346693386774 1.77766859997064 0.116214071765194 0.0442016661029054 0.118167859051467 48.4437967714457 137.676959054729 0.0442016661029054 0.9693 1.44524577741229
7.99599198396794 7.99473718167949 0.158981392827267 -0.00125480228844754 0.15898296735605 4.3845271415119e-23 100.64070842167 0.00125480228844754 0.9499 1.56554666516002
-6.58316633266533 -6.58370955607121 0.160136150153967 -0.000543223405875537 0.160136445245635 0.00380766725475252 99.9149785018337 0.000543223405875537 0.9506 1.56843903844394
5.99198396793587 5.99072904121791 0.158981753217485 -0.00125492671795957 0.158983328058552 1.68923211271463e-09 100.640480282742 0.00125492671795957 0.9487 1.56541794070803
3.88777555110221 3.87379221265525 0.172647627560225 -0.013983338446959 0.172843161314348 0.421551810141043 92.6743114058642 0.013983338446959 0.9445 1.59822833864088
-10.7414829659319 -10.6574830168764 0.158517284764167 0.0839999490554941 0.165573276205492 32.173292124675 100.935365022205 0.0839999490554941 0.9345 1.5469433751319
-8.6372745490982 -8.68648817187997 0.188060632710124 -0.0492136227817692 0.19048261337743 5.75333313024039 85.0789437928901 0.0492136227817692 0.9298 1.62594793085772
-0.270541082164328 -0.268783233224325 0.163078139518109 0.00175784894000292 0.163081229551005 0.0357673037588783 98.1124756958813 0.00175784894000292 0.9499 1.57621936804926
-4.47895791583166 -4.40828232785917 0.132736365415797 0.0706755879724952 0.137731404151055 43.6080464696251 120.539687446465 0.0706755879724952 0.956 1.48545879297144
-12.7955911823647 -12.7966091209198 0.159390057354355 -0.00101793855502308 0.159391093553257 0.000561187522507576 100.382672957002 0.00101793855502308 0.9495 1.56652639916917
-2.374749498998 -2.40303846606931 0.181846293734533 -0.0282889670713149 0.182646559392494 1.75885747269855 87.986395935886 0.0282889670713149 0.9376 1.61702829724608
-14.8997995991984 -14.9010544014789 0.158981392847432 -0.00125480228051167 0.158982967376195 5.81245830630592e-15 100.640708408905 0.00125480228051167 0.9496 1.56557015799724
1.78356713426854 1.81993051712705 0.113453825682785 0.036363382858511 0.114776121295699 49.0679292170817 141.026535718027 0.036363382858511 0.9712 1.43844989617158
8.04609218436874 8.04483738208029 0.158981392827267 -0.00125480228844665 0.15898296735605 1.70782972213112e-23 100.64070842167 0.00125480228844665 0.9499 1.56554433657424
-6.53306613226453 -6.53340728269576 0.160416911954794 -0.000341150431234283 0.160417028338411 0.0053604716380838 99.7401072307689 0.000341150431234283 0.9502 1.56916935117381
3.93787575150301 3.92581282639912 0.171043938255593 -0.012062925103884 0.171189452417655 0.312739828603323 93.5432156390776 0.012062925103884 0.9456 1.59468987718649
6.04208416833668 6.04082928100927 0.158981642230331 -0.00125488732740742 0.158983216972535 9.00477068948782e-10 100.640550541171 0.00125488732740742 0.9487 1.56540810484052
-10.6913827655311 -10.6081569145835 0.153596462771213 0.0832258509475139 0.160523005037151 34.6536864421383 104.169065558707 0.0832258509475139 0.938 1.5352678407162
-8.5871743486974 -8.6320366051853 0.187455299999934 -0.0448622564879066 0.18946792205712 4.68154256014537 85.3536816510691 0.0448622564879066 0.931 1.62572786152988
-0.220440881763526 -0.217987605917955 0.163881713055508 0.00245327584557098 0.163887731617883 0.0508087410402146 97.6313934098349 0.00245327584557098 0.9487 1.57834680552301
-4.42885771543086 -4.36328401518454 0.128255038045669 0.0655737002463264 0.132554948209664 45.1481959775969 124.751434671149 0.0655737002463264 0.9598 1.47462288958203
-12.7454909819639 -12.7464350117913 0.159507520411721 -0.000944029827421033 0.159508411604036 0.00086578049008757 100.30875007461 0.000944029827421033 0.9495 1.56677762949131
-2.32464929859719 -2.34964039639761 0.180109234996341 -0.0249910978004144 0.180733789965611 1.36358653892185 88.8349783969991 0.0249910978004144 0.9389 1.61377802396756
-14.8496993987976 -14.8509542010723 0.158981392862124 -0.00125480227467989 0.158982967390872 1.24662422655953e-14 100.640708399605 0.00125480227467989 0.9496 1.5655489992324
1.83366733466934 1.86175201648105 0.111213329018764 0.0280846818117091 0.112002078371229 49.5221515036471 143.867647350979 0.0280846818117091 0.9732 1.4329346429219
8.09619238476954 8.09493758248109 0.158981392827267 -0.00125480228844665 0.15898296735605 6.60024161549161e-24 100.64070842167 0.00125480228844665 0.9499 1.56554171247947
-6.48296593186373 -6.48305689716853 0.160757873494902 -9.09653048006831e-05 0.160757881769589 0.00768197970111404 99.5285621298504 9.09653048006831e-05 0.9501 1.57006860245062
6.09218436873747 6.09092950863947 0.158981564398886 -0.00125486009800646 0.158983139072751 4.76265857100961e-10 100.640599811031 0.00125486009800646 0.9487 1.56539886831357
-8.53707414829659 -8.57771097074018 0.18651531525128 -0.040636822443588 0.188166666589591 3.77278283767949 85.7838402087478 0.040636822443588 0.9321 1.62463045601381
3.98797595190381 3.97760052661556 0.169544672681278 -0.010375425288248 0.16965232213119 0.230141152179093 94.3704083824442 0.010375425288248 0.9465 1.59132039623913
-10.6412825651303 -10.559657905574 0.148586195643341 0.0816246595562546 0.155248780691016 37.034340370675 107.681604813449 0.0816246595562546 0.9433 1.52335934196695
-0.170340681362726 -0.167059814926575 0.164800610274087 0.00328086643615103 0.164811374358659 0.0716202409255926 97.0870191159468 0.00328086643615103 0.9488 1.58061368272168
-4.37875751503006 -4.31903502089766 0.124091287074828 0.0597224941324024 0.127658063380223 46.4311414118258 128.937336191476 0.0597224941324024 0.9629 1.4645068788569
-12.6953907815631 -12.696240317154 0.159654147292209 -0.000849535590846884 0.15965486900293 0.00132525781180864 100.216626197099 0.000849535590846884 0.9494 1.5672093546935
-2.27454909819639 -2.29650961065455 0.178320891709128 -0.0219605124581621 0.178803155816553 1.04802478079198 89.7258859948883 0.0219605124581621 0.9397 1.61024810636345
-14.7995991983968 -14.8008540006615 0.158981392887072 -0.00125480226473762 0.158982967415796 2.65280139011807e-14 100.640708383811 0.00125480226473762 0.9496 1.56551720179006
1.88376753507014 1.90322832433065 0.109519965108006 0.0194607892605123 0.109898687426648 49.7966897847188 146.09208452743 0.0194607892605123 0.9742 1.42879088855267
8.14629258517034 8.14503778288189 0.158981392827267 -0.00125480228844665 0.15898296735605 2.53086256797101e-24 100.640708421671 0.00125480228844665 0.9499 1.56554403866245
-6.43286573146293 -6.4326485365732 0.161167620276228 0.000217194889727601 0.161167667449848 0.0110634473720404 99.2755242807292 0.000217194889727601 0.9502 1.57117132219387
6.14228456913828 6.14102972776372 0.158981510144356 -0.00125484137455345 0.158983084771231 2.49930755105118e-10 100.640634155959 0.00125484137455345 0.949 1.5653882376805
-8.48697394789579 -8.52355586235885 0.185296574737173 -0.0365819144630546 0.186634811202955 3.01181361750436 86.3480613319195 0.0365819144630546 0.9345 1.62289516906546
4.03807615230461 4.02917198070676 0.168160925747146 -0.00890417159785084 0.16824021001899 0.168000103656118 95.1469547929241 0.00890417159785084 0.9476 1.58811878720965
-10.5911823647295 -10.5120004577077 0.143570485013378 0.0791819070217308 0.149840259412976 39.2713994988251 111.443518481596 0.0791819070217308 0.9471 1.51144812167678
-0.120240480961924 -0.115981833937452 0.165841023016375 0.00425864702447126 0.165859159090854 0.100159705854192 96.4779383833164 0.00425864702447126 0.9484 1.58317840571226
-4.32865731462926 -4.27547937322537 0.120305451878986 0.0531779414038827 0.123133345330941 47.5023266448515 132.994804060038 0.0531779414038827 0.9652 1.45525777467872
-12.6452905811623 -12.6460200987415 0.159835773008144 -0.000729517579138417 0.159836305204042 0.00201272954865698 100.102747331692 0.000729517579138417 0.9499 1.56770489325684
-2.22444889779559 -2.24364971515014 0.176524147864917 -0.019200817354549 0.176892819252 0.798655989818268 90.6391572684083 0.019200817354549 0.9415 1.60654021235095
-14.749498997996 -14.7507538002439 0.158981392929121 -0.00125480224790664 0.158982967457802 5.60102320809644e-14 100.640708357193 0.00125480224790664 0.9496 1.5655031278867
8.19639278557114 8.1951379832827 0.158981392827267 -0.00125480228844665 0.15898296735605 9.62876866880828e-25 100.640708421671 0.00125480228844665 0.9499 1.56553964275566
1.93386773547094 1.94446015231005 0.108393835699032 0.0105924168391058 0.108506034993525 49.9786896524935 147.609870033808 0.0105924168391058 0.9749 1.42607368607895
-6.38276553106212 -6.38217098875167 0.161655247790153 0.000594542310450308 0.161655601270711 0.0159964419710843 98.9760630645897 0.000594542310450308 0.9501 1.57252810884122
6.19238476953908 6.19112994096982 0.158981472554493 -0.00125482856925974 0.158983047149231 1.30131793665171e-10 100.64065795161 0.00125482856925974 0.949 1.56540596197237
-8.43687374749499 -8.46960728617336 0.183856160331052 -0.0327335386783716 0.18492764488546 2.38219402607735 87.024552080226 0.0327335386783716 0.9361 1.62054033302743
4.08817635270541 4.08054511124265 0.166898913700729 -0.00763124146275995 0.166957149546992 0.121660446844492 95.8664118610743 0.00763124146275995 0.9478 1.58520262564417
-10.5410821643287 -10.4651851456799 0.13863234722991 0.0758970186487407 0.144392704669677 41.3183483771226 115.413179677794 0.0758970186487407 0.9521 1.49966047818053
-0.0701402805611213 -0.0647348978563635 0.167006928016068 0.00540538270475786 0.167036146178253 0.138881758418797 95.8044087755486 0.00540538270475786 0.9475 1.5860089746074
-12.5951903807615 -12.5957684702228 0.16005900179014 -0.000578089461232167 0.160059335977565 0.00303293071201071 99.9631374746314 0.000578089461232167 0.9497 1.56830258269854
-4.27855711422846 -4.23254976222924 0.116950148202284 0.0460073519992168 0.119066824640264 48.2689277156315 136.810429451748 0.0460073519992168 0.9679 1.44701860582332
-2.17434869739479 -2.19105854321482 0.174755823323115 -0.0167098458200261 0.175035042270444 0.603533964643431 91.5563195305761 0.0167098458200261 0.9427 1.60283579320138
-14.6993987975952 -14.7006535998148 0.158981392999454 -0.00125480221963059 0.158982967528064 1.173338901739e-13 100.64070831267 0.00125480221963059 0.9496 1.56549818580922
8.24649298597194 8.2452381836835 0.158981392827267 -0.00125480228844665 0.15898296735605 3.63468187383821e-25 100.640708421671 0.00125480228844665 0.9499 1.56554099793263
1.98396793587174 1.98555209597056 0.10784805266984 0.00158416009881246 0.107850562233059 50.0258546474244 148.356874360834 0.00158416009881246 0.9755 1.42485241750819
-6.33266533066132 -6.3316116342127 0.162230128021393 0.00105369644862741 0.162231238297599 0.0229782571025631 98.6253305421178 0.00105369644862741 0.9497 1.5739573891006
-8.38677354709419 -8.41589278906408 0.182250292151986 -0.0291192419698874 0.183098222404887 1.86721576817553 87.7913544668392 0.0291192419698874 0.9372 1.6177010771872
6.24248496993988 6.24123015008027 0.158981446671523 -0.00125481985961429 0.158983021244403 6.72265141079199e-11 100.64067433641 0.00125481985961429 0.949 1.56540712167276
4.13827655310621 4.13173843012907 0.165760670260239 -0.00653812297714751 0.165803417312304 0.087403759790151 96.5247062218105 0.00653812297714751 0.9481 1.58248568041716
-10.4909819639279 -10.4191985407873 0.13385177560975 0.0717834231405625 0.139004635447528 43.2172025909993 119.535209205207 0.0717834231405625 0.9555 1.48820312597253
-12.5450901803607 -12.5454784807478 0.160331200148475 -0.000388300387127671 0.160331350925666 0.00453451587219246 99.7934275124438 0.000388300387127671 0.9501 1.56904076793874
-0.0200400801603209 -0.0132999034710776 0.168299384067995 0.00674017668924328 0.168344814049798 0.191157891570956 95.0686782878288 0.00674017668924328 0.9468 1.5892512374385
-4.22845691382765 -4.19016872442047 0.114070073837337 0.0382881894071874 0.115536059285418 48.9414972586392 140.264658921987 0.0382881894071874 0.9707 1.43993650646596
-2.12424849699399 -2.13872905602926 0.173046373542615 -0.0144805590352748 0.173256060132589 0.452318093088702 92.4607645479483 0.0144805590352748 0.9442 1.59910957256587
-14.6492985971944 -14.6505533993669 0.158981393116215 -0.00125480217247187 0.158982967644707 2.43878227184389e-13 100.640708238756 0.00125480217247187 0.9496 1.56544095082271
2.03406813627254 2.02661099334568 0.107888956144164 -0.00745714292686639 0.107944565124796 50.0158993345622 148.300628459324 0.00745714292686639 0.9753 1.42514064230105
8.29659318637275 8.2953383840843 0.158981392827267 -0.00125480228844665 0.15898296735605 1.36130524964871e-25 100.640708421671 0.00125480228844665 0.9499 1.5655378160767
-6.28256513026052 -6.28095643042293 0.162901604545442 0.00160869983758616 0.16290419246061 0.0328374861437756 98.2187992846731 0.00160869983758616 0.9494 1.57567878403319
-8.33667334669339 -8.36243182652327 0.180532543429163 -0.0257584798298822 0.18119604271231 1.45064099885855 88.6266802432661 0.0257584798298822 0.9383 1.61449820011378
6.29258517034068 6.29133035637179 0.158981428961429 -0.00125481396888993 0.158983003519526 3.44580923638881e-11 100.640685547504 0.00125481396888993 0.949 1.5654130067143
4.18837675350701 4.18277047362171 0.164744768092983 -0.00560627988530715 0.164776198467136 0.0622966186065055 97.1199279055069 0.00560627988530715 0.9486 1.57994588033948
-10.4408817635271 -10.3740134164219 0.129304025700301 0.0668683471051423 0.133775401544875 44.8483846229762 123.739380219178 0.0668683471051423 0.9588 1.47721458304639
-12.4949899799599 -12.4951420021029 0.160660454367793 -0.000152022142943409 0.160660477478525 0.00672651054128185 99.5889129217319 0.000152022142943409 0.9496 1.56995519316382
0.0300601202404813 0.0383420820691552 0.169715793621522 0.0082819618286739 0.169784384513254 0.261009360189578 94.2752566427677 0.0082819618286739 0.9452 1.592580772759
-4.17835671342685 -4.14824996957055 0.111702058850022 0.0301067438563027 0.112608474875651 49.4180796680284 143.238183474152 0.0301067438563027 0.9728 1.434105015275
-2.07414829659319 -2.08665025949821 0.171419896331672 -0.0125019629050267 0.171576195408151 0.336221634929464 93.3380566806687 0.0125019629050267 0.9452 1.5955038299639
-14.5991983967936 -14.600453198888 0.158981393308595 -0.00125480209439743 0.158982967836891 5.02939853307417e-13 100.640708116973 0.00125480209439743 0.9496 1.56545810365754
2.08416833667335 2.06774425929015 0.10851621754703 -0.0164240773831996 0.108785967864919 49.8677638510036 147.443399352412 0.0164240773831996 0.9743 1.42693009277967
8.34669338677355 8.3454385844851 0.158981392827267 -0.00125480228844665 0.15898296735605 5.05869033765438e-26 100.640708421671 0.00125480228844665 0.9499 1.56553625099764
-6.23246492985972 -6.23018995034897 0.163678608971583 0.00227497951074884 0.163683784503357 0.046735209447745 97.7525414012886 0.00227497951074884 0.9491 1.5778193240425
-8.28657314629259 -8.30923632769752 0.178752379773491 -0.0226631814049352 0.179265999564884 1.11723864607265 89.5092978357808 0.0226631814049352 0.9397 1.61102137126407
6.34268537074148 6.34143056073394 0.158981416920883 -0.00125481000754313 0.158982991469038 1.75240841936403e-11 100.640693169582 0.00125481000754313 0.949 1.56543104913022
4.23847695390782 4.23365934102601 0.163847027986609 -0.00481761288181026 0.163870237380488 0.0440516777859154 97.6520611732282 0.00481761288181026 0.9497 1.57774252633827
-10.3907815631263 -10.3295892401908 0.125058270441049 0.0611923229354492 0.128802770827285 46.1521665484205 127.940358870885 0.0611923229354492 0.9617 1.4669190132431
-12.4448897795591 -12.4447496257357 0.161055483515115 0.000140153823442901 0.161055503158209 0.00990006227062332 99.3446460237937 0.000140153823442901 0.95 1.57093037747639
0.0801603206412835 0.0902092036175055 0.17124916173703 0.010048882976222 0.1713501417861 0.353520364181494 93.4311142764574 0.010048882976222 0.9452 1.59604620269958
-4.12825651302605 -4.10669982008035 0.109875280480418 0.0215566929457038 0.110339971491173 49.7428293153695 145.619651026525 0.0215566929457038 0.9744 1.42964114711568
-2.02404809619238 -2.03480810223948 0.16989439436882 -0.0107600060470938 0.170010172098954 0.247901588709493 94.1761501869563 0.0107600060470938 0.9463 1.59209716944827
-14.5490981963928 -14.5503529983589 0.158981393623195 -0.00125480196607874 0.158982968151169 1.02908804762542e-12 100.64070791782 0.00125480196607874 0.9496 1.56541612489544
2.13426853707415 2.10905820953117 0.10972280870102 -0.0252103275429798 0.110358369315844 49.5774740526546 145.82200537354 0.0252103275429798 0.9741 1.43021448336695
8.39679358717435 8.3955387848859 0.158981392827267 -0.00125480228844665 0.15898296735605 1.86515158341056e-26 100.640708421671 0.00125480228844665 0.9499 1.56553653626216
-6.18236472945892 -6.17929548776358 0.164569194407423 0.00306924169533662 0.164578614652007 0.0660033210022257 97.2235420949374 0.00306924169533662 0.9486 1.58010264725176
-8.23647294589178 -8.25631141318843 0.176954058056076 -0.0198384672966476 0.177347622840756 0.853133584672423 90.4189492785167 0.0198384672966476 0.9415 1.60740110716717
6.39278557114228 6.39153076378307 0.158981408787971 -0.00125480735921712 0.15898298332948 8.84245571058946e-12 100.640698317995 0.00125480735921712 0.949 1.56543826976589
4.28857715430862 4.28442233472534 0.163061187188387 -0.00415481958328012 0.163078449714157 0.0309052123764502 98.1226757629019 0.00415481958328012 0.9504 1.57564642631435
-12.3947895791583 -12.3942905774526 0.161525498612576 0.000499001705723146 0.161525747615278 0.0144568434705456 99.0555679284824 0.000499001705723146 0.95 1.57222277213131
-10.3406813627255 -10.2858729190592 0.121176640413903 0.0548084436662712 0.124180605911022 47.2705980585907 132.038649902727 0.0548084436662712 0.9649 1.45746086068864
0.130260521042084 0.142318095239373 0.172887394033875 0.0120575741972893 0.173032779129398 0.474941089166927 92.5457873282827 0.0120575741972893 0.9437 1.59979891950381
-4.07815631262525 -4.06541873662395 0.108611559837756 0.0127375760013031 0.108773805680145 49.9666566047427 147.313969377668 0.0127375760013031 0.9752 1.42658560709777
-1.97394789579158 -1.98318632507997 0.168482235811894 -0.00923842928838314 0.16856758438761 0.181314085289809 94.965501394839 0.00923842928838314 0.9474 1.58885338536074
-14.498997995992 -14.5002527977487 0.158981394133814 -0.0012548017567191 0.158982968661262 2.08921184436418e-12 100.640707594581 0.0012548017567191 0.9496 1.56542719022368
2.18436873747495 2.15065638781075 0.111494841608434 -0.0337123496641993 0.112631364128315 49.2836227982992 143.504396877763 0.0337123496641993 0.9732 1.43492145138187
8.44689378757515 8.4456389852867 0.158981392827267 -0.00125480228844665 0.15898296735605 6.82312979907993e-27 100.640708421671 0.00125480228844665 0.9499 1.56553653626216
-6.13226452905812 -6.12825524176254 0.165579985962226 0.00400928729557926 0.165596060346845 0.0924803747095027 96.6300359733699 0.00400928729557926 0.9475 1.58260247133194
-8.18637274549098 -8.2036562210916 0.175175893422046 -0.0172834756006175 0.175474611950883 0.645995608926511 91.3367683614532 0.0172834756006175 0.9432 1.60365134663561
6.44288577154309 6.44163096594383 0.158981403330674 -0.00125480559925872 0.158982977867766 4.4269428688112e-12 100.640701772651 0.00125480559925872 0.949 1.56545407014118
-12.3446893787575 -12.3437526591474 0.162079998608365 0.000936719610153958 0.162080876051993 0.020945662425124 98.7166839670387 0.000936719610153958 0.95 1.57371094941184
4.33867735470942 4.3350756950601 0.162379506981346 -0.00360165964931713 0.162392478933576 0.0215118698828521 98.5346014250312 0.00360165964931713 0.9509 1.5739786355163
-10.2905811623246 -10.2427997622392 0.117713633535698 0.0477814000854213 0.119996695729821 48.0841011369607 135.923083158824 0.0477814000854213 0.969 1.44893009896021
0.180360721442886 0.194683062545239 0.174612682682177 0.0143223411023531 0.174817812136829 0.63284657834404 91.6313738167724 0.0143223411023531 0.9437 1.60353874033451
-4.02805611222445 -4.02430290731972 0.107925662856123 0.00375320490472664 0.10793974940318 50.016188961777 148.25018977488 0.00375320490472664 0.9752 1.42503615790937
-1.92384769539078 -1.93176723853185 0.16719075437278 -0.00791954314106924 0.167253473536343 0.131553946126656 95.6990717580312 0.00791954314106924 0.948 1.58585694275991
-14.4488977955912 -14.4501525970088 0.158981394956399 -0.00125480141760725 0.158982969482997 4.2082921930203e-12 100.640707073856 0.00125480141760725 0.9496 1.56539744163087
2.23446893787575 2.19263791051089 0.113811306131022 -0.041831027364859 0.115561140981421 48.8047383631728 140.583572440338 0.041831027364859 0.9715 1.44096369598582
8.49699398797595 8.4957391856875 0.158981392827267 -0.00125480228844665 0.15898296735605 2.47654711623666e-27 100.640708421671 0.00125480228844665 0.9499 1.56553653626216
-6.08216432865731 -6.0770505919912 0.166715554182184 0.00511373666611803 0.166741704484874 0.128478273917654 95.9718490484426 0.00511373666611803 0.9475 1.58549177912395
-8.13627254509018 -8.15126479827438 0.173449878965755 -0.0149922531841984 0.173674646621294 0.48510070311218 92.2456682899097 0.0149922531841984 0.9443 1.59995321935346
6.49298597194389 6.49173116750711 0.158981399693206 -0.0012548044367815 0.158982974227381 2.19901607072833e-12 100.640704075294 0.0012548044367815 0.949 1.56544037669545
-12.2945891783567 -12.2931222283791 0.162728494368729 0.00146694997760122 0.162730646310966 0.0301090159890021 98.3232842045805 0.00146694997760122 0.9497 1.57534970157224
4.38877755511022 4.38563442063865 0.161793307116187 -0.003143134471566 0.161803186410493 0.0148561460218747 98.8916061188496 0.003143134471566 0.9509 1.57255404663584
-10.2404809619238 -10.2002946269343 0.114715851277835 0.0401863349895724 0.116330792797729 48.7905730208764 139.47505790851 0.0401863349895724 0.9705 1.44156130191479
0.230460921843688 0.247315187484173 0.176401034801793 0.0168542656404846 0.176685101072073 0.836277014365333 90.7024157651787 0.0168542656404846 0.9426 1.60732501946302
-3.97795591182365 -3.98324588109377 0.10782554065648 -0.00528996927012448 0.107853524431359 50.0226148589332 148.387848580089 0.00528996927012448 0.9749 1.42496961867956
-1.87374749498998 -1.88053241123789 0.166022933797474 -0.00678491624791322 0.166068968885965 0.0946920496603932 96.3722278243672 0.00678491624791322 0.948 1.58310156485581
-14.3987975951904 -14.4000523960627 0.158981396271685 -0.0012548008722888 0.158982970796914 8.41051820920716e-12 100.640706241235 0.0012548008722888 0.9496 1.56539382806964
2.28456913827655 2.23509584584952 0.116643752755273 -0.0494732924270291 0.119091359418844 48.1460575269047 137.169797970827 0.0494732924270291 0.9696 1.44826524550064
8.54709418837675 8.54583938608831 0.158981392827267 -0.00125480228844665 0.15898296735605 8.91873003877412e-28 100.640708421671 0.00125480228844665 0.9499 1.56553653626216
-6.03206412825651 -6.02566247413451 0.167977724647886 0.00640165412200577 0.168018705823384 0.177178030329772 95.2507246632794 0.00640165412200577 0.9467 1.58847938417504
-8.08617234468938 -8.09912701676559 0.171801623102333 -0.0129546720762068 0.171969446630935 0.361297476283464 93.1306684481652 0.0129546720762068 0.9455 1.59630829049903
6.54308617234469 6.54183136867098 0.158981397285127 -0.00125480367370656 0.158982971817386 1.08379302358116e-12 100.640705599691 0.00125480367370656 0.949 1.56546585736917
-12.2444889779559 -12.2423842278003 0.163480153355755 0.00210475015563638 0.163484583328973 0.0429414338594631 97.8712074314109 0.00210475015563638 0.9495 1.57731755308639
4.43887775551102 4.43611216286306 0.161293421010146 -0.00276559264796727 0.161301069512841 0.0101793259604038 99.198094378527 0.00276559264796727 0.9503 1.57128792296932
-10.190380761523 -10.1582732138439 0.112221997187359 0.0321075476791073 0.113252891805325 49.3227666130607 142.574543324937 0.0321075476791073 0.9731 1.43540559002453
0.280561122244489 0.300221380534738 0.178222000053852 0.0196602582902494 0.178608525809891 1.09583989383235 89.7756730098719 0.0196602582902494 0.9412 1.61112557975957
-3.92785571142285 -3.94214022884871 0.108312462822802 -0.0142845174258617 0.108516510260892 49.9200877620315 147.720766225913 0.0142845174258617 0.9752 1.42642471638733
-1.82364729458918 -1.82946325892615 0.164978128453292 -0.00581596433696951 0.165011953894461 0.0676198257000993 96.9825524753108 0.00581596433696951 0.9483 1.58055057522922
-14.3486973947896 -14.3499521947913 0.158981398359151 -0.00125480000167855 0.158982972882195 1.66775820637588e-11 100.640704919797 0.00125480000167855 0.9496 1.56538453881576
2.33466933867735 2.27811564897538 0.119955983764491 -0.0565536897019769 0.123154303583398 47.3419382695496 133.382258207417 0.0565536897019769 0.967 1.45668634272817
8.59719438877756 8.59593958648911 0.158981392827267 -0.00125480228844665 0.15898296735605 3.18678602484519e-28 100.640708421671 0.00125480228844665 0.9499 1.56553653626216
-5.98196392785571 -5.97407186221799 0.169364845444208 0.00789206563772105 0.169427130144238 0.242388235391722 94.4706084549921 0.00789206563772105 0.9452 1.59176444619715
-8.03607214428858 -8.04722947919238 0.170250555818421 -0.0111573349038068 0.170375041940576 0.266908666577008 93.9791351815889 0.0111573349038068 0.9465 1.59276288471748
-12.1943887775551 -12.1915222771576 0.164343360220269 0.00286650039748615 0.164351577044798 0.0607614742563247 97.3571428657368 0.00286650039748615 0.9487 1.57947433328108
6.59318637274549 6.59193156956952 0.158981395701859 -0.00125480317596871 0.15898297023287 5.29977901099363e-13 100.640706601954 0.00125480317596871 0.949 1.56545455279949
4.48897795591182 4.48652118266091 0.160870570639358 -0.00245677325091354 0.160876606374164 0.00692020861923968 99.4588378496466 0.00245677325091354 0.9505 1.57018313901314
-10.1402805611222 -10.1166434820479 0.110263059854325 0.0236370790743745 0.110821771361494 49.6579994883873 145.107527590278 0.0236370790743745 0.9743 1.43061205392567
0.330661322645291 0.353403412971678 0.180038653038441 0.0227420903263867 0.180555855710854 1.42374927645097 88.8698050667141 0.0227420903263867 0.9409 1.61468051786143
-3.87775551102204 -3.90087921816013 0.109381019109744 -0.0231237071380903 0.109915724941552 49.6343287808646 146.277664353693 0.0231237071380903 0.9748 1.42933313620007
-1.77354709418838 -1.77854152958044 0.164052780310988 -0.00499443539206701 0.164077724695873 0.047906684480369 97.5295875490161 0.00499443539206701 0.9495 1.57824629285421
-14.2985971943888 -14.2998519930105 0.158981401647573 -0.00125479862168731 0.158982976167154 3.2812315525885e-11 100.640702838112 0.00125479862168731 0.9496 1.56539045689316
2.38476953907816 2.32177367963787 0.123703827426396 -0.0629958594402864 0.127672305733016 46.2464646312953 129.341188004228 0.0629958594402864 0.9645 1.46606151489968
8.64729458917836 8.64603978688991 0.158981392827267 -0.00125480228844665 0.15898296735605 1.12978616284398e-28 100.640708421671 0.00125480228844665 0.9499 1.56553653626216
-5.93186372745491 -5.92226036019362 0.170871043266211 0.00960336726129007 0.170963267928966 0.328937594650224 93.6378668623952 0.00960336726129007 0.9449 1.59522448614434
-7.98597194388778 -7.99555638229945 0.168810347134456 -0.00958443841167966 0.168902208594123 0.195592909942791 94.7809199589891 0.00958443841167966 0.9468 1.58945421380673
-12.1442885771543 -12.1405188406535 0.165325192473919 0.00376973650084977 0.165339403387205 0.0852990734054404 96.7789588542233 0.00376973650084977 0.9483 1.58194712505446
6.64328657314629 6.64203177029291 0.158981394668115 -0.00125480285338853 0.158982969198316 2.57135851245526e-13 100.64070725635 0.00125480285338853 0.949 1.56545292679725
4.53907815631263 4.53687235743542 0.160515663871976 -0.00220579887720529 0.160520529420662 0.00466775918264494 99.6787454510439 0.00220579887720529 0.9503 1.56922949194453
-10.0901803607214 -10.0753071561519 0.108862597380514 0.0148732045695734 0.109083809594682 49.9086752311742 146.974262832204 0.0148732045695734 0.9743 1.42719681129321
0.380761523046093 0.406856969198927 0.181807880692289 0.026095446152834 0.182488853002205 1.83377250380806 88.0049860274214 0.026095446152834 0.9394 1.61800282879506
-3.82765531062124 -3.8593584881227 0.11101898859686 -0.0317031775014587 0.112024080060549 49.3615342339015 144.119489847816 0.0317031775014587 0.9732 1.4336979862264
-1.72344689378757 -1.72774968593674 0.163241101783271 -0.0043027921491674 0.16325961580355 0.0336734825485153 98.014530808807 0.0043027921491674 0.9505 1.57618873303626
2.43486973947896 2.36613583483932 0.127835075343119 -0.0687339046396409 0.13255942499013 44.8669347903938 125.161267023584 0.0687339046396409 0.9604 1.47628238642352
-14.248496993988 -14.2497517904379 0.158981406789566 -0.00125479644987436 0.158982981303697 6.40522122044491e-11 100.640699583054 0.00125479644987436 0.9496 1.56539787185242
8.69739478957916 8.69613998729071 0.158981392827267 -0.00125480228844665 0.15898296735605 3.97404756352057e-29 100.640708421671 0.00125480228844665 0.9499 1.5655360998826
-5.88176352705411 -5.87021090017939 0.172485507786472 0.0115526268747166 0.172618970974179 0.442781607695133 92.7614163376967 0.0115526268747166 0.9446 1.59876641145061
-7.93587174348697 -7.94409031351068 0.167489478926804 -0.00821857002370763 0.167557023820039 0.142186675682567 95.528388424877 0.00821857002370763 0.9472 1.58634962950594
-12.0941883767535 -12.0893554816828 0.166430815862633 0.00483289507072371 0.166454172737397 0.118799548541876 96.1360425776314 0.00483289507072371 0.9477 1.58461068048094
6.69338677354709 6.6921319709014 0.158981393997902 -0.00125480264569067 0.158982968527581 1.23782989173625e-13 100.640707680618 0.00125480264569067 0.949 1.56545542613231
4.58917835671343 4.58717522687055 0.160220019740146 -0.00200312984288331 0.160224032269314 0.00312383496333895 99.8626764991646 0.00200312984288331 0.9506 1.56854305106511
-10.0400801603206 -10.0341613020994 0.108037043813438 0.00591885822127303 0.108072076696081 49.9832135520821 148.097351012578 0.00591885822127303 0.9758 1.42524514608178
0.430861723446894 0.460570765292418 0.183481014624643 0.0297090418455242 0.184363641792022 2.3410516460663 87.2024826804674 0.0297090418455242 0.9379 1.62086314564861
-3.77755511022044 -3.81747771034996 0.113207098266862 -0.0399226001295148 0.114800912267963 48.938842098762 141.333893765949 0.0399226001295148 0.9716 1.43939544661832
-1.67334669338677 -1.67707119078214 0.162535702700692 -0.00372449739537162 0.162549574581541 0.0235279883621814 98.4399103344316 0.00372449739537162 0.9508 1.57443549536029
2.48496993987976 2.41125633405754 0.13228966200795 -0.073713605822221 0.137723357691264 43.2568449824897 120.946714634727 0.073713605822221 0.9566 1.4872029322814
-14.1983967935872 -14.1996515866433 0.158981414770602 -0.00125479305616949 0.158982989276216 1.24058021412666e-10 100.640694530784 0.00125479305616949 0.9496 1.56538539747477
8.74749498997996 8.74624018769151 0.158981392827267 -0.00125480228844665 0.15898296735605 1.38695807007794e-29 100.640708421671 0.00125480228844665 0.9499 1.5655360998826
-7.88577154308617 -7.89281296193945 0.166291913850558 -0.00704141885327747 0.166341495430025 0.102541158942375 96.2163440753876 0.00704141885327747 0.9475 1.58350275608143
-5.83166332665331 -5.81790853865984 0.174191851716196 0.0137547879934692 0.174381045908942 0.591163573063857 91.8527465111752 0.0137547879934692 0.943 1.60255445720414
-12.0440881763527 -12.0380132152237 0.167662811025324 0.00607496112896477 0.167699716178042 0.164144810639012 95.4296298753058 0.00607496112896477 0.947 1.58768058654263
6.7434869739479 6.74223217143505 0.158981393566461 -0.0012548025128476 0.158982968095807 5.91224961230049e-14 100.640707953735 0.0012548025128476 0.949 1.5654160736435
4.63927855711423 4.63743806726166 0.159975528973826 -0.00184048985256346 0.159978916376724 0.0020742401467724 100.015296730901 0.00184048985256346 0.9505 1.56791172454446
-9.98997995991984 -9.99309995152325 0.107795969059612 -0.00311999160341259 0.107805703407217 50.0219992395824 148.428555720408 0.00311999160341259 0.9755 1.42481812339791
0.480961923847696 0.51452578407961 0.185004832814683 0.0335638602319143 0.186131365528351 2.96176699855223 86.4842272311177 0.0335638602319143 0.9365 1.62328159728524
-3.72745490981964 -3.77514221983801 0.115918713710159 -0.047687310018373 0.118192793246948 48.3383709689617 138.027756588173 0.047687310018373 0.9698 1.44637075570264
-1.62324649298597 -1.6264907037264 0.161928147580084 -0.00324421074042869 0.161938672483413 0.0163391910373634 98.8092573101716 0.00324421074042869 0.9507 1.57286234967793
2.53507014028056 2.45717669824961 0.137000157053857 -0.0778934420309567 0.143067545365287 41.4260091917411 116.788187284414 0.0778934420309567 0.9509 1.49865294050922
-14.1482965931864 -14.149551380977 0.158981427067028 -0.00125478779058952 0.158983001559428 2.38401524825619e-10 100.640686746724 0.00125478779058952 0.9497 1.5653867865902
8.79759519038076 8.79634038809231 0.158981392827267 -0.00125480228844665 0.15898296735605 4.8027177559236e-30 100.640708421671 0.00125480228844665 0.9499 1.5655360998826
-7.83567134268537 -7.84170573183501 0.165217811224542 -0.00603438914964016 0.165254225076951 0.0733644161520354 96.8418591277362 0.00603438914964016 0.9484 1.58091457312219
-5.78156312625251 -5.76534133506495 0.175967599884363 0.0162217911875517 0.176230746393695 0.782760912566887 90.9258295874605 0.0162217911875517 0.9429 1.60636881247238
-11.9939879759519 -11.986472965376 0.169020451230828 0.00751501057589365 0.169076926614784 0.224991146977279 94.6631007282608 0.00751501057589365 0.946 1.5909201740565
6.7935871743487 6.79233237192024 0.158981393290716 -0.00125480242845288 0.158982967819851 2.80180572786505e-14 100.640708128291 0.00125480242845288 0.949 1.56539732368564
4.68937875751503 4.68766798531596 0.159774758174966 -0.0017107721990719 0.159777684916483 0.00136653879999755 100.140974599246 0.0017107721990719 0.9501 1.56734513659996
-9.93987975951904 -9.95201575760559 0.108142240964425 -0.0121359980865527 0.108289523413982 49.9214160078665 147.953286868389 0.0121359980865527 0.9747 1.42587985972017
0.531062124248498 0.568694678534373 0.186322934258506 0.0376325542858753 0.187739143400586 3.71261506099555 85.8724132038488 0.0376325542858753 0.9346 1.62517272742366
-3.67735470941884 -3.73226459550505 0.11911952181174 -0.0549098860862141 0.122134617401741 47.5833981189699 134.31887365437 0.0549098860862141 0.9682 1.45455769170721
-1.57314629258517 -1.57599420013902 0.161409435992564 -0.00284790755385456 0.161417546569999 0.011308190917713 99.1267945495894 0.00284790755385456 0.9506 1.57157112125126
2.58517034068136 2.50392496499984 0.141892624149311 -0.0812453756815219 0.148493435218943 39.410666233013 112.761322837778 0.0812453756815219 0.9461 1.51039761884598
-14.0981963927856 -14.0994511724637 0.158981445873127 -0.00125477967814369 0.158983020345167 4.54555240667627e-10 100.640674841822 0.00125477967814369 0.949 1.56538051186927
-7.78557114228457 -7.79075025274803 0.164264248009519 -0.00517911046346509 0.164291071194711 0.0520753177503143 97.4040315764441 0.00517911046346509 0.9487 1.57864005930541
8.84769539078156 8.84644058849312 0.158981392827267 -0.00125480228844665 0.15898296735605 1.6500771866315e-30 100.640708421671 0.00125480228844665 0.9499 1.5655360998826
-5.7314629258517 -5.71250128964537 0.177783863841168 0.0189616362063383 0.17814340748879 1.02779855691231 89.9969190358825 0.0189616362063383 0.9426 1.61008734998981
-11.9438877755511 -11.9347161316952 0.170498959930891 0.00917164385594482 0.170583078981911 0.305921162792277 93.8422146767659 0.00917164385594482 0.9449 1.5943716430307
6.8436873747495 6.8424325723743 0.158981393115755 -0.00125480237520215 0.158982967644756 1.31739720595967e-14 100.640708239047 0.00125480237520215 0.949 1.56538618258958
4.73947895791583 4.73787102374413 0.159611006456148 -0.00160793417170702 0.159613591908449 0.000893258879858987 100.24371348348 0.00160793417170702 0.95 1.56697024989514
-9.88977955911824 -9.91080166775822 0.109072059577107 -0.021022108639988 0.109513988628778 49.7123453617335 146.69201317033 0.021022108639988 0.9742 1.42844664977285
0.581162324649299 0.623041393416623 0.187377464560759 0.0418790687673241 0.189131320961577 4.61008541802927 85.3891370422075 0.0418790687673241 0.9323 1.6263451020852
-3.62725450901804 -3.68876616508064 0.122767277810871 -0.0615116560626054 0.126550961642436 46.5279763566548 130.327887734456 0.0615116560626054 0.9645 1.46373566977859
-1.52304609218437 -1.5255690239145 0.160970404210242 -0.0025229317301374 0.160976769394757 0.00786431979647987 99.3971536475895 0.0025229317301374 0.9504 1.57043841208818
2.63527054108216 2.55151518019958 0.146887876129853 -0.0837553608825816 0.153902836606425 37.158348555943 108.926620913598 0.0837553608825816 0.9417 1.522300351615
-7.73547094188377 -7.73992878631492 0.163425912141927 -0.0044578444311556 0.1634457845189 0.0366729991223439 97.9036909771371 0.0044578444311556 0.95 1.57651754064147
-14.0480961923848 -14.0493509596519 0.158981474424504 -0.00125476726716123 0.158983048865398 8.59919448731515e-10 100.64065676783 0.00125476726716123 0.9487 1.56538766637046
8.89779559118237 8.89654078889392 0.158981392827267 -0.00125480228844665 0.15898296735605 5.62490143622641e-31 100.640708421671 0.00125480228844665 0.9499 1.5655360998826
-5.6813627254509 -5.65938530980871 0.179605258244083 0.021977415642195 0.180088265042393 1.33810583393116 89.0842515215008 0.021977415642195 0.9408 1.61369617223435
-11.8937875751503 -11.8827252630859 0.172088785821685 0.0110623120644107 0.172211160569896 0.412605005530589 92.9752622961665 0.0110623120644107 0.9448 1.59799373927358
6.8937875751503 6.89253277280847 0.158981393005551 -0.00125480234183417 0.158982967534468 6.14594853354808e-15 100.64070830881 0.00125480234183417 0.949 1.56538099255199
4.78957915831663 4.78805227234175 0.159478323349741 -0.00152688597488559 0.159480654730522 0.000579329291119515 100.327114456248 0.00152688597488559 0.9501 1.56662423591732
0.631262525050101 0.677521049678438 0.18811114154603 0.0462585246283373 0.19025099264682 5.6695410468235 85.056099646734 0.0462585246283373 0.9312 1.62668297561659
-9.83967935871743 -9.86935259965876 0.110574856953254 -0.0296732409413245 0.111455358181216 49.3983446513896 144.698355854659 0.0296732409413245 0.9738 1.43247715790204
-3.57715430861723 -3.64457840330042 0.126811696123541 -0.0674240946831826 0.131357704667387 45.2600647235745 126.17132716538 0.0674240946831826 0.9618 1.47381084357536
-1.47294589178357 -1.4752038858274 0.160602050466196 -0.00225799404382854 0.160607149003298 0.00546256641821622 99.6251290288958 0.00225799404382854 0.9508 1.56947414351086
-7.68537074148297 -7.68922453419399 0.162695744457137 -0.00385379271102249 0.162710596175396 0.0256628449657094 98.3430762334126 0.00385379271102249 0.9501 1.57475140986955
2.68537074148297 2.599947201249 0.151903124868959 -0.0854235402339678 0.159200306095063 34.8098087252103 105.330288720542 0.0854235402339678 0.9387 1.53414004281336
-13.997995991984 -13.9992507403962 0.158981517454624 -0.00125474841227913 0.158983091848202 1.61406988874684e-09 100.640629528314 0.00125474841227913 0.9487 1.56539442197548
8.94789579158317 8.94664098929472 0.158981392827267 -0.00125480228844665 0.15898296735605 1.90247533761943e-31 100.640708421671 0.00125480228844665 0.9499 1.5655360998826
-5.6312625250501 -5.60599616660543 0.181390110941633 0.0252663584446671 0.182028499810687 1.72708830269126 88.2076752527507 0.0252663584446671 0.9393 1.61702248224511
-11.8436873747495 -11.8304848321582 0.173774941221023 0.013202542591312 0.173949248351898 0.551962739847093 92.0731141531492 0.013202542591312 0.9439 1.60169894568607
6.9438877755511 6.94263297323003 0.158981392936646 -0.00125480232107211 0.158982967465511 2.84481849084909e-15 100.64070835243 0.00125480232107211 0.949 1.56536805711769
4.83967935871744 4.83821597956085 0.159371496429764 -0.00146337915658279 0.15937363790832 0.000372792037459361 100.394363850698 0.00146337915658279 0.9501 1.5663164758933
0.681362725450903 0.732080127296045 0.188469500122914 0.050717401845142 0.191041754972836 6.90413469094136 84.8943727741905 0.050717401845142 0.9308 1.62608091195483
-9.78957915831663 -9.82756710694459 0.112633079107608 -0.0379879486279542 0.114076163348568 49.0664854400901 142.054182721169 0.0379879486279542 0.973 1.43790395371379
-3.52705410821643 -3.59964418695707 0.131194564888695 -0.0725900787406362 0.136463884420267 43.6837954906316 121.956271691395 0.0725900787406362 0.9574 1.48456794499621
-7.63527054108216 -7.63862185516596 0.162065513573064 -0.00335131408379929 0.162076744879152 0.0178559586807245 98.7255070326032 0.00335131408379929 0.9502 1.57326888487217
-1.42284569138276 -1.42488881867639 0.160295789215817 -0.00204312729362566 0.160299963584955 0.00389714613727651 99.8154728722045 0.00204312729362566 0.9508 1.5686447291684
2.73547094188377 2.64920683805105 0.156853988893908 -0.0862641038327161 0.16429548450397 32.3513511579029 102.005694039582 0.0862641038327161 0.9338 1.54578821591357
-13.9478957915832 -13.9491505115495 0.158981581833578 -0.00125471996636506 0.158983156155772 3.00594037407118e-09 100.640588774294 0.00125471996636506 0.9487 1.56539771126223
8.99799599198397 8.99674118969552 0.158981392827267 -0.00125480228844665 0.15898296735605 6.38434894971384e-32 100.640708421671 0.00125480228844665 0.9499 1.5655360998826
-11.7935871743487 -11.7779820962294 0.175536455974154 0.0156050781192718 0.175779974437263 0.732315664509776 91.1491570865246 0.0156050781192718 0.943 1.60552095189004
-5.5811623246493 -5.55234339654857 0.183091009622366 0.0288189281007307 0.183921540239241 2.20958231750772 87.3882340427354 0.0288189281007307 0.9394 1.62006139052161
6.9939879759519 6.99273317364366 0.158981392893882 -0.00125480230824326 0.158982967422714 1.30651279441865e-15 100.640708379501 0.00125480230824326 0.949 1.56542622019194
4.88977955911824 4.88836566075589 0.15928601646333 -0.00141389836234396 0.159288015571909 0.000238013131482183 100.448239935007 0.00141389836234396 0.9497 1.56610974922412
0.731462925851703 0.786656970301246 0.188403248113946 0.0551940444495423 0.191449630656644 8.32362775215366 84.9242258834263 0.0551940444495423 0.9294 1.62449722246693
-9.73947895791583 -9.78534901897914 0.11522188812651 -0.045870061063308 0.117325950628462 48.5183351412536 138.86250486047 0.045870061063308 0.9708 1.44460366965349
-3.47695390781563 -3.55391886627227 0.135850157493026 -0.076964958456637 0.141773762323258 41.8936993206121 117.776823341713 0.076964958456637 0.9524 1.49586965597807
-7.58517034068136 -7.58810640170836 0.161526315061955 -0.00293606102699595 0.161534935516309 0.0123498926239759 99.0550672431491 0.00293606102699595 0.9503 1.57188406399828
-1.37274549098196 -1.37461509939247 0.160043641875137 -0.00186960841050743 0.160047137310746 0.00284189546595441 99.972731265906 0.00186960841050743 0.9507 1.56802253343724
2.78557114228457 2.69926634646024 0.161656785261391 -0.0863047958243346 0.169105303043671 29.7990919001343 98.9751217316911 0.0863047958243346 0.9303 1.55706692872637
-13.8977955911824 -13.8990502685291 0.158981677453827 -0.00125467734671147 0.158983251669072 5.55433218215245e-09 100.640528243557 0.00125467734671147 0.9487 1.56538508334084
9.04809619238477 9.04684139009632 0.158981392827267 -0.00125480228844665 0.15898296735605 2.12572783221612e-32 100.640708421671 0.00125480228844665 0.9499 1.5655360998826
-11.7434869739479 -11.7252080237648 0.177346002984071 0.0182789501830882 0.177680123003867 0.963509551067804 90.2191181688889 0.0182789501830882 0.942 1.60936047715707
7.04408817635271 7.04283337405233 0.158981392867539 -0.001254802300374 0.158982967396352 5.95341604840524e-16 100.640708396177 0.001254802300374 0.949 1.56543264972841
-5.5310621242485 -5.49844409922191 0.184655713667128 0.032618025026582 0.185719649223763 2.80155924070067 86.6477385522041 0.032618025026582 0.9374 1.62261109115968
4.93987975951904 4.93850420033205 0.159218027082314 -0.00137555918699217 0.159219919245391 0.000150774697009781 100.491133404939 0.00137555918699217 0.9494 1.56599729873249
0.781563126252506 0.841182623540875 0.187870603239983 0.0596194972883693 0.191425087696901 9.93321262580153 85.1650003995667 0.0596194972883693 0.9282 1.62191457475196
-9.68937875751503 -9.74260903556974 0.118308840564328 -0.0532302780547127 0.12114230306611 47.7721386426568 135.239259582637 0.0532302780547127 0.9685 1.45247338908042
-7.53507014028056 -7.53766518756045 0.161068991914702 -0.00259504727989057 0.161075726185087 0.00860331743409096 99.3363142700564 0.00259504727989057 0.9503 1.57074930495171
-3.42685370741483 -3.50737111023702 0.140705999730789 -0.0805174028221907 0.14718905188802 39.9188203446769 113.712279722348 0.0805174028221907 0.9487 1.50753243097959
-1.32264529058116 -1.32437514697736 0.159838372781102 -0.00172985639619894 0.159841365184253 0.00215760990233154 100.101119159365 0.00172985639619894 0.9502 1.56749697726972
2.83567134268537 2.75008527502207 0.166230998876404 -0.0855860676633 0.173555973854471 27.2099582896733 96.2516023373972 0.0855860676633 0.9272 1.56787053204062
-13.8476953907816 -13.8489500047107 0.158981818447358 -0.00125461392917714 0.158983392503469 1.01830247517762e-08 100.640438990185 0.00125461392917714 0.9487 1.56539451454126
-11.6933867735471 -11.6721582573062 0.179169752085566 0.0212285162408854 0.179620401987355 1.25698752050002 89.3007877376473 0.0212285162408854 0.9416 1.61301904236296
9.09819639278557 9.09694159049712 0.158981392827267 -0.00125480228844665 0.15898296735605 7.02250671676443e-33 100.640708421671 0.00125480228844665 0.9499 1.5655360998826
7.09418837675351 7.09293357445793 0.158981392851433 -0.00125480229558139 0.158982967380234 2.69161080187399e-16 100.640708406372 0.00125480229558139 0.949 1.56543791739632
-5.4809619238477 -5.44432357896245 0.186028440261127 0.036638344885243 0.187370808577057 3.51964994757941 86.0083543007771 0.036638344885243 0.9352 1.62463645736463
4.98997995991984 4.98863394592244 0.15916426499176 -0.00134601399739598 0.159166076745441 9.47652989073164e-05 100.525077038042 0.00134601399739598 0.9493 1.56582152699956
0.831663326653308 0.895581994879344 0.186839469396989 0.0639186682260359 0.190925065544779 11.7324669705062 85.6350109087703 0.0639186682260359 0.926 1.61818678462706
-9.63927855711423 -9.69926625262662 0.121853611977198 -0.0599876955123957 0.125452135590086 46.8210171732076 131.305094205939 0.0599876955123957 0.9661 1.46141598519222
-7.48496993987976 -7.48728659808516 0.160684477740271 -0.00231665820540439 0.160689844645512 0.00594394778235038 99.5740237327854 0.00231665820540439 0.9503 1.56978369346208
-3.37675350701403 -3.45998348475125 0.145684028709014 -0.0832299777372216 0.152611257903152 37.7128006602831 109.826726661699 0.0832299777372216 0.9436 1.51942817478224
-1.27254509018036 -1.27416240369184 0.159673579721754 -0.00161731351147854 0.159676195424749 0.00170238015541012 100.204429736475 0.00161731351147854 0.9502 1.56708906613012
2.88577154308617 2.80161165058708 0.170501796522736 -0.0841598924990943 0.177584684028195 24.6252178227858 93.8406534494578 0.0841598924990943 0.925 1.57800726024403
-13.7975951903808 -13.7988497105896 0.158982024843015 -0.00125452020882832 0.158983598663969 1.85231656722236e-08 100.64030833548 0.00125452020882832 0.9487 1.56539578569685
-11.6432865731463 -11.6188340763321 0.180967505668655 0.0244524968141846 0.181565430269102 1.62578512461411 88.4136626676805 0.0244524968141846 0.9399 1.61644483966438
7.14428857715431 7.14303377486163 0.158981392841661 -0.00125480229268415 0.158982967370455 1.20740161691806e-16 100.640708412558 0.00125480229268415 0.949 1.56550051269731
9.14829659318637 9.14704179089793 0.158981392827267 -0.00125480228844665 0.15898296735605 2.3018134828309e-33 100.640708421671 0.00125480228844665 0.9499 1.5655360998826
-5.43086172344689 -5.39001577992297 0.187151509276569 0.0408459435239257 0.188819900378929 4.38047045573617 85.4922306629946 0.0408459435239257 0.9341 1.62591430264691
5.04008016032064 5.03875679347813 0.159121995668795 -0.00132336684250856 0.159123746968595 5.90967479625586e-05 100.551780618082 0.00132336684250856 0.9491 1.56578546058719
0.881763527054108 0.949775320022936 0.185289310393067 0.0680117929688273 0.189914914375902 13.7145802804152 86.3514466434036 0.0680117929688273 0.925 1.61348504663455
-7.43486973947896 -7.43696035481128 0.160364067448929 -0.00209061533231836 0.160368438121397 0.00418125441580291 99.7729744233102 0.00209061533231836 0.9503 1.56895531498739
-9.58917835671343 -9.65524958909904 0.125807845856712 -0.0660712323856156 0.130173253605666 45.57559379115 127.178077734699 0.0660712323856156 0.9628 1.47123142922841
-3.32665330661323 -3.41175272696392 0.15070214997148 -0.085099420350697 0.157944061315505 35.3928884845764 106.169686384885 0.085099420350697 0.9391 1.53132812980075
-1.22244488977956 -1.22397120544444 0.159543748461708 -0.0015263156648837 0.159546078101217 0.00137484466745866 100.285972683161 0.0015263156648837 0.9504 1.56675214605535
2.93587174348697 2.85378347255994 0.174402438005981 -0.0820882709270325 0.181140922229771 22.0717839547975 91.7418367709474 0.0820882709270325 0.9238 1.58729748038278
7.19438877755511 7.19313397526417 0.158981392835776 -0.0012548022909451 0.158982967364566 5.37383967738481e-17 100.640708416284 0.0012548022909451 0.949 1.56548895073934
-13.74749498998 -13.7487493726266 0.158982324802442 -0.0012543826465965 0.158983898278266 3.3430824267957e-08 100.640118452678 0.0012543826465965 0.9487 1.56539721439786
-11.5931863727455 -11.5652433166782 0.18269316157974 0.0279430560673006 0.18347397596212 2.08441610121191 87.5785380342029 0.0279430560673006 0.9381 1.61953427499451
9.19839679358718 9.19714199129873 0.158981392827267 -0.00125480228844665 0.15898296735605 7.48585753748931e-34 100.640708421671 0.00125480228844665 0.9499 1.5655360998826
-5.38076152304609 -5.33556346837044 0.187967303132437 0.045198054675649 0.1900101672789 5.39974761377546 85.1211872137508 0.045198054675649 0.9325 1.62643335097546
5.09018036072144 5.08887426277649 0.159088948423217 -0.00130609794495395 0.159090654315058 3.65654761833081e-05 100.572668048795 0.00130609794495395 0.9494 1.56562348099154
0.93186372745491 1.00367989077117 0.183212592594699 0.0718161633162546 0.188370153908166 15.8659817962897 87.3302417339566 0.0718161633162546 0.9253 1.60763473429305
-7.38476953907816 -7.38667744460898 0.160099622474234 -0.00190790553082554 0.160103262577748 0.00305171774258837 99.9377746975951 0.00190790553082554 0.9503 1.56834529166174
-9.53907815631263 -9.61049907995462 0.130115207421153 -0.0714209236419983 0.135216155755029 44.0877093965797 122.967947537536 0.0714209236419983 0.9586 1.48187905970655
-3.27655310621243 -3.36268968716633 0.155676164602146 -0.0861365809539096 0.163095675180575 32.9551716377639 102.777454987348 0.0861365809539096 0.9348 1.54305265518231
-1.17234468937876 -1.1737966459259 0.159444280352953 -0.00145195654714425 0.159446388530768 0.00116888863030854 100.348535328967 0.00145195654714425 0.9506 1.56647296741159
2.98597194388778 2.90653047005947 0.177876435347468 -0.0794414738283074 0.184187383111482 19.590017471583 89.9500823071096 0.0794414738283074 0.9228 1.59575106535387
7.24448897795591 7.243234175666 0.15898139283226 -0.00125480228990948 0.158982967361047 2.37307311944402e-17 100.64070841851 0.00125480228990948 0.949 1.56549980553712
-13.6973947895792 -13.6986489716766 0.158982757608523 -0.00125418209743344 0.158984330581257 5.98649218728671e-08 100.63984447545 0.00125418209743344 0.9488 1.56540669726291
-11.5430861723447 -11.5114011979141 0.184295535866789 0.0316849744306165 0.185299473471458 2.64861558261662 86.81707847533 0.0316849744306165 0.9367 1.62217451306257
9.24849699398798 9.24724219169953 0.158981392827267 -0.00125480228844665 0.15898296735605 2.4154966971273e-34 100.640708421671 0.00125480228844665 0.9499 1.5655360998826
-5.33066132264529 -5.28101812413712 0.188420467948005 0.0496431985081696 0.190884915106127 6.59127009158965 84.9164646189883 0.0496431985081696 0.9303 1.62605765156969
5.14028056112225 5.13898756334731 0.159063253659163 -0.00129299777493674 0.159064925502409 2.2447723776559e-05 100.588914359092 0.00129299777493674 0.9494 1.56562275080311
-7.33466933867735 -7.33643002269675 0.159883719040545 -0.00176068401939133 0.159886819048762 0.00228905628379152 100.0727284555 0.00176068401939133 0.9497 1.56773513254857
0.981963927855713 1.05721199224441 0.180615693881063 0.0752480643886977 0.186277965075309 18.166461012559 88.5858789797973 0.0752480643886977 0.9251 1.60071113312676
-9.48897795591182 -9.56496699547366 0.134711717831664 -0.0759890395618399 0.140486051965195 42.337694904746 118.77214734945 0.0759890395618399 0.9546 1.49310985311317
-3.22645290581162 -3.31281892055978 0.160522001455989 -0.0863660147481524 0.167981089959467 30.4164752211598 99.6748100252586 0.0863660147481524 0.9314 1.55443908287477
7.29458917835671 7.29333437606742 0.158981392830174 -0.00125480228929664 0.158982967358959 1.03975494910248e-17 100.64070841983 0.00125480228929664 0.949 1.56552734131845
-1.12224448897796 -1.12363443775126 0.159371501450444 -0.00138994877330445 0.159373433408036 0.00104329516376998 100.394360687975 0.00138994877330445 0.9502 1.56634332702075
3.03607214428858 2.95977606210514 0.180879323553276 -0.0762960821834371 0.186700415709818 17.2131984266 88.4567660122156 0.0762960821834371 0.9232 1.60318984046455
-13.6472945891784 -13.6485484808641 0.158983377621772 -0.00125389168570322 0.158984949866132 1.0636315650593e-07 100.639451993935 0.00125389168570322 0.9487 1.56539937228937
-11.4929859719439 -11.4573310072194 0.185719559622173 0.0356549647244737 0.186990836131676 3.33490998585293 86.1513996293677 0.0356549647244737 0.9347 1.62433572184289
-5.28056112224449 -5.22643951435508 0.1884602539016 0.0541216078894076 0.191389402342135 7.96572271179289 84.898537854852 0.0541216078894076 0.9288 1.62472949986666
9.29859719438878 9.29734239210033 0.158981392827267 -0.00125480228844665 0.15898296735605 7.7332989637159e-35 100.640708421671 0.00125480228844665 0.9499 1.5655360998826
5.19038076152305 5.18909765118839 0.159043384256935 -0.00128311033466044 0.159045030629066 1.3673094785846e-05 100.601481003145 0.00128311033466044 0.9489 1.5655661629391
-7.28456913827655 -7.28621129725211 0.159709748732191 -0.0016421589755593 0.159712445418292 0.00180705970974738 100.181736725599 0.0016421589755593 0.9496 1.56727738754158
1.03206412825651 1.1102889815477 0.177519212576976 0.0782248532911887 0.183638340249404 20.5898112606399 90.1310892930084 0.0782248532911887 0.9249 1.59280764855569
-9.43887775551102 -9.51861874469095 0.139526431728804 -0.079740989179923 0.145885057084197 40.4178765021876 114.673612746716 0.079740989179923 0.9482 1.50472748530592
-3.17635270541082 -3.26217792458197 0.165158155179467 -0.0858252191711526 0.172524123425244 27.8327350065506 96.876838946365 0.0858252191711526 0.9271 1.56532901038432
7.34468937875751 7.34343457646858 0.158981392828947 -0.00125480228893693 0.158982967357731 4.52006140136091e-18 100.640708420607 0.00125480228893693 0.949 1.56554352674065
-1.07214428857715 -1.0734807727454 0.159322660594959 -0.00133648416824772 0.159324446784891 0.000966799913701151 100.425136890453 0.00133648416824772 0.9491 1.5662182043401
3.08617234468938 3.01343944919522 0.183379931900888 -0.0727328954941577 0.188670005987852 14.9705840637103 87.2505504508946 0.0727328954941577 0.9229 1.60965088702728
-5.23046092184369 -5.17189493635283 0.188042869406636 0.0585659854908522 0.191472844063151 9.52949708474179 85.0869807001325 0.0585659854908522 0.9277 1.62243026806679
-13.5971943887776 -13.5984478627348 0.15898425946776 -0.00125347395722564 0.158985830664721 1.87500951615557e-07 100.638893772025 0.00125347395722564 0.9489 1.56541266361784
-11.4428857715431 -11.4030645885119 0.186907840742602 0.0398211830311404 0.188493567360602 4.15999129108117 85.6036854121824 0.0398211830311404 0.9341 1.62587969992881
9.34869739478958 9.34744259250113 0.158981392827267 -0.00125480228844665 0.15898296735605 2.45649912589668e-35 100.640708421671 0.00125480228844665 0.9499 1.5655360998826
5.24048096192385 5.2392052769039 0.159028102224874 -0.00127568501994535 0.159029729597144 8.26332409610895e-06 100.611148445796 0.00127568501994535 0.9495 1.5655120719376
-7.23446893787575 -7.23601540192648 0.159571980812398 -0.001546464050727 0.159574372363459 0.00144819529032904 100.268229538433 0.001546464050727 0.95 1.56688521921097
1.08216432865731 1.16283143053237 0.173957652818071 0.0806671018750535 0.180464834142991 23.1049536563332 91.9764077107499 0.0806671018750535 0.9259 1.58399410388656
-9.38877755511022 -9.47143352123105 0.144482500307951 -0.0826559661208304 0.151314509043319 38.2615557953779 110.740054787932 0.0826559661208304 0.9444 1.51656310239279
-3.12625250501002 -3.210816032463 0.169508202621018 -0.0845635274529788 0.176659192796309 25.2400964362994 94.3907123820572 0.0845635274529788 0.9251 1.57558554812285
7.39478957915832 7.39353477686959 0.15898139282823 -0.00125480228872732 0.158982967357014 1.94962522123573e-18 100.64070842106 0.00125480228872732 0.949 1.56554979978954
-1.02204408817635 -1.02333218255787 0.159295922719406 -0.001288094381521 0.159297581906542 0.000947670005154113 100.441993284307 0.001288094381521 0.9497 1.56615342353373
3.13627254509018 3.06743775643916 0.185361080036996 -0.0688347886510212 0.190099308165627 12.8860495311706 86.3180123724277 0.0688347886510212 0.9243 1.61505618246555
-5.18036072144289 -5.11745813210521 0.187133709111246 0.0629025893376802 0.191090444856631 11.283601521263 85.5003626871332 0.0629025893376802 0.9264 1.61907142005318
-11.3927855711423 -11.3486425892684 0.187802553859082 0.0441429818738808 0.189751156707799 5.1398895343729 85.1958595408967 0.0441429818738808 0.9321 1.62663765804795
-13.5470941883768 -13.5483470654704 0.158985504771709 -0.00125287709360933 0.158987074472721 3.27951179200879e-07 100.63810548625 0.00125287709360933 0.949 1.56541670762182
9.39879759519038 9.39754279290193 0.158981392827267 -0.00125480228844665 0.15898296735605 7.74215549899083e-36 100.640708421671 0.00125480228844665 0.9499 1.5655360998826
5.29058116232465 5.28931102606226 0.159016411168521 -0.00127013626238792 0.159018024414646 4.95491491716571e-06 100.618545484866 0.00127013626238792 0.9493 1.56546925729474
-7.18436873747495 -7.1858372611371 0.159465595495443 -0.00146852366214834 0.159467752057189 0.00121740423250824 100.335122132706 0.00146852366214834 0.95 1.5666503433251
1.13226452905812 1.21476524990684 0.16997850740172 0.0825007208487218 0.176784876342278 25.6774285423418 94.1295475797203 0.0825007208487218 0.9271 1.57432515258297
-9.33867735470942 -9.42340465352655 0.149498634078926 -0.0847272988171284 0.156677349243773 35.959868216757 107.024389209824 0.0847272988171284 0.94 1.52839875655092
7.44488977955912 7.44363497727051 0.158981392827815 -0.00125480228860653 0.158982967356599 8.34356005786238e-19 100.640708421323 0.00125480228860653 0.949 1.5655631172101
-3.07615230460922 -3.15879298944787 0.173503252440991 -0.0826406848386485 0.180332735231592 22.6793897882397 92.2172914622544 0.0826406848386485 0.9235 1.58504265998996
-0.97194388777555 -0.973185400030654 0.159290362221385 -0.00124151225510372 0.159291903574065 0.000942482038201319 100.445499507138 0.00124151225510372 0.9496 1.56615610001093
3.18637274549098 3.12168814482378 0.186819664366508 -0.0646846006672042 0.191003761929984 10.977149637681 85.6440892036436 0.0646846006672042 0.9248 1.61935347686101
-5.13026052104208 -5.06320789306977 0.185709312690054 0.0670526279723092 0.190205367608046 13.2228096223358 86.1561532280494 0.0670526279723092 0.9245 1.61461835565293
-11.3426853707415 -11.2941144247176 0.188347591927877 0.0485709460238493 0.190706728725529 6.2889617461812 84.9493207543996 0.0485709460238493 0.9308 1.62646161029567
-13.496993987976 -13.4982460178987 0.158987250813575 -0.00125202992276563 0.158988818392502 5.69125937695608e-07 100.637000250802 0.00125202992276563 0.9489 1.56540909382941
9.44889779559118 9.44764299330274 0.158981392827267 -0.00125480228844665 0.15898296735605 2.42103254460884e-36 100.640708421671 0.00125480228844665 0.9499 1.5655360998826
5.34068136272545 5.33941535265118 0.159007514681888 -0.00126601007427229 0.159009117463396 2.94788863353721e-06 100.624175102729 0.00126601007427229 0.9495 1.56548468910643
-7.13426853707415 -7.13567245169295 0.159386696780036 -0.00140391461880363 0.159388667756293 0.00106779540470721 100.384789466344 0.00140391461880363 0.9494 1.56639584012049
1.18236472945892 1.26602371180152 0.165640800786335 0.0836589823426053 0.172639626112935 28.2710902568157 96.5945583699449 0.0836589823426053 0.9301 1.56390093270815
7.49498997995992 7.49373517767138 0.158981392827576 -0.00125480228853725 0.15898296735636 3.5427876349645e-19 100.640708421474 0.00125480228853725 0.949 1.56554725490254
-9.28857715430862 -9.37453962856931 0.154490945712047 -0.0859624742606897 0.161880492693067 33.5545963962431 103.565939908363 0.0859624742606897 0.9365 1.54019639004799
-3.02605210420842 -3.10617725377588 0.177084177922604 -0.0801251495674689 0.183504217515813 20.1772694966686 90.3525102451161 0.0801251495674689 0.9228 1.59368761710908
3.23647294589178 3.17610980901981 0.187766142661711 -0.0603631368719695 0.191409850954735 9.25468738307744 85.2123805345804 0.0603631368719695 0.926 1.62256015072246
-0.921843687374748 -0.923037221176707 0.159305959679553 -0.00119353380195908 0.159307384202489 0.000993848563015496 100.435665007036 0.00119353380195908 0.9496 1.56626148453581
-5.08016032064128 -5.00922639073941 0.183758921481981 0.0709339299018694 0.188790543893305 15.3351816894096 87.0706024554509 0.0709339299018694 0.9246 1.60903521183316
-11.2925851703407 -11.23953792959 0.18849088389228 0.053047240750713 0.191304893643544 7.61874709814821 84.8847417424376 0.053047240750713 0.9301 1.62538132982188
-13.4468937875751 -13.4481446229744 0.158989681535816 -0.00125083539925974 0.158991246125013 9.79943467289855e-07 100.635461656646 0.00125083539925974 0.949 1.56541620936499
9.49899799599199 9.49774319370354 0.158981392827267 -0.00125480228844665 0.15898296735605 7.51160646524043e-37 100.640708421671 0.00125480228844665 0.9499 1.5655360998826
-7.08416833667335 -7.08551706314493 0.159332312560209 -0.00134872647158879 0.159334131623304 0.000974960651883413 100.419053379106 0.00134872647158879 0.95 1.56633381345522
5.39078156312625 5.38951860652453 0.159000780462666 -0.00126295660171927 0.159002375522044 1.74012081536826e-06 100.628436875861 0.00126295660171927 0.9488 1.56543131229646
1.23246492985972 1.31654929341999 0.161013189402795 0.0840843635602684 0.16808336959813 30.8498197620598 99.3707413619017 0.0840843635602684 0.9333 1.55287158454706
7.54509018036072 7.54383537807223 0.15898139282744 -0.00125480228849728 0.158982967356223 1.49256174396209e-19 100.640708421561 0.00125480228849728 0.949 1.56554654699572
-9.23847695390782 -9.32485976863863 0.159375116873021 -0.086382814730813 0.166837107553839 31.0313234159876 100.392083243131 0.086382814730813 0.9316 1.55164035375702
-2.97595190380762 -3.05304407907993 0.180203492241039 -0.0770921752723099 0.186146695729256 17.7724179978271 88.7885123702181 0.0770921752723099 0.9227 1.6013365866619
3.28657314629259 3.23062578763661 0.18822346427858 -0.0559473586559722 0.19135357121916 7.72280159667301 85.0053422474426 0.0559473586559722 0.9276 1.62470780236082
-0.871743486973948 -0.872884367267375 0.159343603539692 -0.0011408802934274 0.159344905147536 0.0011139019001112 100.411937753212 0.0011408802934274 0.9497 1.5662720551966
-5.03006012024048 -4.9555972838566 0.181285523087606 0.0744628363838817 0.186830237089938 17.602061630732 88.2585643215871 0.0744628363838817 0.9246 1.60239405298492
-11.2424849699399 -11.1849786808121 0.188186757958968 0.0575062891278186 0.19149373124822 9.13677298281391 85.0219227619015 0.0575062891278186 0.9283 1.62326792621934
-13.3967935871743 -13.3980427493341 0.15899304139307 -0.00124916215974302 0.158994601799171 1.67412208611826e-06 100.633335017751 0.00124916215974302 0.9489 1.56542035062102
9.54909819639279 9.54784339410434 0.158981392827267 -0.00125480228844665 0.15898296735605 2.31237618824575e-37 100.640708421671 0.00125480228844665 0.9499 1.5655360998826
-7.03406813627254 -7.03536755825748 0.159300388580074 -0.00129942198493271 0.159302077077569 0.000953098124027426 100.439177472297 0.00129942198493271 0.9499 1.56626009528448
5.44088176352706 5.4396210557053 0.15899570976237 -0.00126070782175436 0.158997299146582 1.01915723388674e-06 100.631646123742 0.00126070782175436 0.9486 1.56543499887415
1.28256513026052 1.36629527532944 0.156171741028447 0.0837301450689196 0.163182478221709 33.3722133738357 102.451313500344 0.0837301450689196 0.9365 1.5413840554783
7.59519038076152 7.59393557847305 0.158981392827363 -0.00125480228847508 0.158982967356146 6.23897080828419e-20 100.640708421609 0.00125480228847508 0.949 1.5655489891758
-9.18837675350701 -9.27439955330469 0.164068797559568 -0.0860227997976786 0.171468719644599 28.4549929610197 97.5200662038799 0.0860227997976786 0.9283 1.56269758140953
-2.92585170340681 -2.99947344730101 0.182826747993209 -0.0736217438941984 0.188246909167232 15.4951951195477 87.5145468353147 0.0736217438941984 0.9234 1.60806994955395
3.33667334669339 3.28516452454378 0.188225526546373 -0.0515088221496112 0.190878685305614 6.37951620780331 85.0044108977858 0.0515088221496112 0.929 1.62586043579756
-0.821643286573146 -0.822723346383052 0.159405096724218 -0.00108005980990666 0.159406263253411 0.0012409488779819 100.373202167313 0.00108005980990666 0.9494 1.56647543119877
-4.97995991983968 -4.9024036669454 0.178306308134129 0.0775562528942828 0.184321280497131 19.9985960686487 89.7332246258171 0.0775562528942828 0.9245 1.59470836742541
-11.1923847695391 -11.1305089896997 0.187398213039153 0.0618757798393723 0.191226825169884 10.8454286989708 85.3796828716669 0.0618757798393723 0.9268 1.62012213996845
-13.3466933867735 -13.3479402204563 0.158997652582639 -0.00124683368279221 0.158999207176872 2.8377013686993e-06 100.630416487966 0.00124683368279221 0.9489 1.56543797871359
9.59919839679359 9.59794359450514 0.158981392827267 -0.00125480228844665 0.15898296735605 7.06281144273296e-38 100.640708421671 0.00125480228844665 0.9499 1.5655360998826
-6.98396793587174 -6.98522063419058 0.159289781430633 -0.00125269831883568 0.159291350683711 0.000944667553453479 100.445865744173 0.00125269831883568 0.9499 1.56625290155971
5.49098196392786 5.48972290434779 0.158991911675976 -0.00125905958006456 0.158993496907002 5.92238233988037e-07 100.634050067955 0.00125905958006456 0.9487 1.56542978684015
1.33266533066132 1.4152270431892 0.151197528398644 0.082561712527879 0.15801396477418 35.8093655750234 105.82183564413 0.082561712527879 0.9401 1.52956329036874
7.64529058116232 7.64403577887386 0.15898139282732 -0.00125480228846264 0.158982967356103 2.58753994626736e-20 100.640708421637 0.00125480228846264 0.949 1.56555275262865
-9.13827655310621 -9.22320559367761 0.168494116469213 -0.0849290405713976 0.175707058401591 25.8612105791017 94.9588053000266 0.0849290405713976 0.9258 1.5731543586074
-2.87575150300601 -2.94554793037069 0.184933376097049 -0.0697964273646794 0.189804917369922 13.3708710942315 86.5176440168568 0.0697964273646794 0.9246 1.61377904739699
3.38677354709419 3.33966113655576 0.187815262778387 -0.0471124105384266 0.190034842005128 5.21764136758944 85.1900945818192 0.0471124105384266 0.9301 1.62606046958125
-0.771543086172345 -0.772550313863307 0.159493166482426 -0.00100722769096151 0.159494180990047 0.00144058445415365 100.317777575524 0.00100722769096151 0.9498 1.56668060729467
-4.92985971943888 -4.84972593550858 0.174852505042953 0.0801337839302976 0.181273928369941 22.4947508522994 91.5056950203231 0.0801337839302976 0.9263 1.58606982997672
-11.1422845691383 -11.076206578498 0.186098954889864 0.0660779906403235 0.190465255736927 12.741043907907 85.9757649336021 0.0660779906403235 0.9251 1.61589849095769
-13.2965931863727 -13.2978368008736 0.159003936230087 -0.00124361450083299 0.159005482807114 4.77243159190338e-06 100.626439692959 0.00124361450083299 0.9488 1.56548232749303
9.64929859719439 9.64804379490594 0.158981392827267 -0.00125480228844665 0.15898296735605 2.14037661435119e-38 100.640708421671 0.00125480228844665 0.9499 1.5655360998826
-6.93386773547094 -6.9350730843675 0.15930025425227 -0.0012053488965611 0.159301707118232 0.000985014878776705 100.439262166288 0.0012053488965611 0.9501 1.56625627473546
5.54108216432866 5.53982430708358 0.158989081729489 -0.00125785724507654 0.158990663934338 3.4146418000499e-07 100.635841316595 0.00125785724507654 0.9489 1.56540965472615
7.69539078156313 7.69413597927467 0.158981392827296 -0.00125480228845554 0.158982967356079 1.06476712706277e-20 100.640708421652 0.00125480228845554 0.9494 1.5655586945013
1.38276553106212 1.46332305953752 0.14617417462611 0.0805575284753954 0.152663690020174 38.1298092353582 109.458459682947 0.0805575284753954 0.9451 1.51762148368561
3.43687374749499 3.39405836156284 0.187042483094213 -0.0428153859321458 0.188875640366731 4.22588963114529 85.542063681548 0.0428153859321458 0.9319 1.62541274278891
-9.08817635270541 -9.17133528153103 0.17258016037142 -0.0831589288256183 0.179495567814844 23.2906483476039 92.7105408035631 0.0831589288256183 0.9249 1.58295487865226
-2.82565130260521 -2.89135056369214 0.186516919367693 -0.0656992610869338 0.190833312275062 11.4185768288545 85.7831024351101 0.0656992610869338 0.9257 1.61835260992601
-0.721442885771543 -0.722360931406081 0.159611474239505 -0.000918045634537901 0.159612317047292 0.00176847141839682 100.243419692943 0.000918045634537901 0.9495 1.56697594396014
-4.87975951903808 -4.79763964979299 0.17096860324666 0.0821198692450871 0.17771227617149 25.0567277788105 93.5844341953037 0.0821198692450871 0.9263 1.57658658551561
-11.0921843687375 -11.0221529726833 0.184275060371361 0.070031396054171 0.189179456804657 14.813309572479 86.8267250476323 0.070031396054171 0.9253 1.61056213931972
-13.2464929859719 -13.2477321787993 0.159012438115734 -0.00123919282736296 0.159013973714597 7.9635404550655e-06 100.6210595196 0.00123919282736296 0.9493 1.56548362986556
9.69939879759519 9.69814399530674 0.158981392827267 -0.00125480228844665 0.15898296735605 6.43570671523139e-39 100.640708421671 0.00125480228844665 0.9499 1.5655360998826
-6.88376753507014 -6.88492166059318 0.159332477169505 -0.00115412552303962 0.159333809175228 0.001082813912022 100.418949634346 0.00115412552303962 0.9498 1.56638107247556
5.59118236472946 5.58992538038891 0.158986984218655 -0.00125698434054744 0.158988564228288 1.95338264515197e-07 100.637169002433 0.00125698434054744 0.9489 1.5654114832794
7.74549098196393 7.74423617967548 0.158981392827282 -0.00125480228845198 0.158982967356065 4.34726052750018e-21 100.640708421661 0.00125480228845198 0.9499 1.56555924805428
1.43286573146293 1.51057549055115 0.141185480412085 0.0777097590882267 0.147224287069635 40.2701031228868 113.326100908535 0.0777097590882267 0.9493 1.5057766005769
3.48697394789579 3.44830717998976 0.185961595825188 -0.0386667679060313 0.187456714765487 3.39006922995726 86.0392702536317 0.0386667679060313 0.9331 1.62400366862122
-9.03807615230461 -9.11885515169424 0.176265272367524 -0.0807789993896364 0.182790519109915 20.7701408528351 90.7722762691396 0.0807789993896364 0.9232 1.59181328356761
-2.77555110220441 -2.83696281397043 0.187584658636474 -0.0614117117660209 0.191356056978506 9.65074685702355 85.2948216357444 0.0614117117660209 0.9267 1.62183920649984
-0.671342685370741 -0.672150225114372 0.159764620747315 -0.000807539743631458 0.159765272867752 0.00224295639316453 100.147328771279 0.000807539743631458 0.95 1.56750414539913
-4.82965931863727 -4.74621348049512 0.166711018043069 0.0834458381421577 0.173674225946316 27.6486272316402 95.97446040349 0.0834458381421577 0.9285 1.56638764483562
-11.0420841683367 -10.9684316563597 0.181926153292917 0.0736525119770093 0.18735084581344 17.0451540267912 87.9477728209787 0.0736525119770093 0.9248 1.60415092923514
-13.1963927855711 -13.197625944451 0.159023859504071 -0.00123315887989506 0.159025380184894 1.31845746171253e-05 100.613832728606 0.00123315887989506 0.9491 1.56550935320355
9.74949899799599 9.74824419570755 0.158981392827267 -0.00125480228844665 0.15898296735605 1.91997579450132e-39 100.640708421671 0.00125480228844665 0.9499 1.5655360998826
-6.83366733466934 -6.83476293479201 0.159388032811674 -0.00109560012267718 0.159389233151303 0.00120495499786648 100.383948015124 0.00109560012267718 0.9499 1.56654388150923
5.64128256513026 5.64002621152438 0.158985437773395 -0.00125635360587673 0.158987016197778 1.10872275020434e-07 100.638147896319 0.00125635360587673 0.9487 1.56540277089674
7.79559118236473 7.79433638007628 0.158981392827275 -0.00125480228844932 0.158982967356058 1.76104382172649e-21 100.640708421665 0.00125480228844932 0.9499 1.56555037116649
1.48296593186373 1.55699048945262 0.136313246938203 0.0740245575888914 0.141792882064434 42.2437460885209 117.376706661925 0.0740245575888914 0.9536 1.4941220897234
3.53707414829659 3.50236711938618 0.184629335120908 -0.0347070289104128 0.185833912976696 2.69423577568178 86.6601181741901 0.0347070289104128 0.9353 1.62193512791746
-8.98797595190381 -9.06583901103207 0.179499024802096 -0.0778630591282585 0.185561680778906 18.3390122381738 89.1369745191685 0.0778630591282585 0.9233 1.59983083873231
-2.72545090180361 -2.78246271779014 0.188156669798864 -0.0570118159865314 0.191407016960946 8.0730852053914 85.0355186297872 0.0570118159865314 0.9278 1.62423228860734
-0.62124248496994 -0.621912443572314 0.159958140506402 -0.00066995860237351 0.159958589350931 0.00298969981801451 100.026169029888 0.00066995860237351 0.9502 1.56806379074399
-4.77955911823647 -4.69550731561667 0.162146286793773 0.0840518026198058 0.169210992317411 30.2341733333699 98.6763268920846 0.0840518026198058 0.932 1.55548868583018
-10.9919839679359 -10.9151260523461 0.179066007032079 0.0768579155897591 0.184973146220882 19.4131361843758 89.3525257260783 0.0768579155897591 0.9252 1.59673178134048
-13.1462925851703 -13.1475175632743 0.159039093565213 -0.00122497810392552 0.159040594136568 2.1658057479213e-05 100.604195115331 0.00122497810392552 0.9486 1.56557354922007
-6.78356713426854 -6.78459315976067 0.159469425623857 -0.0010260254921306 0.159470478352168 0.00137937569185047 100.332712288934 0.0010260254921306 0.9502 1.56674304764379
9.79959919839679 9.79834439610835 0.158981392827267 -0.00125480228844665 0.15898296735605 5.68314483879648e-40 100.640708421671 0.00125480228844665 0.9499 1.5655360998826
5.69138276553106 5.69012686551475 0.158984303660066 -0.00125590001631792 0.158985880944917 6.24384415890569e-08 100.638865797787 0.00125590001631792 0.9487 1.56539840999789
7.84569138276553 7.84443658047709 0.158981392827271 -0.00125480228844843 0.158982967356054 7.0781232420323e-22 100.640708421668 0.00125480228844843 0.9499 1.56554486469229
1.53306613226453 1.60258815198082 0.13163538534885 0.0695220197162856 0.136468696574282 44.0103000998882 121.547864638357 0.0695220197162856 0.9574 1.4828817230897
3.5871743486974 3.55620626570914 0.183102610180824 -0.0309680829882604 0.184061632344792 2.12171515075293 87.3826975169773 0.0309680829882604 0.9364 1.61931176989091
-8.93787575150301 -9.01236590037946 0.182243742114288 -0.0744901488764587 0.187792524393925 16.0286412206587 87.7945097833104 0.0744901488764587 0.9238 1.60678384796083
-2.67535070140281 -2.72792325579296 0.18826438509686 -0.052572554390153 0.191028258571966 6.68501229957366 84.9868656345604 0.052572554390153 0.9288 1.62564749761264
-0.571142284569138 -0.571640918046701 0.160198478231315 -0.000498633477563182 0.16019872686666 0.00413722791220712 99.8761047960589 0.000498633477563182 0.9501 1.56867218170128
-4.72945891783567 -4.64557059798565 0.157348913313309 0.0838883198500184 0.164386163520568 32.778322216224 101.684845882229 0.0838883198500184 0.9363 1.5440425110675
-10.9418837675351 -10.8623174000745 0.175722529317737 0.0795663674605844 0.182053336148609 21.8883489461947 91.0526388512724 0.0795663674605844 0.9254 1.58835911028717
-13.0961923847695 -13.0974063432137 0.159059267740078 -0.00121395844417904 0.159060741435182 3.52993185109963e-05 100.591435050147 0.00121395844417904 0.9493 1.56562390201502
-6.73346693386774 -6.73440812858886 0.159580092091618 -0.000941194721127303 0.159580977939121 0.00166831210175731 100.263133015452 0.000941194721127303 0.9506 1.56701003344253
9.8496993987976 9.84844459650915 0.158981392827267 -0.00125480228844665 0.15898296735605 1.66907232963436e-40 100.640708421671 0.00125480228844665 0.9499 1.5655360998826
7.89579158316633 7.89453678087788 0.158981392827269 -0.00125480228844754 0.158982967356052 2.82266630615694e-22 100.640708421669 0.00125480228844754 0.9499 1.56555262659754
5.74148296593187 5.74022739056064 0.158983476380033 -0.00125557537122845 0.158985052849545 3.48878826266669e-08 100.639389478148 0.00125557537122845 0.9487 1.56540369746918
1.58316633266533 1.64740216933268 0.127224375652934 0.0642358366673454 0.131350618365288 45.49411346433 125.762063424447 0.0642358366673454 0.9598 1.47219027135642
3.6372745490982 3.60980101491371 0.181436574325359 -0.0274735341844905 0.182191369405945 1.65594533249333 88.1850864936869 0.0274735341844905 0.9373 1.61628146251562
-8.88777555110221 -8.9585179658455 0.18447547995337 -0.0707424147432985 0.189479969197083 13.8656321806006 86.7323939422427 0.0707424147432985 0.9245 1.61264192643214
-2.625250501002 -2.67341101143124 0.187948758931001 -0.04816051042924 0.190268193695806 5.48049354705991 85.1295858030852 0.04816051042924 0.9305 1.62606161771974
-0.521042084168336 -0.52132792814284 0.160492939089884 -0.000285843974504374 0.160493020796662 0.00587754966648814 99.6928593290896 0.000285843974504374 0.9497 1.56941933879574
-4.67935871743487 -4.59644094861312 0.152398993432099 0.0829177688217504 0.159274349818476 35.2359180766199 104.98757005983 0.0829177688217504 0.9403 1.53232268755999
-10.8917835671343 -10.8100826120595 0.171937128907376 0.0817009550747567 0.178612174967503 24.4377521819683 93.0572710017704 0.0817009550747567 0.9261 1.57905544440917
-6.68336673346693 -6.68420303289341 0.159724407521215 -0.000836299426476117 0.159725106917946 0.00210054751572969 100.172542495578 0.000836299426476117 0.9508 1.56737591249132
-13.0460921843687 -13.0472913951449 0.159085792182864 -0.00119921077615892 0.159087230289349 5.70829707023425e-05 100.57466339677 0.00119921077615892 0.9489 1.56570882584513
9.8997995991984 9.89854479690995 0.158981392827267 -0.00125480228844665 0.15898296735605 4.86356866914927e-41 100.640708421671 0.00125480228844665 0.9499 1.5655360998826
5.79158316633266 5.79032782220639 0.15898287617325 -0.00125534412627903 0.158984452062126 1.93415213767952e-08 100.639769421231 0.00125534412627903 0.9487 1.56540213202879
1.63326653306613 1.69147921023844 0.123146106782988 0.0582126771723077 0.126534822566555 46.7241990795396 129.926965764299 0.0582126771723077 0.9634 1.46226553061467
3.687374749499 3.66313560496198 0.179682989408589 -0.0242391445370234 0.180270525536475 1.28111683678452 89.045713523927 0.0242391445370234 0.9391 1.61295703632895
-8.8376753507014 -8.90437832182296 0.186184405828332 -0.0667029711215594 0.190633692184776 11.8706599004956 85.9363056149423 0.0667029711215594 0.9251 1.61742931498413
-2.5751503006012 -2.61898514480287 0.187258156459224 -0.0438348442016649 0.189179650025408 4.44911683828912 85.4435411655035 0.0438348442016649 0.9318 1.62563769861963
-0.470941883767535 -0.470964577670678 0.160849603597025 -2.26939031426343e-05 0.160849604112038 0.00840955892376466 99.4718024924991 2.26939031426343e-05 0.9503 1.57039568248884
-4.62925851703407 -4.54814311366665 0.147379759688624 0.0811154033674164 0.153959468352082 37.58344204268 108.563075647592 0.0811154033674164 0.9449 1.52042850525471
-12.9959919839679 -12.9971715855842 0.159120414099687 -0.00117960161622044 0.15912180555966 9.15883465387794e-05 100.552780047293 0.00117960161622044 0.9489 1.56578963894801
9.9498997995992 9.94864499731075 0.158981392827267 -0.00125480228844665 0.15898296735605 1.40613950171263e-41 100.640708421671 0.00125480228844665 0.9499 1.5655360998826
5.84168336673347 5.8404281865289 0.15898244308616 -0.00125518020456461 0.158984018563506 1.06389829638668e-08 100.640043575936 0.00125518020456461 0.9487 1.56540946932604
3.7374749498998 3.71620147183479 0.177888934919806 -0.0212734780650115 0.178341495788788 0.982616457345189 89.943761860247 0.0212734780650115 0.94 1.60935215395881
-8.7875751503006 -8.85002898888118 0.187374568972936 -0.0624538385805824 0.191275050926385 10.0577886803006 85.3904566009223 0.0624538385805824 0.9258 1.62108991976998
-2.5250501002004 -2.56469669308955 0.186246091993297 -0.0396465928891518 0.187817944321015 3.57727913475779 85.9078428371849 0.0396465928891518 0.9329 1.62441020340886
-0.420841683366733 -0.420540687053384 0.161277197447989 0.000300996313349344 0.16127728804677 0.0120574493796335 99.2080731385469 0.000300996313349344 0.95 1.57160725343716
-12.9458917835671 -12.9470454808529 0.159165277377709 -0.00115369728579573 0.159166608395136 0.000145803264274391 100.524437638688 0.00115369728579573 0.9491 1.56589586602648
10 9.99874519771155 0.158981392827267 -0.00125480228844665 0.15898296735605 4.0336222809166e-42 100.640708421671 0.00125480228844665 0.9499 1.5655360998826
