5.89178356713427 5.89052850256214 0.158982132311787 -0.00125506457212854 0.158983707498868 5.80634793656007e-09 100.640240304625 0.00125506457212854 0.9487 1.56541711988304
-8.7374749498998 -8.86619584486514 0.15532925456089 -0.12872089496534 0.171898323361568 54.5641081409591 103.006996622957 0.12872089496534 0.9257 1.54436003447186
-2.4749498997996 -2.47620470141365 0.158981394480438 -0.00125480161405278 0.158982969007528 2.9267582463501e-12 100.640707375156 0.00125480161405278 0.9496 1.56540098196903
-15 -15.0012548022859 0.158981392833867 -0.00125480228586738 0.158982967362644 1.23421347786496e-15 100.640708417492 0.00125480228586738 0.9496 1.56551583184019
-6.63326653306613 -6.63519276884397 0.16012072543485 -0.00192623577783824 0.160124435819122 0.00249952409548194 99.9246034924448 0.00192623577783824 0.95 1.56819723120538
3.7875751503006 3.76899647423593 0.176095883969234 -0.0185786760646742 0.17644105117355 0.747295694120988 90.8595910327775 0.0185786760646742 0.9419 1.6056421028035
-12.8957915831663 -12.8969096421033 0.15922667345819 -0.00111805893692996 0.159227923513976 0.000230430272870456 100.485676504454 0.00111805893692996 0.9487 1.56609310154912
-0.370741482965931 -0.370043025859394 0.161780525887316 0.000698457106537098 0.161781013729646 0.0172897907259415 98.8994189025223 0.000698457106537098 0.9502 1.57288300733665
1.68336673346693 1.73487806688187 0.119459097922986 0.0515113334149342 0.122112515393171 47.6777386942341 133.937056935714 0.0515113334149342 0.9667 1.45324507201711
-10.8416833667335 -10.7280561338845 0.188059276856849 0.113627232848991 0.200970424901767 31.4849585323199 85.079557187595 0.113627232848991 0.9129 1.61759684754244
-4.57915831663327 -4.58041311936138 0.158981394264455 -0.00125480272811185 0.158982968794342 1.721715716443e-13 100.64070751188 0.00125480272811185 0.949 1.56545121474346
7.94589178356713 7.94463698127869 0.158981392827268 -0.00125480228844754 0.158982967356051 1.11684889806489e-22 100.64070842167 0.00125480228844754 0.9499 1.56554890387187
-8.687374749499 -8.81638217889314 0.160738167744324 -0.129007429394141 0.177381084583208 51.106977579119 99.5407638679211 0.129007429394141 0.9227 1.55713707270346
5.94188376753507 5.94062878412911 0.158981910555098 -0.00125498340595964 0.158983485538447 3.14412252425188e-09 100.640380683153 0.00125498340595964 0.9487 1.5654193675234
-2.4248496993988 -2.4261045005865 0.158981395511841 -0.00125480118770671 0.158982970037862 5.87320445440379e-12 100.640706722242 0.00125480118770671 0.9496 1.56539490750561
-14.9498997995992 -14.9511546018831 0.158981392838847 -0.00125480228390629 0.158982967367619 2.68892851310801e-15 100.640708414339 0.00125480228390629 0.9496 1.56555369051524
-6.58316633266533 -6.58494419055652 0.159890625396476 -0.00177785789118978 0.159893786175157 0.00165226178895088 100.068405888871 0.00177785789118978 0.9509 1.5676128325951
3.8376753507014 3.8215240309546 0.174339142690328 -0.0161513197468075 0.174600007819891 0.563594251402914 91.7751444288114 0.0161513197468075 0.9437 1.60194264774142
-12.8456913827655 -12.8467643300335 0.159302066775987 -0.00107294726795182 0.159303217991827 0.000361152675816639 100.438119377945 0.00107294726795182 0.9494 1.56628312506733
-0.320641282565131 -0.319462492613153 0.162378968763181 0.00117878995197795 0.162380358308932 0.0249557200577115 98.5349280259006 0.00117878995197795 0.9498 1.57445995055453
1.73346693386774 1.77766859997065 0.116214071765175 0.0442016661029108 0.118167859051449 48.4437967714457 137.676959054751 0.0442016661029108 0.9693 1.44524577741229
-4.52905811623246 -4.5303129187979 0.158981393737611 -0.00125480256543842 0.158982968267089 8.25250564236983e-14 100.640707845391 0.00125480256543842 0.949 1.56542874689535
-10.7915831663327 -10.673996530319 0.184179838955207 0.117586636013696 0.198006455924224 34.9718939845392 86.8716146716322 0.117586636013696 0.9142 1.6085529045652
7.99599198396794 7.99473718167949 0.158981392827267 -0.00125480228844754 0.15898296735605 4.3845271415119e-23 100.64070842167 0.00125480228844754 0.9499 1.56554666516002
5.99198396793587 5.99072904121791 0.158981753217485 -0.00125492671795957 0.158983328058552 1.68923211271463e-09 100.640480282742 0.00125492671795957 0.9487 1.56541794070803
-8.6372745490982 -8.76570448918053 0.166056576412766 -0.128429940082333 0.182550825922318 47.576145495021 96.3527030704817 0.128429940082333 0.9195 1.56956088859836
-2.374749498998 -2.37600429950248 0.158981397155121 -0.00125480050448212 0.158982971679427 1.16938319993832e-11 100.64070568199 0.00125480050448212 0.9496 1.56538286755477
-14.8997995991984 -14.9010544014789 0.158981392847434 -0.00125480228051167 0.158982967376198 5.81248322966915e-15 100.640708408904 0.00125480228051167 0.9496 1.56557015799724
-6.53306613226453 -6.5347263164001 0.159703055539423 -0.00166018413557012 0.159705811750787 0.00108368563298351 100.185935365841 0.00166018413557012 0.9502 1.5671688413559
3.88777555110221 3.87379221265525 0.172647627560225 -0.013983338446959 0.172843161314348 0.421551810141043 92.6743114058642 0.013983338446959 0.9445 1.59822833864088
-12.7955911823647 -12.7966055781497 0.159397885033193 -0.00101439578495999 0.159398914032002 0.00056161850234184 100.377743385165 0.00101439578495999 0.9496 1.56649683656698
-0.270541082164328 -0.268782391906973 0.163075875695964 0.00175869025735548 0.163078968687386 0.0357380123351298 98.1138376949765 0.00175869025735548 0.9499 1.57621622455295
1.78356713426854 1.81993051712705 0.113453825682775 0.0363633828585139 0.114776121295689 49.0679292170817 141.026535718039 0.0363633828585139 0.9712 1.43844989617158
-4.47895791583166 -4.48021271829345 0.158981393399825 -0.00125480246178356 0.158982967929043 3.92467516309931e-14 100.640708059221 0.00125480246178356 0.949 1.56540681856647
-10.7414829659319 -10.6205776209295 0.179872797154467 0.120905345002347 0.194490899604603 38.5285338720671 88.9517495314198 0.120905345002347 0.9151 1.59855693039125
8.04609218436874 8.04483738208029 0.158981392827267 -0.00125480228844665 0.15898296735605 1.70782972213112e-23 100.64070842167 0.00125480228844665 0.9499 1.56554433657424
6.04208416833668 6.04082928100927 0.158981642230331 -0.00125488732740742 0.158983216972535 9.00477068948782e-10 100.640550541171 0.00125488732740742 0.9487 1.56540810484052
-8.5871743486974 -8.71419403419118 0.171208869474124 -0.127019685493785 0.187342869977064 43.9983447773618 93.4531023371904 0.127019685493785 0.9179 1.58134663669933
-2.32464929859719 -2.32590409801466 0.158981399753838 -0.00125479941746232 0.158982974275416 2.31010671658164e-11 100.640704036912 0.00125479941746232 0.9496 1.56539695781757
-14.8496993987976 -14.8509542010723 0.158981392862128 -0.00125480227467811 0.158982967390877 1.2466302384717e-14 100.640708399602 0.00125480227467811 0.9496 1.5655489992324
-6.48296593186373 -6.48453332897954 0.159551121063825 -0.00156739711581277 0.159553577797543 0.000705227953200238 100.281338628762 0.00156739711581277 0.9499 1.56677768410658
3.93787575150301 3.92581282639912 0.171043938255593 -0.012062925103884 0.171189452417655 0.312739828603323 93.5432156390776 0.012062925103884 0.9456 1.59468987718649
-12.7454909819639 -12.7464298665551 0.159518781991552 -0.000938884591198175 0.159519663495827 0.000866547036866613 100.30166855742 0.000938884591198175 0.9502 1.56685632788329
-0.220440881763526 -0.217987015571728 0.163880098500935 0.00245386619179863 0.163886119960223 0.0507768371466887 97.6323552789948 0.00245386619179863 0.9487 1.57831744673453
1.83366733466934 1.86175201648105 0.111213329018759 0.0280846818117106 0.112002078371224 49.5221515036471 143.867647350986 0.0280846818117106 0.9732 1.4329346429219
-10.6913827655311 -10.5678653847933 0.175200731911283 0.123517380737791 0.190457275255608 42.1192093992107 91.3238194010624 0.123517380737791 0.9173 1.58770866048784
-4.42885771543086 -4.43011251782704 0.158981393184811 -0.0012548023961827 0.158982967713864 1.85188963334524e-14 100.640708195333 0.0012548023961827 0.949 1.56541015678401
8.09619238476954 8.09493758248109 0.158981392827267 -0.00125480228844665 0.15898296735605 6.60024161549161e-24 100.64070842167 0.00125480228844665 0.9499 1.56554171247947
6.09218436873747 6.09092950863947 0.158981564398886 -0.00125486009800646 0.158983139072751 4.76265857100961e-10 100.640599811031 0.00125486009800646 0.9487 1.56539886831357
-8.53707414829659 -8.66189308386999 0.176119571188703 -0.1248189355734 0.19169933786638 40.4035941350844 90.8473708629281 0.1248189355734 0.9149 1.59261459537226
-2.27454909819639 -2.27580389589675 0.158981403833071 -0.00125479770035541 0.15898297835034 4.52794035403522e-11 100.640701454617 0.00125479770035541 0.9496 1.56538496491752
-14.7995991983968 -14.8008540006615 0.158981392887081 -0.00125480226473407 0.158982967415805 2.65281577875816e-14 100.640708383806 0.00125480226473407 0.9496 1.56551720179006
-6.43286573146293 -6.43436037784787 0.159428807992957 -0.00149464638494212 0.159431041960773 0.000455361593633475 100.358274024772 0.00149464638494212 0.9499 1.56646475080415
3.98797595190381 3.97760052661556 0.169544672681278 -0.010375425288248 0.16965232213119 0.230141152179093 94.3704083824442 0.010375425288248 0.9465 1.59132039623913
-12.6953907815631 -12.6962329045308 0.159670210663558 -0.000842122967691594 0.159670919834651 0.00132661239105036 100.206544060455 0.000842122967691594 0.9498 1.56726853083385
-0.170340681362726 -0.167059402692515 0.164799464964008 0.00328127867021027 0.164810231753719 0.0715763113121224 97.087693843511 0.00328127867021027 0.9488 1.5805546353204
1.88376753507014 1.90322832433065 0.109519965108003 0.019460789260513 0.109898687426645 49.7966897847188 146.092084527434 0.019460789260513 0.9742 1.42879088855267
-10.6412825651303 -10.5159167977206 0.170232787033759 0.125365767409635 0.185949362671966 45.7098111811468 93.9889446609779 0.125365767409635 0.9193 1.57614438674184
-4.37875751503006 -4.38001231738501 0.158981393048939 -0.0012548023549499 0.158982967577889 8.6700175565649e-15 100.640708281344 0.0012548023549499 0.949 1.56538628503888
8.14629258517034 8.14503778288189 0.158981392827267 -0.00125480228844665 0.15898296735605 2.53086256797101e-24 100.640708421671 0.00125480228844665 0.9499 1.56554403866245
6.14228456913828 6.14102972776372 0.158981510144356 -0.00125484137455345 0.158983084771231 2.49930755105118e-10 100.640634155959 0.00125484137455345 0.949 1.5653882376805
-8.48697394789579 -8.60885433459595 0.180715725659581 -0.121880386700163 0.195570554321762 36.8247843588903 88.5368439387485 0.121880386700163 0.9137 1.60307876676994
-2.22444889779559 -2.22570369280282 0.158981410188981 -0.00125479500723014 0.158982984699491 8.8056782691675e-11 100.640697431108 0.00125479500723014 0.9496 1.56539330832532
-14.749498997996 -14.7507538002439 0.158981392929137 -0.00125480224790131 0.158982967457819 5.60105737688521e-14 100.640708357183 0.00125480224790131 0.9496 1.5655031278867
-6.38276553106212 -6.38420345238254 0.159330930539826 -0.00143792132041742 0.15933299815755 0.0002917312823354 100.419924403822 0.00143792132041742 0.9498 1.56620535185381
4.03807615230461 4.02917198070676 0.168160925747146 -0.00890417159785084 0.16824021001899 0.168000103656118 95.1469547929241 0.00890417159785084 0.9476 1.58811878720965
-12.6452905811623 -12.6460095054423 0.159858487817018 -0.000718924279988542 0.159859004669138 0.00201510765373182 100.088523408994 0.000718924279988542 0.9504 1.56774691884401
-0.120240480961924 -0.115981547493962 0.165840214998476 0.00425893346796143 0.165858353512761 0.100099716426964 96.4784084496453 0.00425893346796143 0.9484 1.5831634575979
-10.5911823647295 -10.4647788600683 0.165042282880128 0.126403504661111 0.18102012887074 49.2687455387631 96.9448538931137 0.126403504661111 0.9213 1.56396694265262
1.93386773547094 1.94446015231005 0.10839383569903 0.0105924168391063 0.108506034993524 49.9786896524935 147.60987003381 0.0105924168391063 0.9749 1.42607368607895
-4.32865731462926 -4.32991211695847 0.158981392963707 -0.00125480232921404 0.158982967492592 4.04054934326494e-15 100.640708335299 0.00125480232921404 0.949 1.56534782502916
8.19639278557114 8.1951379832827 0.158981392827267 -0.00125480228844665 0.15898296735605 9.62876866880828e-25 100.640708421671 0.00125480228844665 0.9499 1.56553964275566
6.19238476953908 6.19112994096982 0.158981472554493 -0.00125482856925974 0.158983047149231 1.30131793665171e-10 100.64065795161 0.00125482856925974 0.949 1.56540596197237
-8.43687374749499 -8.55514001596922 0.18492936866537 -0.118266268474231 0.198916278924189 33.2969099552024 86.5195188599383 0.118266268474231 0.912 1.6125744898685
-2.17434869739479 -2.17560348820802 0.158981420019231 -0.00125479081323165 0.158982994519216 1.69909785645993e-10 100.640691208222 0.00125479081323165 0.9496 1.56539037686139
-14.6993987975952 -14.7006535998148 0.158981392999486 -0.00125480221961816 0.158982967528096 1.17334695263081e-13 100.64070831265 0.00125480221961816 0.9496 1.56549818580922
-6.33266533066132 -6.33405926299627 0.159253064419222 -0.00139393233494545 0.159255007466577 0.000185442161591022 100.469024306378 0.00139393233494545 0.9492 1.56600978509835
4.08817635270541 4.08054511124265 0.166898913700729 -0.00763124146275995 0.166957149546992 0.121660446844492 95.8664118610743 0.00763124146275995 0.9478 1.58520262564417
-12.5951903807615 -12.5957534533117 0.160090842875464 -0.000563072550129107 0.16009115992616 0.00303707823643582 99.9432554205899 0.000563072550129107 0.9497 1.56830540678034
-0.0701402805611213 -0.0647346998147777 0.167006361108767 0.00540558074634362 0.167035581411973 0.1388817547835 95.8047339860281 0.00540558074634362 0.9476 1.58602066572963
-4.27855711422846 -4.27981191654172 0.158981392910635 -0.00125480231326236 0.15898296743948 1.87124807086109e-15 100.640708368896 0.00125480231326236 0.949 1.56539350688406
-10.5410821643287 -10.4144879275289 0.159704326545158 0.126594236799779 0.175730427336077 52.7675308474323 100.185138036795 0.126594236799779 0.9245 1.55136634450938
1.98396793587174 1.98555209597056 0.107848052669839 0.00158416009881268 0.107850562233058 50.0258546474244 148.356874360835 0.00158416009881268 0.9755 1.42485241750819
8.24649298597194 8.2452381836835 0.158981392827267 -0.00125480228844665 0.15898296735605 3.63468187383821e-25 100.640708421671 0.00125480228844665 0.9499 1.56554099793263
6.24248496993988 6.24123015008027 0.158981446671523 -0.00125481985961429 0.158983021244403 6.72265141079199e-11 100.64067433641 0.00125481985961429 0.949 1.56540712167276
-8.38677354709419 -8.50082070285636 0.188699944789296 -0.114047155762169 0.201706698526736 29.8559480607831 84.7906978344152 0.114047155762169 0.912 1.62112530314072
-2.12424849699399 -2.12550328132197 0.158981435111246 -0.00125478432798287 0.158983009594956 3.25287543023302e-10 100.640681654459 0.00125478432798287 0.9496 1.56539041615877
-14.6492985971944 -14.6505533993668 0.158981393116275 -0.00125480217244878 0.158982967644767 2.43880109381757e-13 100.640708238718 0.00125480217244878 0.9496 1.56544095082271
-6.28256513026052 -6.28392513242249 0.159191472215074 -0.00136000216196663 0.159193321820955 0.000116958582604071 100.507896417864 0.00136000216196663 0.9491 1.56586385340625
4.13827655310621 4.13173843012907 0.165760670260239 -0.00653812297714751 0.165803417312304 0.087403759790151 96.5247062218105 0.00653812297714751 0.9481 1.58248568041716
-12.5450901803607 -12.5454573640129 0.160375444030273 -0.000367183652164371 0.160375578854107 0.00454170113012208 99.7658968101116 0.000367183652164371 0.9502 1.56911118798245
-0.0200400801603209 -0.0132997672459091 0.168298988555468 0.00674031291441175 0.168344420373652 0.1911578896162 95.0689017048174 0.00674031291441175 0.9468 1.58921971326402
-10.4909819639279 -10.3650693417314 0.15429354221638 0.125912622196433 0.170147530644761 56.1810546006486 103.698442398592 0.125912622196433 0.9271 1.53838624518931
-4.22845691382765 -4.2297117161311 0.158981392877833 -0.00125480230344532 0.158982967406654 8.66418070271407e-16 100.64070838966 0.00125480230344532 0.949 1.56543095867714
2.03406813627254 2.02661099334568 0.107888956144164 -0.00745714292686639 0.107944565124796 50.0158993345622 148.300628459325 0.00745714292686639 0.9753 1.42514064230105
8.29659318637275 8.2953383840843 0.158981392827267 -0.00125480228844665 0.15898296735605 1.36130524964871e-25 100.640708421671 0.00125480228844665 0.9499 1.5655378160767
6.29258517034068 6.29133035637179 0.158981428961429 -0.00125481396888993 0.158983003519526 3.44580923638881e-11 100.640685547504 0.00125481396888993 0.949 1.5654130067143
-8.33667334669339 -8.44597386170203 0.191976521761261 -0.109300515008643 0.203923124342416 26.5374414218929 83.3435247873556 0.109300515008643 0.9115 1.62855078429764
-2.07414829659319 -2.07540307096331 0.158981458111577 -0.00125477437012655 0.158983032570297 6.17888246675937e-10 100.640667094466 0.00125477437012655 0.9487 1.56538355199221
-14.5991983967936 -14.6004531988879 0.158981393308708 -0.0012548020943548 0.158982967837004 5.02944219427479e-13 100.640708116901 0.0012548020943548 0.9496 1.56545810365754
-6.23246492985972 -6.23379889803358 0.15914302576589 -0.00133396817385734 0.159144805236979 7.3190245051165e-05 100.53849311334 0.00133396817385734 0.9493 1.56575644332609
4.18837675350701 4.18277047362171 0.164744768092983 -0.00560627988530715 0.164776198467136 0.0622966186065055 97.1199279055069 0.00560627988530715 0.9486 1.57994588033948
-12.4949899799599 -12.4951125452887 0.160721393346611 -0.000122565328775082 0.160721408368871 0.00673887427289112 99.5511528791592 0.000122565328775082 0.9494 1.57005564188484
0.0300601202404813 0.0383421752872518 0.169715519256876 0.00828205504677043 0.169784111692674 0.261009359147055 94.2754090495571 0.00828205504677043 0.9453 1.59253973982394
-10.4408817635271 -10.3165373434806 0.148882028473242 0.124344420046427 0.164343563269924 59.4875477734083 107.467638398516 0.124344420046427 0.9319 1.525297292965
2.08416833667335 2.06774425929015 0.10851621754703 -0.0164240773831992 0.108785967864919 49.8677638510036 147.443399352413 0.0164240773831992 0.9743 1.42693009277967
-4.17835671342685 -4.1796115157243 0.158981392857712 -0.00125480229744745 0.158982967386517 4.01226527280939e-16 100.640708402398 0.00125480229744745 0.949 1.56545968170193
8.34669338677355 8.3454385844851 0.158981392827267 -0.00125480228844665 0.15898296735605 5.05869033765438e-26 100.640708421671 0.00125480228844665 0.9499 1.56553625099764
6.34268537074148 6.34143056073394 0.158981416920883 -0.00125481000754313 0.158982991469038 1.75240841936403e-11 100.640693169582 0.00125481000754313 0.949 1.56543104913022
-8.28657314629259 -8.39068217515557 0.194719661138348 -0.104109028862984 0.205558351029142 23.374898827864 82.1694116888999 0.104109028862984 0.9141 1.6349504027773
-2.02404809619238 -2.0253028553794 0.158981492907918 -0.00125475918701889 0.158983067328536 1.16451717515703e-09 100.640645067204 0.00125475918701889 0.9487 1.56539497330712
-14.5490981963928 -14.5503529983588 0.158981393623405 -0.00125480196599881 0.158982968151379 1.02909809698867e-12 100.640707917687 0.00125480196599881 0.9496 1.56541612489544
-6.18236472945892 -6.18367882551305 0.159105129389941 -0.00131409605413157 0.15910685623838 4.54434436956021e-05 100.562439824216 0.00131409605413157 0.9491 1.56567234155648
4.23847695390782 4.23365934102601 0.163847027986609 -0.00481761288181026 0.163870237380488 0.0440516777859154 97.6520611732282 0.00481761288181026 0.9497 1.57774252633827
0.0801603206412835 0.0902092670688899 0.17124897251258 0.0100489464276064 0.171349953836885 0.353520363630086 93.4312175147484 0.0100489464276064 0.945 1.59607746730966
-12.4448897795591 -12.444708861211 0.161138681718447 0.000180918348103631 0.161138714449896 0.0099211905108201 99.2933529638546 0.000180918348103631 0.95 1.57109948397618
2.13426853707415 2.10905820953117 0.109722808701019 -0.0252103275429798 0.110358369315844 49.5774740526546 145.82200537354 0.0252103275429798 0.9741 1.43021448336695
-10.3907815631263 -10.2688952408986 0.143537627042205 0.121886322227693 0.158393902588398 62.6683520395511 111.469029617547 0.121886322227693 0.9369 1.51217856203218
-4.12825651302605 -4.12951131531986 0.158981392845461 -0.00125480229380948 0.158982967374258 1.87664567197863e-16 100.640708410153 0.00125480229380948 0.949 1.56547414359985
8.39679358717435 8.3955387848859 0.158981392827267 -0.00125480228844665 0.15898296735605 1.86515158341056e-26 100.640708421671 0.00125480228844665 0.9499 1.56553653626216
6.39278557114228 6.39153076378307 0.158981408787971 -0.00125480735921712 0.15898298332948 8.84245571058946e-12 100.640698317995 0.00125480735921712 0.949 1.56543826976589
-8.23647294589178 -8.33503170260142 0.196902824704614 -0.0985587567096378 0.206616653228763 20.3981718257814 81.2583568773206 0.0985587567096378 0.9146 1.64021987707827
-1.97394789579158 -1.97520263198928 0.158981545166114 -0.001254736197702 0.15898311952904 2.17758604182849e-09 100.640611986015 0.001254736197702 0.9487 1.56539853815969
-14.498997995992 -14.5002527977486 0.158981394134202 -0.00125480175656989 0.15898296866165 2.08923479513594e-12 100.640707594335 0.00125480175656989 0.9496 1.56542719022368
-6.13226452905812 -6.13356353370353 0.159075646704445 -0.00129900464541333 0.159077334117514 2.79953378608174e-05 100.581077817192 0.00129900464541333 0.9493 1.56560323193347
4.28857715430862 4.28442233472534 0.163061187188387 -0.00415481958328012 0.163078449714157 0.0309052123764502 98.1226757629019 0.00415481958328012 0.9504 1.57564642631435
0.130260521042084 0.142318138196398 0.17288726429558 0.012057617154314 0.17303265042702 0.474941088877725 92.5458567766176 0.012057617154314 0.9438 1.59980577830683
-12.3947895791583 -12.3942346082867 0.161638093788646 0.000554970871647242 0.161638401781314 0.014492696945002 98.9865669965228 0.000554970871647242 0.9503 1.57253651641522
2.18436873747495 2.15065638781075 0.111494841608434 -0.0337123496641993 0.112631364128315 49.2836227982992 143.504396877763 0.0337123496641993 0.9732 1.43492145138187
-10.3406813627255 -10.2221357976721 0.138322561125976 0.118545565053394 0.152375612119805 65.6993961929245 115.671658113879 0.118545565053394 0.9406 1.49910120592884
-4.07815631262525 -4.07941111491687 0.158981392838059 -0.00125480229161923 0.15898296736685 9.01198492567012e-17 100.640708414839 0.00125480229161923 0.949 1.56548808249723
8.44689378757515 8.4456389852867 0.158981392827267 -0.00125480228844665 0.15898296735605 6.82312979907993e-27 100.640708421671 0.00125480228844665 0.9499 1.56553653626216
6.44288577154309 6.44163096594383 0.158981403330674 -0.00125480559925872 0.158982977867766 4.4269428688112e-12 100.640701772651 0.00125480559925872 0.949 1.56545407014118
-8.18637274549098 -8.27910994517197 0.198513227327768 -0.0927371996809896 0.20711341553244 17.6319882220887 80.5991631659999 0.0927371996809896 0.9157 1.64430761186688
-1.92384769539078 -1.92510239702024 0.158981623078279 -0.00125470162945818 0.158983197354458 4.04015671861099e-09 100.640562665044 0.00125470162945818 0.9487 1.56538837265965
-14.4488977955912 -14.4501525970085 0.158981394957112 -0.00125480141733192 0.158982969483709 4.20834420172223e-12 100.640707073405 0.00125480141733192 0.9496 1.56539744163087
-6.08216432865731 -6.083451930081 0.159052832854867 -0.00128760142368645 0.159054490772294 1.71118206698222e-05 100.595504731435 0.00128760142368645 0.9489 1.56554598274185
4.33867735470942 4.3350756950601 0.162379506981346 -0.00360165964931713 0.162392478933576 0.0215118698828521 98.5346014250312 0.00360165964931713 0.9509 1.5739786355163
0.180360721442886 0.194683091467508 0.174612594260063 0.0143223700246219 0.174817724543186 0.632846578193655 91.6314202180057 0.0143223700246219 0.9438 1.60350598228009
-12.3446893787575 -12.3436764120738 0.162231052514787 0.00101296668370665 0.16223207861629 0.0210060706705226 98.6247685136703 0.00101296668370665 0.9499 1.57404388962901
2.23446893787575 2.19263791051089 0.113811306131022 -0.041831027364859 0.115561140981421 48.8047383631728 140.583572440338 0.041831027364859 0.9715 1.44096369598582
-4.02805611222445 -4.02931091451476 0.158981392833621 -0.00125480229030916 0.158982967362408 4.71536868955668e-17 100.640708417648 0.00125480229030916 0.949 1.56548254739822
-10.2905811623246 -10.1762418025951 0.13329247301491 0.114339359729588 0.146365962198282 68.5707607350809 120.036785559604 0.114339359729588 0.9453 1.48629214548822
8.49699398797595 8.4957391856875 0.158981392827267 -0.00125480228844665 0.15898296735605 2.47654711623666e-27 100.640708421671 0.00125480228844665 0.9499 1.56553653626216
6.49298597194389 6.49173116750711 0.158981399693206 -0.0012548044367815 0.158982974227381 2.19901607072833e-12 100.640704075294 0.0012548044367815 0.949 1.56544037669545
-8.13627254509018 -8.22300389116163 0.199552086060388 -0.0867313460714474 0.207074412451753 15.0948127947491 80.1795677302924 0.0867313460714474 0.9168 1.64729387362683
-1.87374749498998 -1.87500214499802 0.158981738395709 -0.0012546500080437 0.158983312542351 7.43728735120657e-09 100.640489665396 0.0012546500080437 0.9487 1.56539386570578
-14.3987975951904 -14.4000523960622 0.158981396272985 -0.00125480087178609 0.158982970798213 8.41063515361155e-12 100.640706240412 0.00125480087178609 0.9496 1.5653947916002
-6.03206412825651 -6.03334315605115 0.159035273195448 -0.00127902779463529 0.159036909107547 1.03777307469088e-05 100.606611844761 0.00127902779463529 0.9488 1.5655082001478
4.38877755511022 4.38563442063865 0.161793307116187 -0.003143134471566 0.161803186410493 0.0148561460218747 98.8916061188496 0.003143134471566 0.9509 1.57255404663584
0.230460921843688 0.247315206847837 0.176400974903454 0.0168542850041486 0.176685041826455 0.836277014287815 90.7024465638976 0.0168542850041486 0.9425 1.60731951096617
-12.2945891783567 -12.2930191548213 0.162929393093702 0.00157002353536306 0.162931858067604 0.0302100567879428 98.2020475016331 0.00157002353536306 0.9493 1.57582974207336
2.28456913827655 2.23509584584952 0.116643752755273 -0.0494732924270291 0.119091359418844 48.1460575269047 137.169797970827 0.0494732924270291 0.9696 1.44826524550064
-10.2404809619238 -10.1311867799959 0.128495862674013 0.109294181927899 0.140441080877301 71.2627262789247 124.517627782236 0.109294181927899 0.9513 1.47388578547197
-3.97795591182365 -3.97921071411318 0.158981392830979 -0.0012548022895329 0.158982967359765 2.50935230973667e-17 100.64070841932 0.0012548022895329 0.949 1.56551347146978
8.54709418837675 8.54583938608831 0.158981392827267 -0.00125480228844665 0.15898296735605 8.91873003877412e-28 100.640708421671 0.00125480228844665 0.9499 1.56553653626216
-8.08617234468938 -8.16679812044618 0.20003425770419 -0.0806257757568023 0.206534773420576 12.7981636959394 79.9862992651025 0.0806257757568023 0.9188 1.64917621419841
6.54308617234469 6.54183136867098 0.158981397285127 -0.00125480367370656 0.158982971817386 1.08379302358116e-12 100.640705599691 0.00125480367370656 0.949 1.56546585736917
-1.82364729458918 -1.82490186803766 0.158981907842042 -0.00125457344848234 0.15898348179658 1.35838967843134e-08 100.6403824006 0.00125457344848234 0.9487 1.56539782700744
-14.3486973947896 -14.3499521947903 0.158981398361507 -0.00125480000076728 0.158982972884549 1.66778429871768e-11 100.640704918305 0.00125480000076728 0.9496 1.56538453881576
-5.98196392785571 -5.98323654111079 0.159021828860388 -0.00127261325507799 0.159023448404885 6.24459018378936e-06 100.615117526079 0.00127261325507799 0.949 1.56548087136313
4.43887775551102 4.43611216286306 0.161293421010146 -0.00276559264796727 0.161301069512841 0.0101793259604038 99.198094378527 0.00276559264796727 0.9503 1.57128792296932
0.280561122244489 0.300221393424688 0.178221959727513 0.0196602711801991 0.178608485990392 1.09583989379275 89.7756933234419 0.0196602711801991 0.9415 1.61110625681848
-12.2444889779559 -12.2422459461265 0.163745056675565 0.00224303182943864 0.163750087867353 0.0431091857287212 97.7128734438772 0.00224303182943864 0.9498 1.57793566292993
2.33466933867735 2.27811564897538 0.119955983764491 -0.0565536897019769 0.123154303583398 47.3419382695496 133.382258207417 0.0565536897019769 0.967 1.45668634272817
-3.92785571142285 -3.92911051371192 0.15898139282942 -0.00125480228907504 0.158982967358204 1.52377511071591e-17 100.640708420308 0.00125480228907504 0.949 1.56552315985214
-10.190380761523 -10.086935800869 0.123973903768318 0.103444960653997 0.134674763653025 73.7290063904896 129.059419068555 0.103444960653997 0.9547 1.4620066389328
8.59719438877756 8.59593958648911 0.158981392827267 -0.00125480228844665 0.15898296735605 3.18678602484519e-28 100.640708421671 0.00125480228844665 0.9499 1.56553653626216
-8.03607214428858 -8.11057304384299 0.199987298388714 -0.0745008995544101 0.20553768242313 10.7464477460442 80.0050809671968 0.0745008995544101 0.9214 1.64984679664072
-1.77354709418838 -1.77480155486478 0.158982155029014 -0.00125446067639934 0.158983728700602 2.46165760572209e-08 100.640225923973 0.00125446067639934 0.9487 1.56539489942546
6.59318637274549 6.59193156956952 0.158981395701859 -0.00125480317596871 0.15898297023287 5.29977901099363e-13 100.640706601954 0.00125480317596871 0.949 1.56545455279949
-14.2985971943888 -14.2998519930088 0.158981401651814 -0.00125479862004241 0.158982976171391 3.28128932003069e-11 100.640702835428 0.00125479862004241 0.9496 1.56539045689316
-5.93186372745491 -5.93313156484887 0.159011589226526 -0.00126783739395897 0.159013196638183 3.72821189924221e-06 100.621596688821 0.00126783739395897 0.9489 1.56546031055709
4.48897795591182 4.48652118266091 0.160870570639358 -0.00245677325091354 0.160876606374164 0.00692020861923968 99.4588378496466 0.00245677325091354 0.9505 1.57018313901314
0.330661322645291 0.353403421502185 0.180038626058468 0.0227420988568944 0.180555829118885 1.42374927643092 88.8698183844392 0.0227420988568944 0.941 1.61466139806535
-12.1943887775551 -12.1913381497444 0.1646896959643 0.00305062781066212 0.164699002294339 0.0610378746252971 97.1524047470969 0.00305062781066212 0.9497 1.58035184578408
2.38476953907816 2.32177367963787 0.123703827426396 -0.0629958594402864 0.127672305733016 46.2464646312953 129.341188004228 0.0629958594402864 0.9645 1.46606151489968
-10.1402805611222 -10.0434463561827 0.119760593124245 0.0968342049395279 0.129137456370516 75.9922143503491 133.599872734438 0.0968342049395279 0.9583 1.45077562690164
-3.87775551102204 -3.87901031331085 0.158981392828506 -0.0012548022888077 0.15898296735729 9.74808895981413e-18 100.640708420886 0.0012548022888077 0.949 1.56553528415466
8.64729458917836 8.64603978688991 0.158981392827267 -0.00125480228844665 0.15898296735605 1.12978616284398e-28 100.640708421671 0.00125480228844665 0.9499 1.56553653626216
-7.98597194388778 -8.05440334517574 0.199450015056371 -0.0684314012879641 0.204132871738605 8.93730390824169 80.2206006125289 0.0684314012879641 0.9238 1.64966338928058
-1.72344689378757 -1.7247011894761 0.158982513029475 -0.00125429568852753 0.158984086287149 4.42613220300195e-08 100.639999300009 0.00125429568852753 0.9487 1.56540123899999
6.64328657314629 6.64203177029291 0.158981394668115 -0.00125480285338853 0.158982969198316 2.57135851245526e-13 100.64070725635 0.00125480285338853 0.949 1.56545292679725
-14.248496993988 -14.2497517904349 0.158981406797148 -0.00125479644692383 0.158982981311271 6.40534813074772e-11 100.640699578254 0.00125479644692383 0.9496 1.56539787185242
-5.88176352705411 -5.8830278257584 0.159003830970089 -0.00126429870428968 0.159005429421303 2.20847309548263e-06 100.626506307322 0.00126429870428968 0.9489 1.56544153385032
4.53907815631263 4.53687235743542 0.160515663871976 -0.00220579887720529 0.160520529420662 0.00466775918264494 99.6787454510439 0.00220579887720529 0.9503 1.56922949194453
0.380761523046093 0.406856974810832 0.181807862756063 0.0260954517647389 0.182488835358869 1.83377250379802 88.0049947095395 0.0260954517647389 0.9398 1.61799160157282
-12.1442885771543 -12.140275480283 0.165774187691871 0.00401309687130968 0.165790292638369 0.0857509681807768 96.5168354782691 0.00401309687130968 0.9485 1.58308836935173
2.43486973947896 2.36613583483932 0.127835075343119 -0.0687339046396409 0.13255942499013 44.8669347903938 125.161267023584 0.0687339046396409 0.9604 1.47628238642352
-3.82765531062124 -3.8289101129099 0.158981392827974 -0.00125480228865271 0.158982967356758 6.55007693802823e-18 100.640708421222 0.00125480228865271 0.949 1.5655289822058
-10.0901803607214 -10.0006692566853 0.115883175202603 0.0895111040361485 0.123895412948374 78.0090534818862 138.070086291876 0.0895111040361485 0.9614 1.44027483495417
8.69739478957916 8.69613998729071 0.158981392827267 -0.00125480228844665 0.15898296735605 3.97404756352057e-29 100.640708421671 0.00125480228844665 0.9499 1.5655360998826
-7.93587174348697 -7.99835668071198 0.198470607335571 -0.0624849372250038 0.202374974715584 7.36237787982834 80.6164711984149 0.0624849372250038 0.9264 1.64844530088182
-1.67334669338677 -1.67460074932113 0.158983027800767 -0.00125405593436168 0.158984600457054 7.89613525174069e-08 100.639673437662 0.00125405593436168 0.9487 1.56541329065711
-14.1983967935872 -14.1996515866381 0.158981414784067 -0.00125479305091325 0.158982989289668 1.24060788115327e-10 100.64069452226 0.00125479305091325 0.9496 1.56538727293803
6.69338677354709 6.6921319709014 0.158981393997902 -0.00125480264569067 0.158982968527581 1.23782989173625e-13 100.640707680618 0.00125480264569067 0.949 1.56545542613231
-5.83166332665331 -5.83292501587465 0.158997983233886 -0.00126168922134351 0.158999575093577 1.29801085346706e-06 100.630207217559 0.00126168922134351 0.9487 1.5654322611023
4.58917835671343 4.58717522687055 0.160220019740146 -0.00200312984288331 0.160224032269314 0.00312383496333895 99.8626764991646 0.00200312984288331 0.9506 1.56854305106511
0.430861723446894 0.460570768961944 0.183481002777455 0.0297090455150503 0.18436363016287 2.34105164606131 87.202488311046 0.0297090455150503 0.9372 1.62084392438545
-12.0941883767535 -12.0890361833758 0.167008051305874 0.00515219337771633 0.167034596402476 0.119532518792722 95.803764398736 0.00515219337771633 0.9482 1.58614135820936
2.48496993987976 2.41125633405754 0.13228966200795 -0.073713605822221 0.137723357691264 43.2568449824897 120.946714634727 0.073713605822221 0.9566 1.4872029322814
-10.0400801603206 -9.95854952744871 0.112362775227764 0.0815306328719316 0.119010019324261 79.7155292116721 142.395913304627 0.0815306328719316 0.9655 1.43064064758676
-3.77755511022044 -3.778809912509 0.158981392827668 -0.00125480228856345 0.158982967356451 4.98316344248523e-18 100.640708421416 0.00125480228856345 0.949 1.56554140169604
8.74749498997996 8.74624018769151 0.158981392827267 -0.00125480228844665 0.15898296735605 1.38695807007794e-29 100.640708421671 0.00125480228844665 0.9499 1.5655360998826
-7.88577154308617 -7.94249267394888 0.197104517688392 -0.0567211308627042 0.200321804374736 6.00840467813973 81.175206878286 0.0567211308627042 0.9287 1.64644536187814
-1.62324649298597 -1.62450020285412 0.15898376269603 -0.00125370986814577 0.158985334484464 1.39764938435641e-07 100.639208235317 0.00125370986814577 0.9488 1.56541671545372
-14.1482965931864 -14.1495513809677 0.158981427090783 -0.00125478778129029 0.158983001583159 2.38407510171773e-10 100.640686731687 0.00125478778129029 0.9497 1.5653878168582
6.7434869739479 6.74223217143505 0.158981393566461 -0.0012548025128476 0.158982968095807 5.91224961230049e-14 100.640707953735 0.0012548025128476 0.949 1.5654160736435
-5.78156312625251 -5.78282290032951 0.158993598319531 -0.00125977407700884 0.158995185350256 7.56935818775269e-07 100.632982516973 0.00125977407700884 0.9488 1.56542366397655
4.63927855711423 4.63743806726166 0.159975528973826 -0.00184048985256346 0.159978916376724 0.0020742401467724 100.015296730901 0.00184048985256346 0.9505 1.56791172454446
0.480961923847696 0.514525786464275 0.185004825040558 0.0335638626165794 0.186131357914303 2.96176699854978 86.4842308652889 0.0335638626165794 0.9361 1.62329037332748
-12.0440881763527 -12.0375973118922 0.168398779143733 0.00649086446053992 0.168440910465178 0.165324056480081 95.0125653009845 0.00649086446053992 0.9476 1.58954584349342
2.53507014028056 2.45717669824961 0.137000157053857 -0.0778934420309567 0.143067545365287 41.4260091917411 116.788187284414 0.0778934420309567 0.9509 1.49865294050922
-3.72745490981964 -3.72870971210815 0.158981392827493 -0.00125480228851194 0.158982967356276 4.09380874745844e-18 100.640708421527 0.00125480228851194 0.949 1.56554895099384
-9.98997995991984 -9.91702727026104 0.109215172833606 0.0729526896588037 0.114537267762059 81.1051931154606 146.499791053545 0.0729526896588037 0.9677 1.42188028113738
-7.83567134268537 -7.88686222531261 0.19541211764251 -0.0511908826272434 0.198032624106666 4.85845640197479 81.8782386324201 0.0511908826272434 0.9306 1.64371635735517
8.79759519038076 8.79634038809231 0.158981392827267 -0.00125480228844665 0.15898296735605 4.8027177559236e-30 100.640708421671 0.00125480228844665 0.9499 1.5655360998826
-1.57314629258517 -1.57439950626573 0.158984804351366 -0.0012532136805623 0.158986374895895 2.45456963930895e-07 100.638548855518 0.0012532136805623 0.9486 1.5654188064308
-14.0981963927856 -14.0994511724474 0.158981445914758 -0.00125477966179588 0.158983020386757 4.54568090212824e-10 100.640674815468 0.00125477966179588 0.949 1.56538154213726
6.7935871743487 6.79233237192024 0.158981393290716 -0.00125480242845288 0.158982967819851 2.80180572786505e-14 100.640708128291 0.00125480242845288 0.949 1.56539732368564
-5.7314629258517 -5.73272130100358 0.158990327277985 -0.00125837515187843 0.158991910786008 4.3795972153632e-07 100.635052923848 0.00125837515187843 0.9488 1.56541874859968
4.68937875751503 4.68766798531596 0.159774758174966 -0.0017107721990719 0.159777684916483 0.00136653879999755 100.140974599246 0.0017107721990719 0.9501 1.56734513659996
0.531062124248498 0.568694680074361 0.18632292919097 0.037632555825863 0.187739138448957 3.71261506099435 85.872415539372 0.037632555825863 0.9345 1.62516329616997
-11.9939879759519 -11.9859351086876 0.169951090813296 0.00805286726430587 0.170015939484473 0.226872651487529 94.1447326017883 0.00805286726430587 0.9462 1.5932022342848
2.58517034068136 2.50392496499984 0.141892624149311 -0.0812453756815219 0.148493435218943 39.410666233013 112.761322837778 0.0812453756815219 0.9461 1.51039761884598
-3.67735470941884 -3.67860951170732 0.158981392827394 -0.00125480228848307 0.158982967356177 3.67518924073097e-18 100.64070842159 0.00125480228848307 0.9485 1.56555652081799
-9.93987975951904 -9.87603847263085 0.106451651467717 0.0638412868881879 0.110527361379257 82.2086610489951 150.302975852396 0.0638412868881879 0.9703 1.41407169833332
-7.78557114228457 -7.83150713825951 0.193456358796258 -0.0459359959749417 0.195566474522468 3.89321789328774 82.7059916745908 0.0459359959749417 0.9314 1.6403262036899
-1.52304609218437 -1.52429859915632 0.158986270292059 -0.00125250697195467 0.158987839065773 4.27706588434969e-07 100.637620912849 0.00125250697195467 0.9491 1.56540575883289
8.84769539078156 8.84644058849312 0.158981392827267 -0.00125480228844665 0.15898296735605 1.6500771866315e-30 100.640708421671 0.00125480228844665 0.9499 1.5655360998826
-14.0480961923848 -14.0493509596234 0.158981474496982 -0.00125476723860984 0.158983048937805 8.59946824717913e-10 100.640656721949 0.00125476723860984 0.9487 1.56538766637046
6.8436873747495 6.8424325723743 0.158981393115755 -0.00125480237520215 0.158982967644756 1.31739720595967e-14 100.640708239047 0.00125480237520215 0.949 1.56538618258958
-5.6813627254509 -5.68262008355624 0.158987899771838 -0.00125735810534255 0.158989480721243 2.51422155483563e-07 100.636589469774 0.00125735810534255 0.9488 1.5654138875163
4.73947895791583 4.73787102374413 0.159611006456148 -0.00160793417170702 0.159613591908449 0.000893258879858987 100.24371348348 0.00160793417170702 0.95 1.56697024989514
0.581162324649299 0.623041394404802 0.187377461279746 0.0418790697555032 0.189131317763333 4.6100854180287 85.3891385373864 0.0418790697555032 0.9327 1.62633687893133
-11.9438877755511 -11.9340255032728 0.171666133148211 0.00986227227825331 0.171763397562701 0.308897605955625 93.2041731620186 0.00986227227825331 0.946 1.59712328381671
2.63527054108216 2.55151518019958 0.146887876129853 -0.0837553608825816 0.153902836606425 37.158348555943 108.926620913598 0.0837553608825816 0.9417 1.522300351615
-3.62725450901804 -3.6285093113065 0.158981392827339 -0.00125480228846619 0.158982967356122 3.56077665570524e-18 100.640708421624 0.00125480228846619 0.9487 1.56556131054087
-9.88977955911824 -9.83551574834089 0.10407986593648 0.0542638107773463 0.107024427096559 83.0949340939953 153.728099628461 0.0542638107773463 0.9727 1.40732364252497
-7.73547094188377 -7.77646004730019 0.191300509919726 -0.0409891054164229 0.192980616682564 3.09217734382662 83.6380415646251 0.0409891054164229 0.9345 1.63641090132285
-1.47294589178357 -1.47419739885668 0.158988318659397 -0.00125150707310895 0.158989884929351 7.39451992773186e-07 100.636324321896 0.00125150707310895 0.949 1.56542378013999
8.89779559118237 8.89654078889392 0.158981392827267 -0.00125480228844665 0.15898296735605 5.62490143622641e-31 100.640708421671 0.00125480228844665 0.9499 1.5655360998826
-13.997995991984 -13.9992507403467 0.158981517579973 -0.00125474836273831 0.158983091973427 1.61412777142043e-09 100.640629448964 0.00125474836273831 0.9487 1.56539765632646
6.8937875751503 6.89253277280847 0.158981393005551 -0.00125480234183417 0.158982967534468 6.14594853354808e-15 100.64070830881 0.00125480234183417 0.949 1.56538099255199
-5.6312625250501 -5.63251914721229 0.158986107610032 -0.00125662216218725 0.158987686709291 1.43207932958823e-07 100.637723889973 0.00125662216218725 0.9488 1.56541166887638
4.78957915831663 4.78805227234175 0.159478323349741 -0.00152688597488559 0.159480654730522 0.000579329291119515 100.327114456248 0.00152688597488559 0.9501 1.56662423591732
0.631262525050101 0.677521050308438 0.188111139436231 0.0462585252583372 0.190250990595307 5.66954104682323 85.056100600698 0.0462585252583372 0.9314 1.62669310995659
-11.8937875751503 -11.8818447255731 0.173540656404291 0.011942849577153 0.173683288060314 0.417272497474419 92.1974154732099 0.011942849577153 0.945 1.60133623787474
-7.68537074148297 -7.72174462076906 0.189006086867445 -0.0363738792860975 0.190329145961765 2.43465316694172 84.653358339836 0.0363738792860975 0.9357 1.63205690634028
2.68537074148297 2.599947201249 0.151903124868959 -0.0854235402339678 0.159200306095063 34.8098087252103 105.330288720542 0.0854235402339678 0.9387 1.53414004281336
-3.57715430861723 -3.57840911090569 0.158981392827311 -0.00125480228845598 0.158982967356094 3.67944048854809e-18 100.640708421643 0.00125480228845598 0.9489 1.56554702446557
-9.83967935871743 -9.79538900085799 0.102104679796691 0.0442903578594436 0.104066315596009 83.796340970321 156.701926217866 0.0442903578594436 0.9749 1.40164470431174
-1.42284569138276 -1.42409579303819 0.158991160518206 -0.00125010165542805 0.158992723272354 1.26843287094661e-06 100.634525516077 0.00125010165542805 0.9489 1.56543065284764
8.94789579158317 8.94664098929472 0.158981392827267 -0.00125480228844665 0.15898296735605 1.90247533761943e-31 100.640708421671 0.00125480228844665 0.9499 1.5655360998826
-13.9478957915832 -13.9491505114641 0.158981582048932 -0.0012547198809596 0.158983156370912 3.00606183565337e-09 100.640588637968 0.0012547198809596 0.9487 1.56539945244409
6.9438877755511 6.94263297323003 0.158981392936646 -0.00125480232107211 0.158982967465511 2.84481849084909e-15 100.64070835243 0.00125480232107211 0.949 1.56536805711769
-5.5811623246493 -5.58241841677676 0.158984791399742 -0.00125609212746181 0.158986369167174 8.09328202420809e-08 100.638557053993 0.00125609212746181 0.9488 1.56540921204848
4.83967935871744 4.83821597956085 0.159371496429764 -0.00146337915658279 0.15937363790832 0.000372792037459361 100.394363850698 0.00146337915658279 0.9501 1.5663164758933
-7.63527054108216 -7.66737600214364 0.186631061446122 -0.0321054610614775 0.187661822076093 1.90061432117342 85.730638169354 0.0321054610614775 0.9375 1.62749405548597
0.681362725450903 0.732080127695061 0.188469498775651 0.0507174022441585 0.191041753666047 6.90413469094123 84.894373381053 0.0507174022441585 0.9308 1.62609174594789
-11.8436873747495 -11.8293700346979 0.17556620657103 0.0143173400516137 0.175771192797183 0.559216416003339 91.1337113929541 0.0143173400516137 0.9444 1.6058385323838
2.73547094188377 2.64920683805105 0.156853988893908 -0.0862641038327161 0.16429548450397 32.3513511579029 102.005694039582 0.0862641038327161 0.9338 1.54578821591357
-1.37274549098196 -1.3739936301821 0.158995075259439 -0.00124813920014 0.158996633110902 2.15883004089637e-06 100.632047715265 0.00124813920014 0.949 1.56541442456623
-3.52705410821643 -3.52830891050488 0.158981392827299 -0.00125480228844888 0.158982967356082 4.2663163102702e-18 100.64070842165 0.00125480228844888 0.9496 1.56554656711322
-9.78957915831663 -9.75558600711231 0.100528934301571 0.0339931512043243 0.101684468630371 84.3129313447762 159.15815790907 0.0339931512043243 0.9767 1.39711962414961
8.99799599198397 8.99674118969552 0.158981392827267 -0.00125480228844665 0.15898296735605 6.38434894971384e-32 100.640708421671 0.00125480228844665 0.9499 1.5655360998826
-13.8977955911824 -13.8990502683828 0.15898167782136 -0.00125467720043915 0.158983252036237 5.55458514525548e-09 100.640528010897 0.00125467720043915 0.9487 1.56538989980642
6.9939879759519 6.99273317364366 0.158981392893882 -0.00125480230824326 0.158982967422714 1.30651279441865e-15 100.640708379501 0.00125480230824326 0.949 1.56542622019194
-5.5310621242485 -5.53231783643515 0.158983829813323 -0.00125571218664966 0.158985406626418 4.5381230015709e-08 100.639165749039 0.00125571218664966 0.9487 1.56540739898867
4.88977955911824 4.88836566075589 0.15928601646333 -0.00141389836234396 0.159288015571909 0.000238013131482183 100.448239935007 0.00141389836234396 0.9497 1.56610974922412
-7.58517034068136 -7.61336144816735 0.184228410535477 -0.0281911074859833 0.185023149076763 1.47128261311006 86.8487110836732 0.0281911074859833 0.9385 1.62273498549863
-1.32264529058116 -1.32389070739841 0.159000429656062 -0.00124541681724399 0.159001980719111 3.6455484698622e-06 100.628658894885 0.00124541681724399 0.9489 1.5654484346078
0.731462925851703 0.786656970552289 0.18840324725967 0.0551940447005855 0.19144962983008 8.32362775215359 84.924226268498 0.0551940447005855 0.9294 1.62451135387316
-11.7935871743487 -11.7765805544232 0.177728381956968 0.0170066199254943 0.178017607078258 0.743484501152665 90.0250135843466 0.0170066199254943 0.9435 1.61055916530483
2.78557114228457 2.69926634646024 0.161656785261391 -0.0863047958243346 0.169105303043671 29.7990919001343 98.9751217316911 0.0863047958243346 0.9303 1.55706692872637
-3.47695390781563 -3.47820871010407 0.158981392827299 -0.00125480228844221 0.158982967356082 5.37773561464965e-18 100.64070842165 0.00125480228844221 0.9496 1.56553006611545
-9.73947895791583 -9.71603292486852 0.0993541200745588 0.0234460330473123 0.0999038365402144 84.6368351160876 161.040125844736 0.0234460330473123 0.9782 1.39374342186616
9.04809619238477 9.04684139009632 0.158981392827267 -0.00125480228844665 0.15898296735605 2.12572783221612e-32 100.640708421671 0.00125480228844665 0.9499 1.5655360998826
-13.8476953907816 -13.8489500044619 0.15898181907043 -0.00125461368029178 0.158983393125917 1.01835476550166e-08 100.640438595761 0.00125461368029178 0.9487 1.56539514888283
7.04408817635271 7.04283337405233 0.158981392867539 -0.001254802300374 0.158982967396352 5.95341604840524e-16 100.640708396177 0.001254802300374 0.949 1.56543264972841
-5.4809619238477 -5.48221736497196 0.158983131025484 -0.00125544112426468 0.158984707157901 2.52476973307791e-08 100.63960809424 0.00125544112426468 0.9487 1.56540603759338
4.93987975951904 4.93850420033205 0.159218027082314 -0.00137555918699217 0.159219919245391 0.000150774697009781 100.491133404939 0.00137555918699217 0.9494 1.56599729873249
-7.53507014028056 -7.55970111937394 0.181845039770495 -0.0246309790933816 0.182451724901593 1.12952903978187 87.9870026710296 0.0246309790933816 0.9412 1.61789417296568
-1.27254509018036 -1.27378675500181 0.159007701155656 -0.00124166482144794 0.159009242887184 6.1080243329189e-06 100.624057097318 0.00124166482144794 0.9489 1.56547781368822
0.781563126252506 0.841182623697758 0.187870602702165 0.0596194974452525 0.19142508717779 9.9332126258015 85.1650006433688 0.0596194974452525 0.9282 1.62190133741222
-11.7434869739479 -11.7234582000406 0.180006208730398 0.0200287739073346 0.180407360514629 0.98054329346458 88.8858229549392 0.0200287739073346 0.9427 1.61541479689631
2.83567134268537 2.75008527502207 0.166230998876404 -0.0855860676633 0.173555973854471 27.2099582896733 96.2516023373972 0.0855860676633 0.9272 1.56787053204062
-3.42685370741483 -3.42810850970326 0.158981392827313 -0.00125480228843333 0.158982967356096 6.75531266773554e-18 100.640708421641 0.00125480228843333 0.9496 1.56550973039741
-9.68937875751503 -9.67665473186701 0.0985809308157193 0.0127240256480157 0.0987428316444106 84.851351989382 162.303194619955 0.0127240256480157 0.9794 1.39162448806384
9.09819639278557 9.09694159049712 0.158981392827267 -0.00125480228844665 0.15898296735605 7.02250671676443e-33 100.640708421671 0.00125480228844665 0.9499 1.5655360998826
-13.7975951903808 -13.7988497101689 0.15898202589224 -0.00125451978811775 0.158983599712138 1.85242385521472e-08 100.64030767129 0.00125451978811775 0.9487 1.5653948017893
7.09418837675351 7.09293357445793 0.158981392851433 -0.00125480229558139 0.158982967380234 2.69161080187399e-16 100.640708406372 0.00125480229558139 0.949 1.56543791739632
-5.43086172344689 -5.43211697210725 0.158982625933245 -0.00125524866035231 0.158984201582445 1.39367385907201e-08 100.639927829084 0.00125524866035231 0.9487 1.56541385200088
4.98997995991984 4.98863394592244 0.15916426499176 -0.00134601399739598 0.159166076745441 9.47652989073164e-05 100.525077038042 0.00134601399739598 0.9493 1.56582152699956
-7.48496993987976 -7.50638897820983 0.179521089338936 -0.021419038330075 0.179979864541921 0.860091171428894 89.1260188923654 0.021419038330075 0.9425 1.61304186513987
-1.22244488977956 -1.22368141716758 0.159017505989343 -0.00123652738802704 0.159019034989324 1.01538816055685e-05 100.617852735486 0.00123652738802704 0.9495 1.56550790017725
0.831663326653308 0.895581994976717 0.18683946906085 0.063918668323409 0.190925065221087 11.7324669705062 85.6350110628346 0.063918668323409 0.926 1.61819535649039
-11.6933867735471 -11.6699886735789 0.18237169406305 0.0233980999681762 0.182919165145171 1.28271109964932 87.7329131705517 0.0233980999681762 0.9418 1.6203920745079
2.88577154308617 2.80161165058708 0.170501796522736 -0.0841598924990943 0.177584684028195 24.6252178227858 93.8406534494578 0.0841598924990943 0.925 1.57800726024403
-3.37675350701403 -3.37800830930245 0.158981392827345 -0.00125480228841912 0.158982967356129 9.39037292905669e-18 100.640708421621 0.00125480228841912 0.9496 1.5655028008209
-9.63927855711423 -9.63737560895778 0.0982096847931143 0.00190294815644876 0.0982133060048004 84.914192317003 162.916722863994 0.00190294815644876 0.9793 1.39066586453447
9.14829659318637 9.14704179089793 0.158981392827267 -0.00125480228844665 0.15898296735605 2.3018134828309e-33 100.640708421671 0.00125480228844665 0.9499 1.5655360998826
7.14428857715431 7.14303377486163 0.158981392841661 -0.00125480229268415 0.158982967370455 1.20740161691806e-16 100.640708412558 0.00125480229268415 0.949 1.56550051269731
-13.74749498998 -13.7487493719201 0.158982326557412 -0.00125438194011274 0.158983900031464 3.343300935127e-08 100.640117341735 0.00125438194011274 0.9487 1.56540191197181
-5.38076152304609 -5.38201663570734 0.158982262826445 -0.001255112661247 0.158983838134237 7.6329839596335e-09 100.640157685179 0.001255112661247 0.9487 1.56541289310523
-7.43486973947896 -7.45341375128256 0.17728960522048 -0.0185440118036064 0.177633485594253 0.649645845222124 90.2478178576918 0.0185440118036064 0.9435 1.60828236343338
5.04008016032064 5.03875679347813 0.159121995668795 -0.00132336684250856 0.159123746968595 5.90967479625586e-05 100.551780618082 0.00132336684250856 0.9491 1.56578546058719
-1.17234468937876 -1.17357422791032 0.159030632631104 -0.00122953853155794 0.159032144396104 1.67477659404125e-05 100.609547577632 0.00122953853155794 0.949 1.56552721713905
0.881763527054108 0.949775320082957 0.185289310184518 0.0680117930288485 0.189914914175517 13.7145802804152 86.3514467405951 0.0680117930288485 0.925 1.61348414781751
-11.6432865731463 -11.6161624965457 0.184789616181843 0.0271240766005612 0.185525331713277 1.66423790500917 86.5849517445563 0.0271240766005612 0.941 1.62521595434656
2.93587174348697 2.85378347255994 0.174402438005981 -0.0820882709270325 0.181140922229771 22.0717839547975 91.7418367709474 0.0820882709270325 0.9238 1.58729748038278
-3.32665330661323 -3.32790810890162 0.158981392827409 -0.00125480228839381 0.158982967356192 1.48060481285528e-17 100.64070842158 0.00125480228839381 0.9496 1.56551666551794
-9.58917835671343 -9.5981192825258 0.0982406046734453 -0.00894092581236983 0.0983205448278276 84.8977189378973 162.86544706422 0.00894092581236983 0.9791 1.39090296488899
9.19839679358718 9.19714199129873 0.158981392827267 -0.00125480228844665 0.15898296735605 7.48585753748931e-34 100.640708421671 0.00125480228844665 0.9499 1.5655360998826
7.19438877755511 7.19313397526417 0.158981392835776 -0.0012548022909451 0.158982967364566 5.37383967738481e-17 100.640708416284 0.0012548022909451 0.949 1.56548895073934
-13.6973947895792 -13.6986489704981 0.158982760524086 -0.00125418091890417 0.158984333493864 5.98693395622479e-08 100.63984262983 0.00125418091890417 0.9488 1.56541375072941
-5.33066132264529 -5.33191633967429 0.158982003227816 -0.00125501702900355 0.158983578295559 4.14783353821068e-09 100.64032201854 0.00125501702900355 0.9487 1.56542163005674
-7.38476953907816 -7.40075991499223 0.175176539350021 -0.0159903759140789 0.175432231471894 0.486772817012476 91.3364315756368 0.0159903759140789 0.9448 1.60370059400337
-1.12224448897796 -1.12346458155987 0.159048081039676 -0.00122009258191524 0.159049569665585 2.74078591968625e-05 100.598510182645 0.00122009258191524 0.9494 1.56558829340668
5.09018036072144 5.08887426277649 0.159088948423217 -0.00130609794495395 0.159090654315058 3.65654761833081e-05 100.572668048795 0.00130609794495395 0.9494 1.56562348099154
0.93186372745491 1.00367989080791 0.183212592466271 0.0718161633529948 0.188370153785015 15.8659817962897 87.3302417951734 0.0718161633529948 0.9253 1.60763440490426
-11.5931863727455 -11.5619760418058 0.187217607250688 0.0312103309397234 0.188191692008055 2.14129403820674 85.4620472666106 0.0312103309397234 0.9394 1.63008739443872
2.98597194388778 2.90653047005947 0.177876435347468 -0.0794414738283074 0.184187383111482 19.590017471583 89.9500823071096 0.0794414738283074 0.9228 1.59575106535387
-3.27655310621243 -3.27780790850077 0.158981392827526 -0.00125480228834762 0.158982967356309 2.45145789837972e-17 100.640708421506 0.00125480228834762 0.9496 1.56548778971746
-9.53907815631263 -9.55880934362331 0.0986739497219155 -0.0197311873106845 0.0990632694746049 84.7158804952642 162.150193086336 0.0197311873106845 0.9787 1.39236595289837
9.24849699398798 9.24724219169953 0.158981392827267 -0.00125480228844665 0.15898296735605 2.4154966971273e-34 100.640708421671 0.00125480228844665 0.9499 1.5655360998826
7.24448897795591 7.243234175666 0.15898139283226 -0.00125480228990948 0.158982967361047 2.37307311944402e-17 100.64070841851 0.00125480228990948 0.949 1.56549980553712
-13.6472945891784 -13.6485484789112 0.158983382432439 -0.00125388973279605 0.158984954671901 1.06372023114449e-07 100.639448948693 0.00125388973279605 0.9487 1.56541467202441
-5.28056112224449 -5.28181607235839 0.158981818667976 -0.00125495011390164 0.158983393567764 2.23636158679711e-09 100.640438850527 0.00125495011390164 0.9487 1.56542582484838
-7.33466933867735 -7.34840866772574 0.17320102791564 -0.0137393290483878 0.17338979707834 0.361842466148039 92.3782046362507 0.0137393290483878 0.9458 1.59934362728258
-1.07214428857715 -1.07335169686103 0.159071107941117 -0.00120740828387778 0.159072565775881 4.45027429964654e-05 100.583947689122 0.00120740828387778 0.9491 1.56565656086061
0.981963927855713 1.05721199226674 0.180615693802569 0.0752480644110292 0.186277965000175 18.166461012559 88.5858790182962 0.0752480644110292 0.9251 1.60071171794298
5.14028056112225 5.13898756334731 0.159063253659163 -0.00129299777493674 0.159064925502409 2.2447723776559e-05 100.588914359092 0.00129299777493674 0.9494 1.56562275080311
-11.5430861723447 -11.5074325197381 0.189606576878389 0.03565365260663 0.190877759822584 2.73183290390303 84.3852584832125 0.03565365260663 0.938 1.63444750494134
3.03607214428858 2.95977606210514 0.180879323553276 -0.0762960821834371 0.186700415709818 17.2131984266 88.4567660122156 0.0762960821834371 0.9232 1.60318984046455
-3.22645290581162 -3.22770770809989 0.158981392827741 -0.00125480228826458 0.158982967356523 4.55136615358732e-17 100.64070842137 0.00125480228826458 0.9496 1.56547801981542
-9.48897795591182 -9.51936956241673 0.0995099970435232 -0.0303916065049101 0.100433646789473 84.3726273108617 160.787865293594 0.0303916065049101 0.9776 1.39500595715723
9.29859719438878 9.29734239210033 0.158981392827267 -0.00125480228844665 0.15898296735605 7.7332989637159e-35 100.640708421671 0.00125480228844665 0.9499 1.5655360998826
7.29458917835671 7.29333437606742 0.158981392830174 -0.00125480228929664 0.158982967358959 1.03975494910248e-17 100.64070841983 0.00125480228929664 0.949 1.56552734131845
-13.5971943887776 -13.5984478595203 0.158984267350808 -0.00125347074277826 0.158985838539711 1.87518619378504e-07 100.638888781964 0.00125347074277826 0.9488 1.5654147485661
-5.23046092184369 -5.23171582537101 0.158981688201692 -0.00125490352732349 0.158983262984555 1.19634498159967e-09 100.640521439813 0.00125490352732349 0.9487 1.56540908285461
-7.28456913827655 -7.29633885675858 0.171375888743248 -0.0117697184820278 0.171514415016394 0.266855907077411 93.362024946058 0.0117697184820278 0.9465 1.5953071249038
-1.02204408817635 -1.02323457380664 0.159101278147473 -0.00119048563028756 0.159102695403509 7.16954944111339e-05 100.564874061976 0.00119048563028756 0.9492 1.56571741390291
1.03206412825651 1.11028898156118 0.177519212529366 0.0782248533046661 0.183638340203903 20.5898112606399 90.1310893171814 0.0782248533046661 0.9249 1.59281218979608
5.19038076152305 5.18909765118839 0.159043384256935 -0.00128311033466044 0.159045030629066 1.3673094785846e-05 100.601481003145 0.00128311033466044 0.9489 1.5655661629391
-11.4929859719439 -11.4525428691783 0.191901510596892 0.0404431027655914 0.1935371551582 3.45529218411814 83.3761024091655 0.0404431027655914 0.9355 1.63863128930651
3.08617234468938 3.01343944919522 0.183379931900888 -0.0727328954941577 0.188670005987852 14.9705840637103 87.2505504508946 0.0727328954941577 0.9229 1.60965088702728
-9.43887775551102 -9.47972421685224 0.100748870930611 -0.0408464613412196 0.102417304334711 84.0142817878414 158.810712737612 0.0408464613412196 0.9759 1.39889675212263
-3.17635270541082 -3.17760750769894 0.158981392828126 -0.00125480228811492 0.158982967356909 9.05334838650728e-17 100.640708421126 0.00125480228811492 0.9496 1.56550491660506
9.34869739478958 9.34744259250113 0.158981392827267 -0.00125480228844665 0.15898296735605 2.45649912589668e-35 100.640708421671 0.00125480228844665 0.9499 1.5655360998826
7.34468937875751 7.34343457646858 0.158981392828947 -0.00125480228893693 0.158982967357731 4.52006140136091e-18 100.640708420607 0.00125480228893693 0.949 1.56554352674065
-13.5470941883768 -13.5483470602151 0.158985517599816 -0.00125287183837663 0.158987087287659 3.27986133067113e-07 100.638097366037 0.00125287183837663 0.9489 1.56541883842243
-5.18036072144289 -5.18161559270195 0.158981596507309 -0.00125487125906787 0.158983171209186 6.34986533342341e-10 100.640579485339 0.00125487125906787 0.9487 1.56540622856267
-7.23446893787575 -7.24452783382801 0.169708276217913 -0.0100588959522572 0.169809457605692 0.195260261218705 94.279432662761 0.0100588959522572 0.9479 1.5914735794915
-0.97194388777555 -0.973111942342613 0.15914052154106 -0.0011680545670627 0.159141885892531 0.00011460151037335 100.540075180487 0.0011680545670627 0.949 1.56588967200365
1.08216432865731 1.16283143054044 0.173957652789415 0.0806671018831293 0.180464834115639 23.1049536563332 91.9764077259011 0.0806671018831293 0.9259 1.58399117835517
5.24048096192385 5.2392052769039 0.159028102224874 -0.00127568501994535 0.159029729597144 8.26332409610895e-06 100.611148445796 0.00127568501994535 0.9495 1.5655120719376
-11.4428857715431 -11.3973265016291 0.194042658604223 0.0455592699139586 0.196118305679316 4.33210185184432 82.4560955569788 0.0455592699139586 0.9335 1.64239591664843
3.13627254509018 3.06743775643916 0.185361080036996 -0.0688347886510212 0.190099308165627 12.8860495311706 86.3180123724277 0.0688347886510212 0.9243 1.61505618246555
-3.12625250501002 -3.12750730729787 0.158981392828815 -0.00125480228784669 0.158982967357597 1.8893613843927e-16 100.64070842069 0.00125480228784669 0.9496 1.56549895773422
-9.38877755511022 -9.43979845385137 0.102390222133806 -0.0510208987411485 0.104993354242161 83.4682584928681 156.26492126456 0.0510208987411485 0.9746 1.40392682808608
9.39879759519038 9.39754279290193 0.158981392827267 -0.00125480228844665 0.15898296735605 7.74215549899083e-36 100.640708421671 0.00125480228844665 0.9499 1.5655360998826
7.39478957915832 7.39353477686959 0.15898139282823 -0.00125480228872732 0.158982967357014 1.94962522123573e-18 100.64070842106 0.00125480228872732 0.949 1.56554979978954
-13.496993987976 -13.4982460093655 0.158987271542742 -0.00125202138952396 0.158988839100302 5.69194601478202e-07 100.636987129492 0.00125202138952396 0.9489 1.56542349424583
-5.13026052104208 -5.13151537006674 0.158981532441582 -0.00125484902465711 0.158983107087656 3.3439998348427e-10 100.640620041068 0.00125484902465711 0.9491 1.56539867829358
-7.18436873747495 -7.19295221974662 0.168200434622975 -0.00858348227167038 0.168274110790883 0.141756280229573 95.1246055687333 0.00858348227167038 0.948 1.58805448609839
-0.921843687374748 -0.922982202171093 0.159191194872984 -0.00113851479634464 0.159192491088925 0.000181753245815715 100.50807152221 0.00113851479634464 0.9491 1.56600690075633
1.13226452905812 1.21476524991164 0.169978507384606 0.082500720853526 0.176784876325958 25.6774285423418 94.1295475891973 0.082500720853526 0.9271 1.57432211443681
5.29058116232465 5.28931102606226 0.159016411168521 -0.00127013626238792 0.159018024414646 4.95491491716571e-06 100.618545484866 0.00127013626238792 0.9493 1.56546925729474
-11.3927855711423 -11.3418118483887 0.195967105724215 0.0509737227535645 0.198565426135572 5.38297808334513 81.6463556007039 0.0509737227535645 0.9313 1.64551841142721
3.18637274549098 3.12168814482378 0.186819664366508 -0.0646846006672042 0.191003761929984 10.977149637681 85.6440892036436 0.0646846006672042 0.9248 1.61935347686101
-9.33867735470942 -9.39951869985871 0.104432762549113 -0.0608413451492957 0.108134431828689 82.688746471112 153.208625429931 0.0608413451492957 0.9724 1.41002431579403
-3.07615230460922 -3.07740710689659 0.158981392830035 -0.00125480228737063 0.158982967358815 3.91166560104154e-16 100.640708419918 0.00125480228737063 0.9496 1.56552061565445
9.44889779559118 9.44764299330274 0.158981392827267 -0.00125480228844665 0.15898296735605 2.42103254460884e-36 100.640708421671 0.00125480228844665 0.9499 1.5655360998826
7.44488977955912 7.44363497727051 0.158981392827815 -0.00125480228860653 0.158982967356599 8.34356005786238e-19 100.640708421323 0.00125480228860653 0.949 1.5655631172101
-13.4468937875751 -13.4481446092135 0.158989714795752 -0.0012508216383722 0.158991279350523 9.80077406985325e-07 100.635440604159 0.0012508216383722 0.9492 1.56543282517206
-5.08016032064128 -5.08141515442662 0.158981487947587 -0.00125483378534152 0.158983062555416 1.74727638489338e-10 100.640648207261 0.00125483378534152 0.949 1.56540278708318
-7.13426853707415 -7.14158856506421 0.166850496933997 -0.00732002799006448 0.166904079743772 0.102110512304947 95.8942304279102 0.00732002799006448 0.9485 1.58490194966333
-0.871743486973948 -0.872843353041896 0.159256146922987 -0.00109986606794832 0.159257356628354 0.000286000840989044 100.467079664669 0.00109986606794832 0.9492 1.56610599208351
1.18236472945892 1.26602371180436 0.165640800776194 0.0836589823454426 0.172639626103269 28.2710902568157 96.5945583758582 0.0836589823454426 0.9301 1.56390148097767
5.34068136272545 5.33941535265118 0.159007514681888 -0.00126601007427229 0.159009117463396 2.94788863353721e-06 100.624175102729 0.00126601007427229 0.9495 1.56548468910643
-11.3426853707415 -11.2860366648958 0.197610685048329 0.0566487058456744 0.200819760922318 6.62800116563015 80.9672816836142 0.0566487058456744 0.9287 1.64798074454428
3.23647294589178 3.17610980901981 0.187766142661711 -0.0603631368719695 0.191409850954735 9.25468738307744 85.2123805345804 0.0603631368719695 0.926 1.62256015072246
-9.28857715430862 -9.35881313517212 0.106873665838867 -0.070235980863508 0.111806758846726 81.7570017261167 149.709471219253 0.070235980863508 0.9698 1.41719805488673
-3.02605210420842 -3.02730690649495 0.158981392832179 -0.00125480228653041 0.158982967360957 8.43465915753833e-16 100.640708418561 0.00125480228653041 0.9496 1.56553442012865
9.49899799599199 9.49774319370354 0.158981392827267 -0.00125480228844665 0.15898296735605 7.51160646524043e-37 100.640708421671 0.00125480228844665 0.9499 1.5655360998826
7.49498997995992 7.49373517767138 0.158981392827576 -0.00125480228853725 0.15898296735636 3.5427876349645e-19 100.640708421474 0.00125480228853725 0.949 1.56554725490254
-13.3967935871743 -13.3980427272967 0.158993094377539 -0.00124914012232402 0.158994654728584 1.67438154639722e-06 100.63330148168 0.00124914012232402 0.9494 1.56543245323456
-5.03006012024048 -5.03131494363747 0.158981457234535 -0.00125482339698824 0.158983031816293 9.05838083920689e-11 100.640667649663 0.00125482339698824 0.949 1.56540368548635
-7.08416833667335 -7.09041390025311 0.165653284608889 -0.00624556357976136 0.165692291673318 0.0729800129908158 96.5872788926364 0.00624556357976136 0.9486 1.58204289854297
-0.821643286573146 -0.822692915179653 0.159338784847082 -0.00104962860650781 0.159339886567294 0.000446524880025744 100.414974391547 0.00104962860650781 0.9492 1.5663475036239
1.23246492985972 1.31654929342165 0.161013189396834 0.0840843635619319 0.168083369592449 30.8498197620598 99.3707413655806 0.0840843635619319 0.9333 1.55287176308263
5.39078156312625 5.38951860652453 0.159000780462666 -0.00126295660171927 0.159002375522044 1.74012081536826e-06 100.628436875861 0.00126295660171927 0.9488 1.56543131229646
-11.2925851703407 -11.2300480546537 0.198910167232612 0.0625371156869896 0.20282105807106 8.08550299038269 80.4383215931295 0.0625371156869896 0.9269 1.64960430314957
3.28657314629259 3.23062578763661 0.18822346427858 -0.0559473586559722 0.19135357121916 7.72280159667301 85.0053422474426 0.0559473586559722 0.9276 1.62470780236082
-9.23847695390782 -9.3176122432007 0.109707851067125 -0.0791352892928892 0.115970245078594 80.4658765427758 145.841886832788 0.0791352892928892 0.9667 1.42540675752084
-2.97595190380762 -2.97720670609268 0.158981392835919 -0.00125480228506003 0.158982967364694 1.83115627565285e-15 100.640708416193 0.00125480228506003 0.9496 1.56554864724
9.54909819639279 9.54784339410434 0.158981392827267 -0.00125480228844665 0.15898296735605 2.31237618824575e-37 100.640708421671 0.00125480228844665 0.9499 1.5655360998826
7.54509018036072 7.54383537807223 0.15898139282744 -0.00125480228849728 0.158982967356223 1.49256174396209e-19 100.640708421561 0.00125480228849728 0.949 1.56554654699572
-13.3466933867735 -13.3479401854113 0.158997736379719 -0.00124679863774624 0.158999290886562 2.83820053314731e-06 100.6303634524 0.00124679863774624 0.9492 1.56543095787606
-4.97995991983968 -4.98121473619429 0.158981436165549 -0.00125481635461444 0.158983010729633 4.65943368996456e-11 100.64068098705 0.00125481635461444 0.949 1.56541139231261
-7.03406813627254 -7.03940617478713 0.164601073442198 -0.00533803851458892 0.164629568097381 0.0517542815363302 97.2047123715667 0.00533803851458892 0.949 1.57944816551941
-0.771543086172345 -0.772527839862856 0.159443138710802 -0.000984753690510876 0.159444108450633 0.000691698938171596 100.349253842907 0.000984753690510876 0.9496 1.56654053525857
1.28256513026052 1.36629527533041 0.15617174102497 0.0837301450698877 0.163182478218395 33.3722133738357 102.451313502625 0.0837301450698877 0.9365 1.54138450138712
5.44088176352706 5.4396210557053 0.15899570976237 -0.00126070782175436 0.158997299146582 1.01915723388674e-06 100.631646123742 0.00126070782175436 0.9486 1.56543499887415
-11.2424849699399 -11.1739021861875 0.199805627976844 0.0685827837524222 0.204509226204075 9.77082381041822 80.0778244437355 0.0685827837524222 0.9237 1.65030004283195
3.33667334669339 3.28516452454378 0.188225526546373 -0.0515088221496112 0.190878685305614 6.37951620780331 85.0044108977858 0.0515088221496112 0.929 1.62586043579756
-9.18837675350701 -9.27584944164307 0.112927174410831 -0.0874726881360512 0.120578645580578 78.8677615150538 141.684232191906 0.0874726881360512 0.9631 1.43455928891499
-2.92585170340681 -2.92710650568932 0.158981392842393 -0.00125480228250563 0.158982967371161 3.91830895794386e-15 100.640708412095 0.00125480228250563 0.9496 1.56555423818156
9.59919839679359 9.59794359450514 0.158981392827267 -0.00125480228844665 0.15898296735605 7.06281144273296e-38 100.640708421671 0.00125480228844665 0.9499 1.5655360998826
7.59519038076152 7.59393557847305 0.158981392827363 -0.00125480228847508 0.158982967356146 6.23897080828419e-20 100.640708421609 0.00125480228847508 0.949 1.5655489891758
-13.2965931863727 -13.297836745537 0.159004067790688 -0.00124355916430119 0.159005614230083 4.77338539478621e-06 100.626356434241 0.00124355916430119 0.9491 1.56545867428723
-4.92985971943888 -4.93111453104636 0.158981421803484 -0.00125481160748553 0.158982996355655 2.37798588241563e-11 100.640690078728 0.00125481160748553 0.949 1.56543248789841
-6.98396793587174 -6.98854458947437 0.163684300008824 -0.00457665360263082 0.163705245767023 0.0364166025139329 97.7491427042021 0.00457665360263082 0.95 1.57709175711785
-0.721442885771543 -0.722344410670025 0.159573920289343 -0.00090152489848172 0.159574733036486 0.00106311799448081 100.267010868621 0.00090152489848172 0.9493 1.56702898315856
1.33266533066132 1.41522704318976 0.151197528396633 0.0825617125284384 0.158013964772261 35.8093655750234 105.821835645538 0.0825617125284384 0.9401 1.52956396596357
5.49098196392786 5.48972290434779 0.158991911675976 -0.00125905958006456 0.158993496907002 5.92238233988037e-07 100.634050067955 0.00125905958006456 0.9487 1.56542978684015
-11.1923847695391 -11.117663689983 0.200242871425907 0.0747210795560438 0.205826111155928 11.6950339701251 79.9029692596085 0.0747210795560438 0.9215 1.65009819060202
3.38677354709419 3.33966113655576 0.187815262778387 -0.0471124105384266 0.190034842005128 5.21764136758944 85.1900945818192 0.0471124105384266 0.9301 1.62606046958125
-9.13827655310621 -9.23346179759496 0.116519562970692 -0.0951852444887482 0.125579793739074 77.0038935772389 137.315997349085 0.0951852444887482 0.9594 1.44469503889938
-2.87575150300601 -2.87700630528411 0.158981392853515 -0.00125480227810026 0.158982967382272 8.40319116339556e-15 100.640708405055 0.00125480227810026 0.9496 1.5655988025926
9.64929859719439 9.64804379490594 0.158981392827267 -0.00125480228844665 0.15898296735605 2.14037661435119e-38 100.640708421671 0.00125480228844665 0.9499 1.5655360998826
7.64529058116232 7.64403577887386 0.15898139282732 -0.00125480228846264 0.158982967356103 2.58753994626736e-20 100.640708421637 0.00125480228846264 0.949 1.56555275262865
-13.2464929859719 -13.2477320920467 0.159012643138029 -0.00123910607473476 0.159014178521893 7.96535073677249e-06 100.620929784252 0.00123910607473476 0.9491 1.56549375387197
-4.87975951903808 -4.88101432746408 0.158981412076082 -0.00125480842600112 0.158982986620268 1.20414551367167e-11 100.640696236507 0.00125480842600112 0.949 1.56544974263988
-6.93386773547094 -6.9378098302738 0.162892191856169 -0.00394209480286101 0.162907731967604 0.0254251836796991 98.2244748362628 0.00394209480286101 0.9503 1.57521599350283
-0.671342685370741 -0.672138136556288 0.159736571240252 -0.000795451185546803 0.159737203982841 0.00162120703810726 100.164914494973 0.000795451185546803 0.9498 1.56742598718869
1.38276553106212 1.46332305953784 0.146174174624955 0.0805575284757161 0.152663690019071 38.1298092353582 109.458459683811 0.0805575284757161 0.9451 1.51762190494701
5.54108216432866 5.53982430708358 0.158989081729489 -0.00125785724507654 0.158990663934338 3.4146418000499e-07 100.635841316595 0.00125785724507654 0.9489 1.56540965472615
-11.1422845691383 -11.0614047374955 0.200175770702208 0.0808798316428234 0.206717317868779 13.863746973339 79.9297534555392 0.0808798316428234 0.92 1.64887501997705
3.43687374749499 3.39405836156284 0.187042483094213 -0.0428153859321458 0.188875640366731 4.22588963114529 85.542063681548 0.0428153859321458 0.9319 1.62541274278891
-9.08817635270541 -9.19039082282776 0.120468133962137 -0.102214470122348 0.130915931864529 74.9084546449634 132.815205762453 0.102214470122348 0.9554 1.45557240245785
-2.82565130260521 -2.82690610487577 0.158981392872476 -0.00125480227055919 0.158982967401214 1.7954721135078e-14 100.640708393051 0.00125480227055919 0.9496 1.56554167933278
9.69939879759519 9.69814399530674 0.158981392827267 -0.00125480228844665 0.15898296735605 6.43570671523139e-39 100.640708421671 0.00125480228844665 0.9499 1.5655360998826
7.69539078156313 7.69413597927467 0.158981392827296 -0.00125480228845554 0.158982967356079 1.06476712706277e-20 100.640708421652 0.00125480228845554 0.9494 1.5655586945013
-6.88376753507014 -6.88718421450201 0.162213312005124 -0.00341667943186774 0.162224985703464 0.0176132779179124 98.6355546423623 0.00341667943186774 0.9505 1.57347545204367
-4.82965931863727 -4.83091412494363 0.158981405530642 -0.00125480630635533 0.158982980069508 6.04981680368815e-12 100.640700379996 0.00125480630635533 0.949 1.56544000665019
-13.1963927855711 -13.1976258094295 0.15902417661722 -0.00123302385835977 0.159025696965055 1.31879876092653e-05 100.61363209264 0.00123302385835977 0.949 1.56549230587299
-0.62124248496994 -0.621903638737701 0.15993729475481 -0.000661153767761102 0.159937731879115 0.00245294474385978 100.039206143436 0.000661153767761102 0.95 1.5679199197522
1.43286573146293 1.51057549055133 0.141185480411428 0.0777097590884093 0.147224287069007 40.2701031228868 113.326100909063 0.0777097590884093 0.9493 1.50577706817854
5.59118236472946 5.58992538038891 0.158986984218655 -0.00125698434054744 0.158988564228288 1.95338264515197e-07 100.637169002433 0.00125698434054744 0.9489 1.5654114832794
-11.0921843687375 -11.0052038202788 0.199568381419361 0.0869805484586283 0.207133997229525 16.2761666405659 80.1730208272749 0.0869805484586283 0.9181 1.64652028083457
3.48697394789579 3.44830717998976 0.185961595825188 -0.0386667679060313 0.187456714765487 3.39006922995726 86.0392702536317 0.0386667679060313 0.9331 1.62400366862122
-9.03807615230461 -9.14658333899805 0.124750351282947 -0.108507186693441 0.136524160847072 72.5680688145004 128.256151870148 0.108507186693441 0.9511 1.46717518456357
-2.77555110220441 -2.77680590446216 0.158981392904559 -0.00125480225774677 0.158982967433265 3.80633095559111e-14 100.640708372742 0.00125480225774677 0.9496 1.56551379803952
9.74949899799599 9.74824419570755 0.158981392827267 -0.00125480228844665 0.15898296735605 1.91997579450132e-39 100.640708421671 0.00125480228844665 0.9499 1.5655360998826
7.74549098196393 7.74423617967548 0.158981392827282 -0.00125480228845198 0.158982967356065 4.34726052750018e-21 100.640708421661 0.00125480228845198 0.9499 1.56555924805428
-6.83366733466934 -6.8366517618745 0.161636014354697 -0.00298442720516423 0.16164492116044 0.0121067337717941 98.9878404505155 0.00298442720516423 0.9504 1.57204546925939
-4.77955911823647 -4.78081392313911 0.158981401155426 -0.00125480490264174 0.158982975690769 3.01577556103291e-12 100.640703149659 0.00125480490264174 0.949 1.56544515021974
-0.571142284569138 -0.57163453435431 0.160183063812074 -0.00049224978517215 0.160183306121925 0.00368238153840014 99.8857158755003 0.00049224978517215 0.9501 1.56859252000428
1.48296593186373 1.55699048945272 0.136313246937832 0.0740245575889944 0.141792882064079 42.2437460885209 117.376706662244 0.0740245575889944 0.9536 1.4941220897234
-13.1462925851703 -13.1475173546639 0.159039580334257 -0.00122476949359296 0.159041080394569 2.16644497202243e-05 100.603887198221 0.00122476949359296 0.9489 1.5655458404938
5.64128256513026 5.64002621152438 0.158985437773395 -0.00125635360587673 0.158987016197778 1.10872275020434e-07 100.638147896319 0.00125635360587673 0.9487 1.56540277089674
-11.0420841683367 -10.9491442632218 0.198396691493839 0.0929399051148501 0.207034517456597 18.9245051474182 80.646506146484 0.0929399051148501 0.9177 1.64311385175322
3.53707414829659 3.50236711938618 0.184629335120908 -0.0347070289104128 0.185833912976696 2.69423577568178 86.6601181741901 0.0347070289104128 0.9353 1.62193512791746
-8.98797595190381 -9.10199239548813 0.129337278744255 -0.114016443584324 0.142337028151873 69.9518146459522 123.707566413528 0.114016443584324 0.9468 1.47934812064243
-2.72545090180361 -2.72670570403974 0.158981392958435 -0.00125480223613739 0.158982967487087 7.99553327487174e-14 100.640708338636 0.00125480223613739 0.9496 1.56550360325621
9.79959919839679 9.79834439610835 0.158981392827267 -0.00125480228844665 0.15898296735605 5.68314483879648e-40 100.640708421671 0.00125480228844665 0.9499 1.5655360998826
7.79559118236473 7.79433638007628 0.158981392827275 -0.00125480228844932 0.158982967356058 1.76104382172649e-21 100.640708421665 0.00125480228844932 0.9499 1.56555037116649
-6.78356713426854 -6.78619820337749 0.16114881128873 -0.00263106910895239 0.161155733813386 0.00825702193922855 99.2871115340272 0.00263106910895239 0.9503 1.57084425811524
-4.72945891783567 -4.73071372181442 0.158981398250487 -0.00125480397874345 0.158982972783512 1.49158959050203e-12 100.640704988585 0.00125480397874345 0.949 1.56546554859945
-0.521042084168336 -0.521323321060777 0.160481598242375 -0.000281236892440639 0.160481677336565 0.00548479976355719 99.6999043830259 0.000281236892440639 0.9496 1.56948655895465
1.53306613226453 1.60258815198087 0.131635385348642 0.0695220197163433 0.136468696574082 44.0103000998882 121.547864638549 0.0695220197163433 0.9574 1.4828817230897
-13.0961923847695 -13.097406023293 0.159060009191705 -0.0012136385234669 0.15906148211017 3.53112124110787e-05 100.59096614735 0.0012136385234669 0.949 1.5655672384183
5.69138276553106 5.69012686551475 0.158984303660066 -0.00125590001631792 0.158985880944917 6.24384415890569e-08 100.638865797787 0.00125590001631792 0.9487 1.56539840999789
-10.9919839679359 -10.8933125208414 0.196649890877985 0.0986714470945049 0.206385945349708 21.7938761774007 81.3628725068935 0.0986714470945049 0.9156 1.6383866640834
3.5871743486974 3.55620626570914 0.183102610180824 -0.0309680829882604 0.184061632344792 2.12171515075293 87.3826975169773 0.0309680829882604 0.9364 1.61931176989091
-8.93787575150301 -9.05657821518777 0.134192994222266 -0.118702463684764 0.148283269107099 67.1974625547888 119.231261607435 0.118702463684764 0.9425 1.49197631041848
-2.67535070140281 -2.67660550360277 0.158981393048227 -0.00125480219995922 0.158982967576788 1.66866207060169e-13 100.640708281795 0.00125480219995922 0.9496 1.56546535085122
-6.73346693386774 -6.73581094073061 0.16074065827373 -0.00234400686287639 0.160746152641903 0.0055876376767271 99.5392215748747 0.00234400686287639 0.9505 1.56978876453722
7.84569138276553 7.84443658047709 0.158981392827271 -0.00125480228844843 0.158982967356054 7.0781232420323e-22 100.640708421668 0.00125480228844843 0.9499 1.56554486469229
9.8496993987976 9.84844459650915 0.158981392827267 -0.00125480228844665 0.15898296735605 1.66907232963436e-40 100.640708421671 0.00125480228844665 0.9499 1.5655360998826
-4.67935871743487 -4.68061352080932 0.15898139633486 -0.00125480337444817 0.158982970866368 7.31969853702914e-13 100.640706201243 0.00125480337444817 0.949 1.56546737840552
1.58316633266533 1.64740216933271 0.127224375652819 0.0642358366673776 0.131350618365177 45.49411346433 125.762063424561 0.0642358366673776 0.9598 1.47219027135642
-0.470941883767535 -0.470961268044865 0.160841302015681 -1.93842773294484e-05 0.160841302391431 0.00810555351214412 99.4769365796363 1.93842773294484e-05 0.9502 1.57041379594823
-13.0460921843687 -13.0472909081962 0.159086912775011 -0.00119872382751041 0.159088349713826 5.71049579081949e-05 100.573954958998 0.00119872382751041 0.949 1.56566965068063
5.74148296593187 5.74022739056064 0.158983476380033 -0.00125557537122845 0.158985052849545 3.48878826266669e-08 100.639389478148 0.00125557537122845 0.9487 1.56540369746918
-10.9418837675351 -10.8377963185739 0.194331076272453 0.104087448961145 0.205165273303692 24.8627104673917 82.3337178330035 0.104087448961145 0.9148 1.63256593876866
3.6372745490982 3.60980101491371 0.181436574325359 -0.0274735341844905 0.182191369405945 1.65594533249333 88.1850864936869 0.0274735341844905 0.9373 1.61628146251562
-8.88777555110221 -9.01030913622392 0.139274230729777 -0.122533585121717 0.154288710212558 64.2687336350018 114.88126637758 0.122533585121717 0.938 1.50493526382265
-2.625250501002 -2.62650530314184 0.158981393196752 -0.00125480213983398 0.158982967725162 3.45527657280535e-13 100.640708187774 0.00125480213983398 0.9496 1.56544820741753
-6.68336673346693 -6.68547896838958 0.160401162662136 -0.00211223492264523 0.160405624198504 0.00375180277844476 99.749900402542 0.00211223492264523 0.9498 1.56893245612449
1.63326653306613 1.69147921023846 0.123146106782924 0.0582126771723255 0.126534822566494 46.7241990795396 129.926965764366 0.0582126771723255 0.9634 1.46226553061467
-0.420841683366733 -0.420538320464809 0.161271151588112 0.000303362901924453 0.161271243617162 0.0118848309047792 99.2117923288855 0.000303362901924453 0.9499 1.57151562567111
-4.62925851703407 -4.63051332001578 0.158981395080322 -0.00125480298170899 0.158982969610844 3.56394147510029e-13 100.640706995409 0.00125480298170899 0.949 1.56544465582853
7.89579158316633 7.89453678087788 0.158981392827269 -0.00125480228844754 0.158982967356052 2.82266630615694e-22 100.640708421669 0.00125480228844754 0.9499 1.56555262659754
9.8997995991984 9.89854479690995 0.158981392827267 -0.00125480228844665 0.15898296735605 4.86356866914927e-41 100.640708421671 0.00125480228844665 0.9499 1.5655360998826
-12.9959919839679 -12.9971708500237 0.159122094331556 -0.00117886605575634 0.159123484056734 9.16287303984192e-05 100.551718271514 0.00117886605575634 0.949 1.56581741406909
5.79158316633266 5.79032782220639 0.15898287617325 -0.00125534412627903 0.158984452062126 1.93415213767952e-08 100.639769421231 0.00125534412627903 0.9487 1.56540213202879
-10.8917835671343 -10.7826827109022 0.191457345208027 0.109100856232025 0.203360342038588 28.1036691598873 83.5695281505928 0.109100856232025 0.9139 1.62563505097507
3.687374749499 3.66313560496198 0.179682989408589 -0.0242391445370234 0.180270525536475 1.28111683678452 89.045713523927 0.0242391445370234 0.9391 1.61295703632895
-8.8376753507014 -8.96316251101801 0.144530307976639 -0.125487160316611 0.160277335380966 61.1613753947394 110.703424243628 0.125487160316611 0.9339 1.51809903682446
-2.5751503006012 -2.57640510264184 0.158981393440586 -0.00125480204064088 0.158982967968747 7.09889412020601e-13 100.640708033418 0.00125480204064088 0.9496 1.56545405829958
9.9498997995992 9.94864499731075 0.158981392827267 -0.00125480228844665 0.15898296735605 1.40613950171263e-41 100.640708421671 0.00125480228844665 0.9499 1.5655360998826
-12.9458917835671 -12.9470443782768 0.159167776562903 -0.00115259470970663 0.159169105037468 0.000145876961391865 100.52285924643 0.00115259470970663 0.9491 1.56596269202475
5.84168336673347 5.8404281865289 0.15898244308616 -0.00125518020456461 0.158984018563506 1.06389829638668e-08 100.640043575936 0.00125518020456461 0.9487 1.56540946932604
3.7374749498998 3.71620147183479 0.177888934919806 -0.0212734780650115 0.178341495788788 0.982616457345189 89.943761860247 0.0212734780650115 0.94 1.60935215395881
-8.7875751503006 -8.91512551882658 0.149903410446124 -0.127550368525975 0.166172506957236 57.9182165415727 106.735396829083 0.127550368525975 0.9293 1.53126779290658
-2.5250501002004 -2.52630490207859 0.158981393837894 -0.00125480187818638 0.158982968365648 1.44707834249807e-12 100.640707781908 0.00125480187818638 0.9496 1.56542062276243
10 9.99874519771155 0.158981392827267 -0.00125480228844665 0.15898296735605 4.0336222809166e-42 100.640708421671 0.00125480228844665 0.9499 1.5655360998826
