1.68336673346693 1.68211193117846 0.158981392827368 -0.00125480228847619 0.158982967356151 3.95583713790825e-20 100.640708421606 0.00125480228847619 0.949 1.56554997435529
3.7875751503006 3.78632034801215 0.158981392827267 -0.0012548022884471 0.15898296735605 2.28512700353447e-39 100.640708421671 0.0012548022884471 0.9499 1.5655360998826
-2.4749498997996 -2.61208358126822 0.260864892169938 -0.137133681468619 0.279670538763075 15.9804458038898 61.3344320383938 0.137133681468619 0.8895 1.73643943341659
-4.57915831663327 -4.34973986531051 0.100688763214646 0.229418451322752 0.153321589021976 148.768376981078 158.905517251131 0.229418451322752 0.8722 1.31770739244183
-0.370741482965931 -0.372002104096039 0.158996937867148 -0.00126062113010772 0.158998527032782 3.82366674311369e-07 100.63086883704 0.00126062113010772 0.949 1.5654167674828
5.89178356713427 5.89052876484582 0.158981392827267 -0.00125480228844665 0.15898296735605 1.29255525484412e-64 100.640708421671 0.00125480228844665 0.9499 1.5655360998826
-15 -15.0012548022884 0.158981392827267 -0.00125480228844665 0.15898296735605 2.71627115035016e-80 100.640708421671 0.00125480228844665 0.9499 1.5655360998826
-8.7374749498998 -8.73872975204955 0.158981393175463 -0.00125480214975582 0.158982967703898 2.00810413023634e-13 100.64070820125 0.00125480214975582 0.9496 1.56545085442153
-12.8957915831663 -12.8970463854548 0.158981392827267 -0.00125480228844665 0.15898296735605 6.91014347266817e-52 100.640708421671 0.00125480228844665 0.9499 1.5655360998826
7.94589178356713 7.94463698127869 0.158981392827267 -0.00125480228844665 0.15898296735605 4.66544780096396e-95 100.640708421671 0.00125480228844665 0.9499 1.5655360998826
-10.8416833667335 -10.8429381690219 0.158981392827267 -0.00125480228844665 0.15898296735605 5.92181260875397e-30 100.640708421671 0.00125480228844665 0.9499 1.5655360998826
-6.63326653306613 -6.63228132381734 0.162836059464394 0.000985209248788976 0.162837030101658 0.00718553185040163 98.2583345029828 0.000985209248788976 0.9531 1.5748252992655
1.73346693386774 1.73221213157927 0.158981392827322 -0.00125480228846286 0.158982967356105 1.61814334582603e-20 100.640708421636 0.00125480228846286 0.9489 1.56555316533044
3.8376753507014 3.83642054841296 0.158981392827267 -0.0012548022884471 0.15898296735605 6.72379315091121e-40 100.640708421671 0.0012548022884471 0.9499 1.5655360998826
-2.4248496993988 -2.54832819508058 0.25747628984454 -0.123478495681783 0.272723228740376 12.3069623442287 62.1416442254179 0.123478495681783 0.8961 1.73454404570793
-4.52905811623246 -4.31291168091895 0.0911264701431276 0.21614643531351 0.137845751641865 152.185351602939 175.580157717836 0.21614643531351 0.8987 1.289226150017
-0.320641282565131 -0.321900173217739 0.158992471913684 -0.00125889065260837 0.158994056719359 2.15634217009893e-07 100.633695466326 0.00125889065260837 0.9492 1.5654211089653
5.94188376753507 5.94062896524662 0.158981392827267 -0.00125480228844665 0.15898296735605 2.73576329962396e-65 100.640708421671 0.00125480228844665 0.9499 1.5655360998826
-12.8456913827655 -12.846946185054 0.158981392827267 -0.00125480228844665 0.15898296735605 2.7705644403862e-51 100.640708421671 0.00125480228844665 0.9499 1.5655360998826
-14.9498997995992 -14.9511546018876 0.158981392827267 -0.00125480228844665 0.15898296735605 1.51401058932075e-79 100.640708421671 0.00125480228844665 0.9499 1.5655360998826
-8.687374749499 -8.68862955155227 0.15898139341528 -0.001254802053273 0.158982967943473 4.19882136688915e-13 100.640708049438 0.001254802053273 0.9496 1.56547523811573
7.99599198396794 7.99473718167949 0.158981392827267 -0.00125480228844665 0.15898296735605 7.1590381036263e-96 100.640708421671 0.00125480228844665 0.9499 1.5655360998826
-10.7915831663327 -10.7928379686211 0.158981392827267 -0.00125480228844665 0.15898296735605 1.72134447255945e-29 100.640708421671 0.00125480228844665 0.9499 1.5655360998826
-6.58316633266533 -6.5815150905834 0.163887702335845 0.00165124208193301 0.163890428936258 0.0109270666784718 97.6278254680281 0.00165124208193301 0.9526 1.57729153085636
1.78356713426854 1.78231233198008 0.158981392827296 -0.00125480228845554 0.158982967356079 6.5673331125557e-21 100.640708421652 0.00125480228845554 0.9498 1.56556088627524
3.88777555110221 3.88652074881376 0.158981392827267 -0.0012548022884471 0.15898296735605 1.9629616201389e-40 100.640708421671 0.0012548022884471 0.9499 1.5655360998826
-2.374749498998 -2.48511655717162 0.25294995453185 -0.110367058173629 0.265130842061752 9.35996929416828 63.2536188022336 0.110367058173629 0.9028 1.73028402078721
-0.270541082164328 -0.271798743316092 0.158989247674274 -0.00125766115176329 0.158990829385846 1.20665565213033e-07 100.635736278089 0.00125766115176329 0.9489 1.56541922502456
-4.47895791583166 -4.27785607026685 0.0825312902531623 0.201101845564817 0.122973242542738 155.154182061261 193.86586530903 0.201101845564817 0.9228 1.26253694942162
5.99198396793587 5.99072916564743 0.158981392827267 -0.00125480228844665 0.15898296735605 5.74515013853544e-66 100.640708421671 0.00125480228844665 0.9499 1.5655360998826
-12.7955911823647 -12.7968459846532 0.158981392827267 -0.00125480228844665 0.15898296735605 1.10215559339528e-50 100.640708421671 0.00125480228844665 0.9499 1.5655360998826
-14.8997995991984 -14.9010544014868 0.158981392827267 -0.00125480228844665 0.15898296735605 8.37294361028831e-79 100.640708421671 0.00125480228844665 0.9499 1.5655360998826
-8.6372745490982 -8.63852935099069 0.158981393813087 -0.00125480189249316 0.158982968340876 8.71089395159229e-13 100.640707797612 0.00125480189249316 0.9496 1.56544535195489
8.04609218436874 8.04483738208029 0.158981392827267 -0.00125480228844665 0.15898296735605 1.08995727647405e-96 100.640708421671 0.00125480228844665 0.9499 1.5655360998826
-10.7414829659319 -10.7427377682203 0.158981392827267 -0.00125480228844665 0.15898296735605 4.9644870270678e-29 100.640708421671 0.00125480228844665 0.9499 1.5655360998826
-6.53306613226453 -6.53057631471881 0.165176841475807 0.00248981754571531 0.165183040667218 0.0165087063021381 96.8658793632609 0.00248981754571531 0.9532 1.58036595731002
3.93787575150301 3.93662094921456 0.158981392827267 -0.0012548022884471 0.15898296735605 5.68594604334904e-41 100.640708421671 0.0012548022884471 0.9499 1.5655360998826
1.83366733466934 1.83241253238089 0.158981392827283 -0.00125480228845154 0.158982967356066 2.64456693565022e-21 100.64070842166 0.00125480228845154 0.9499 1.56555405125529
-2.32464929859719 -2.4225797331067 0.247508428890551 -0.0979304345095082 0.257098798893772 7.03763047007422 64.6442631134604 0.0979304345095082 0.9068 1.72399846457692
-0.220440881763526 -0.221697673677418 0.158986932719138 -0.00125679191389136 0.158988512245052 6.69995256186107e-08 100.637201601123 0.00125679191389136 0.9488 1.565401760034
-4.42885771543086 -4.2444288083152 0.0749137777004297 0.18442890711566 0.108927799480307 157.550270566813 213.578870150987 0.18442890711566 0.9452 1.23789741138087
6.04208416833668 6.04082936604823 0.158981392827267 -0.00125480228844665 0.15898296735605 1.1970649310079e-66 100.640708421671 0.00125480228844665 0.9499 1.5655360998826
-12.7454909819639 -12.7467457842524 0.158981392827267 -0.00125480228844665 0.15898296735605 4.35021803043979e-50 100.640708421671 0.00125480228844665 0.9499 1.5655360998826
-14.8496993987976 -14.850954201086 0.158981392827267 -0.00125480228844665 0.15898296735605 4.59431620029271e-78 100.640708421671 0.00125480228844665 0.9499 1.5655360998826
-8.5871743486974 -8.58842915032388 0.158981394468119 -0.00125480162648905 0.158982968995241 1.79304994146089e-12 100.640707382955 0.00125480162648905 0.9496 1.56541584900262
8.09619238476954 8.09493758248109 0.158981392827267 -0.00125480228844665 0.15898296735605 1.64648484662981e-97 100.640708421671 0.00125480228844665 0.9499 1.5655360998826
-10.6913827655311 -10.6926375678195 0.158981392827267 -0.00125480228844665 0.15898296735605 1.42060857860781e-28 100.640708421671 0.00125480228844665 0.9499 1.5655360998826
-6.48296593186373 -6.47942820526813 0.166742455982557 0.00353772659560203 0.166754971492022 0.0247816228558301 95.9563651963588 0.00353772659560203 0.952 1.58400055144231
3.98797595190381 3.98672114961536 0.158981392827267 -0.0012548022884471 0.15898296735605 1.63413195219054e-41 100.640708421671 0.0012548022884471 0.9499 1.5655360998826
1.88376753507014 1.88251273278169 0.158981392827275 -0.00125480228844954 0.158982967356058 1.05660715198746e-21 100.640708421665 0.00125480228844954 0.9499 1.5655425626605
-2.27454909819639 -2.36081899622058 0.241381676577904 -0.0862698980241907 0.248824171883008 5.23649629228729 66.2850644955071 0.0862698980241907 0.9116 1.71602055899741
-0.170340681362726 -0.171596861753943 0.158985279658426 -0.00125618039121692 0.158986857647601 3.6912904924164e-08 100.638247983558 0.00125618039121692 0.9487 1.56540017019667
-4.37875751503006 -4.21247432479479 0.0682625746641781 0.166283190235272 0.0959126740189977 159.479202099909 234.389049617788 0.166283190235272 0.9663 1.21551357820146
6.09218436873747 6.09092956644903 0.158981392827267 -0.00125480228844665 0.15898296735605 2.47472813162362e-67 100.640708421671 0.00125480228844665 0.9499 1.5655360998826
-12.6953907815631 -12.6966455838516 0.158981392827267 -0.00125480228844665 0.15898296735605 1.70361949449857e-49 100.640708421671 0.00125480228844665 0.9499 1.5655360998826
-14.7995991983968 -14.8008540006852 0.158981392827267 -0.00125480228844665 0.15898296735605 2.50124975605294e-77 100.640708421671 0.00125480228844665 0.9499 1.5655360998826
-8.53707414829659 -8.53832894948612 0.158981395538819 -0.00125480118952659 0.158982970064845 3.66198523873492e-12 100.640706705164 0.00125480118952659 0.9496 1.56539930595232
8.14629258517034 8.14503778288189 0.158981392827267 -0.00125480228844665 0.15898296735605 2.46774035373981e-98 100.640708421671 0.00125480228844665 0.9499 1.5655360998826
-10.6412825651303 -10.6425373674187 0.158981392827267 -0.00125480228844665 0.15898296735605 4.03336892137588e-28 100.640708421671 0.00125480228844665 0.9499 1.5655360998826
-6.43286573146293 -6.42802839754093 0.168625997000613 0.00483733392199603 0.168649396800086 0.0369652802956631 94.8845390663091 0.00483733392199603 0.9512 1.58831389868911
4.03807615230461 4.03682135001616 0.158981392827267 -0.00125480228844665 0.15898296735605 4.65977526173556e-42 100.640708421671 0.00125480228844665 0.9499 1.5655360998826
1.93386773547094 1.9326129331825 0.158981392827271 -0.00125480228844843 0.158982967356054 4.18857206263444e-22 100.640708421668 0.00125480228844843 0.9499 1.56554454447769
-2.22444889779559 -2.29990673412642 0.234796370909202 -0.0754578363308265 0.240490255972932 3.8592813080095 68.144153753498 0.0754578363308265 0.916 1.70661580659148
-0.120240480961924 -0.121496233235626 0.158984105609485 -0.00125575227370231 0.158985682523258 2.01789664383127e-08 100.638991166205 0.00125575227370231 0.9487 1.56541025799031
-4.32865731462926 -4.18182890133598 0.0625505409752277 0.146828413293277 0.0841091239254491 161.046163541786 255.793151434719 0.146828413293277 0.9792 1.19558313060488
6.14228456913828 6.14102976684983 0.158981392827267 -0.00125480228844665 0.15898296735605 5.07610672277073e-68 100.640708421671 0.00125480228844665 0.9499 1.5655360998826
-12.6452905811623 -12.6465453834508 0.158981392827267 -0.00125480228844665 0.15898296735605 6.61953739494867e-49 100.640708421671 0.00125480228844665 0.9499 1.5655360998826
-14.749498997996 -14.7507538002844 0.158981392827267 -0.00125480228844665 0.15898296735605 1.35109752553951e-76 100.640708421671 0.00125480228844665 0.9499 1.5655360998826
-8.48697394789579 -8.4882287483726 0.15898139727624 -0.00125480047681314 0.158982971800477 7.42054147724534e-12 100.640705605317 0.00125480047681314 0.9496 1.56539710908707
8.19639278557114 8.1951379832827 0.158981392827267 -0.00125480228844665 0.15898296735605 3.66973454169612e-99 100.640708421671 0.00125480228844665 0.9499 1.5655360998826
-10.5911823647295 -10.5924371670179 0.158981392827267 -0.00125480228844665 0.15898296735605 1.13620036415884e-27 100.640708421671 0.00125480228844665 0.9499 1.5655360998826
-6.38276553106212 -6.37632877551702 0.170870360318316 0.00643675554510725 0.170911792140263 0.0547951978389927 93.6382411214763 0.00643675554510725 0.9503 1.59332573689177
4.08817635270541 4.08692155041696 0.158981392827267 -0.00125480228844665 0.15898296735605 1.31836687621973e-42 100.640708421671 0.00125480228844665 0.9499 1.5655360998826
1.98396793587174 1.98271313358329 0.158981392827269 -0.00125480228844776 0.158982967356052 1.64744870168763e-22 100.640708421669 0.00125480228844776 0.9499 1.56555517953719
-2.17434869739479 -2.23988817405238 0.227966336110992 -0.0655394766575874 0.232261759111542 2.81943364020729 70.1858014343396 0.0655394766575874 0.9194 1.69636493336902
-0.0701402805611213 -0.0713957345739214 0.158983276243719 -0.00125545401280004 0.158984852408498 1.09453703588682e-08 100.63951616818 0.00125545401280004 0.9487 1.56540712020499
-4.27855711422846 -4.15232345748026 0.057740675827163 0.126233656748196 0.0736756119231845 162.144523204419 277.10101710436 0.126233656748196 0.9872 1.17818841960972
6.19238476953908 6.19112996725063 0.158981392827267 -0.00125480228844665 0.15898296735605 1.03306454183133e-68 100.640708421671 0.00125480228844665 0.9499 1.5655360998826
-12.5951903807615 -12.59644518305 0.158981392827267 -0.00125480228844665 0.15898296735605 2.55197338461897e-48 100.640708421671 0.00125480228844665 0.9499 1.5655360998826
-14.6993987975952 -14.7006535998836 0.158981392827267 -0.00125480228844665 0.15898296735605 7.24118761255243e-76 100.640708421671 0.00125480228844665 0.9499 1.5655360998826
-8.43687374749499 -8.4381285468175 0.158981400075166 -0.00125479932250805 0.158982974596506 1.49193439826378e-11 100.6407038335 0.00125479932250805 0.9496 1.56537701073539
-10.5410821643287 -10.5423369666171 0.158981392827267 -0.00125480228844665 0.15898296735605 3.17566997265665e-27 100.640708421671 0.00125480228844665 0.9499 1.5655360998826
8.24649298597194 8.2452381836835 0.158981392827267 -0.00125480228844665 0.15898296735605 5.4145615937978e-100 100.640708421671 0.00125480228844665 0.9499 1.5655360998826
-6.33266533066132 -6.3242755231447 0.173518380467721 0.00838980751662088 0.173588769337887 0.0807247236745605 92.2092515897844 0.00838980751662088 0.9487 1.59919298665025
4.13827655310621 4.13702175081777 0.158981392827267 -0.00125480228844665 0.15898296735605 3.70084636398753e-43 100.640708421671 0.00125480228844665 0.9499 1.5655360998826
2.03406813627254 2.0328133339841 0.158981392827268 -0.00125480228844754 0.158982967356051 6.42911614909629e-23 100.64070842167 0.00125480228844754 0.9499 1.56554848657949
-2.12424849699399 -2.18078369307801 0.221084739604612 -0.056535196084023 0.224280968000871 2.04312086758837 72.3704405316006 0.056535196084023 0.9241 1.68545878018654
-0.0200400801603209 -0.021295327391336 0.158982693508876 -0.00125524723101515 0.158984269154487 5.89074204437325e-09 100.639885052059 0.00125524723101515 0.9487 1.5654124506783
6.24248496993988 6.24123016765143 0.158981392827267 -0.00125480228844665 0.15898296735605 2.08601596693722e-69 100.640708421671 0.00125480228844665 0.9499 1.5655360998826
-4.22845691382765 -4.12378583153174 0.0537914763252558 0.104671082295915 0.0647475117942539 163.093013469299 297.444894489497 0.104671082295915 0.9913 1.16349412793757
-12.5450901803607 -12.5463449826492 0.158981392827267 -0.00125480228844665 0.15898296735605 9.76153471985279e-48 100.640708421671 0.00125480228844665 0.9499 1.5655360998826
-14.6492985971944 -14.6505533994828 0.158981392827267 -0.00125480228844665 0.15898296735605 3.85058188084168e-75 100.640708421671 0.00125480228844665 0.9499 1.5655360998826
-8.38677354709419 -8.38802834456024 0.158981404551745 -0.00125479746604817 0.158982979068426 2.97618119668304e-11 100.640700999672 0.00125479746604817 0.9496 1.56539101516223
-10.4909819639279 -10.4922367662163 0.158981392827267 -0.00125480228844665 0.15898296735605 8.80662011753796e-27 100.640708421671 0.00125480228844665 0.9499 1.5655360998826
8.29659318637275 8.2953383840843 0.158981392827267 -0.00125480228844665 0.15898296735605 7.92657200321882e-101 100.640708421671 0.00125480228844665 0.9499 1.5655360998826
-6.28256513026052 -6.27180947057282 0.17661076230326 0.0107556596877032 0.176726446518578 0.118198022342403 90.594705505694 0.0107556596877032 0.9469 1.60583168614435
4.18837675350701 4.18712195121857 0.158981392827267 -0.00125480228844665 0.15898296735605 1.03076411718599e-43 100.640708421671 0.00125480228844665 0.9499 1.5655360998826
2.08416833667335 2.0829135343849 0.158981392827267 -0.0012548022884471 0.15898296735605 2.48933935900275e-23 100.64070842167 0.0012548022884471 0.9499 1.56554571927255
-2.07414829659319 -2.12259155428212 0.214318449763642 -0.0484432576889295 0.216665198979158 1.46940087091966 74.6552619135002 0.0484432576889295 0.9283 1.67433192780035
0.0300601202404813 0.028805015669922 0.158982286264755 -0.00125510457055928 0.158983861552239 3.14568429159234e-09 100.640142848084 0.00125510457055928 0.9487 1.56542077655635
6.29258517034068 6.29133036805224 0.158981392827267 -0.00125480228844665 0.15898296735605 4.1792780224827e-70 100.640708421671 0.00125480228844665 0.9499 1.5655360998826
-12.4949899799599 -12.4962447822484 0.158981392827267 -0.00125480228844665 0.15898296735605 3.7047041160375e-47 100.640708421671 0.00125480228844665 0.9499 1.5655360998826
-4.17835671342685 -4.09604249859793 0.0506615136037244 0.0823142148289255 0.0574371435666269 163.756833032886 315.821594379362 0.0823142148289255 0.9933 1.15158380178156
-14.5991983967936 -14.600453199082 0.158981392827267 -0.00125480228844665 0.15898296735605 2.03159150363532e-74 100.640708421671 0.00125480228844665 0.9499 1.5655360998826
-8.33667334669339 -8.33792814119438 0.158981411660443 -0.00125479450099242 0.158982986169683 5.89067405316299e-11 100.640696499621 0.00125479450099242 0.9496 1.56539705833131
-10.4408817635271 -10.4421365658155 0.158981392827267 -0.00125480228844665 0.15898296735605 2.42312950260512e-26 100.640708421671 0.00125480228844665 0.9499 1.5655360998826
8.34669338677355 8.3454385844851 0.158981392827267 -0.00125480228844665 0.15898296735605 1.15133307611858e-101 100.640708421671 0.00125480228844665 0.9499 1.5655360998826
-6.23246492985972 -6.21886679221835 0.180183409330829 0.0135981376413659 0.180368318678143 0.172015586841692 88.7984085739152 0.0135981376413659 0.9453 1.61332673657851
4.23847695390782 4.23722215161937 0.158981392827267 -0.00125480228844665 0.15898296735605 2.84846566372484e-44 100.640708421671 0.00125480228844665 0.9499 1.5655360998826
2.13426853707415 2.1330137347857 0.158981392827267 -0.0012548022884471 0.15898296735605 9.56335774529945e-24 100.64070842167 0.0012548022884471 0.9499 1.5655461530617
-2.02404809619238 -2.06529095641728 0.207804710935111 -0.0412428602248944 0.209505684454641 1.04928152106034 76.995367082877 0.0412428602248944 0.9314 1.6632683457153
0.0801603206412835 0.078905314009823 0.158982003201391 -0.00125500663146053 0.158983578243036 1.66672443668762e-09 100.640322035268 0.00125500663146053 0.9487 1.56540762571286
6.34268537074148 6.34143056845304 0.158981392827267 -0.00125480228844665 0.15898296735605 8.30765322045055e-71 100.640708421671 0.00125480228844665 0.9499 1.5655360998826
-12.4448897795591 -12.4461445818476 0.158981392827267 -0.00125480228844665 0.15898296735605 1.39502636100094e-46 100.640708421671 0.00125480228844665 0.9499 1.5655360998826
-4.12825651302605 -4.06891971351723 0.0483131429425437 0.0593367995088174 0.0518339987184933 164.20533714956 331.172824318798 0.0593367995088174 0.9942 1.14255762760393
-14.5490981963928 -14.5503529986812 0.158981392827267 -0.00125480228844665 0.15898296735605 1.06350582946602e-73 100.640708421671 0.00125480228844665 0.9499 1.5655360998826
-8.28657314629259 -8.28782793609046 0.15898142286886 -0.00125478979787097 0.158982997366297 1.1568236847499e-10 100.640689404308 0.00125478979787097 0.9496 1.56539339009078
-10.3907815631263 -10.3920363654147 0.158981392827267 -0.00125480228844665 0.15898296735605 6.61511577798324e-26 100.640708421671 0.00125480228844665 0.9499 1.5655351392095
8.39679358717435 8.3955387848859 0.158981392827267 -0.00125480228844665 0.15898296735605 1.65924308304795e-102 100.640708421671 0.00125480228844665 0.9499 1.5655360998826
-6.18236472945892 -6.16538009958402 0.184264179505901 0.0169846298748997 0.184552657157889 0.248817808996587 86.8318521966858 0.0169846298748997 0.943 1.62169799531284
4.28857715430862 4.28732235202017 0.158981392827267 -0.00125480228844665 0.15898296735605 7.81009196449379e-45 100.640708421671 0.00125480228844665 0.9499 1.5655360998826
2.18436873747495 2.1831139351865 0.158981392827267 -0.0012548022884471 0.15898296735605 3.64527385491942e-24 100.64070842167 0.0012548022884471 0.9499 1.56554180171554
-1.97394789579158 -2.0088452946995 0.201650031974252 -0.0348973989079195 0.20286786042479 0.744216854088941 79.3453878650661 0.0348973989079195 0.9349 1.65229687462314
0.130260521042084 0.129005581314121 0.158981807525946 -0.00125493972796339 0.158983382399667 8.76222277468127e-10 100.640445903779 0.00125493972796339 0.9487 1.56540377206626
6.39278557114228 6.39153076885384 0.158981392827267 -0.00125480228844665 0.15898296735605 1.63850932911332e-71 100.640708421671 0.00125480228844665 0.9499 1.5655360998826
-12.3947895791583 -12.3960443814468 0.158981392827267 -0.00125480228844665 0.15898296735605 5.21200426742508e-46 100.640708421671 0.00125480228844665 0.9499 1.5655360998826
-4.07815631262525 -4.04224411562935 0.0467153724599188 0.0359121969959046 0.0480050583529914 164.512685180533 342.499677461157 0.0359121969959046 0.9949 1.13642561725317
-14.498997995992 -14.5002527982804 0.158981392827267 -0.00125480228844665 0.15898296735605 5.52378572728601e-73 100.640708421671 0.00125480228844665 0.9499 1.5655360998826
-8.23647294589178 -8.23772772828045 0.158981440417029 -0.00125478238866705 0.158983014895872 2.25406583634842e-10 100.640678295718 0.00125478238866705 0.9496 1.56539134766486
-10.3406813627255 -10.3419361650139 0.158981392827267 -0.00125480228844665 0.15898296735605 1.79180909164127e-25 100.640708421671 0.00125480228844665 0.9499 1.56553763643753
8.44689378757515 8.4456389852867 0.158981392827267 -0.00125480228844665 0.15898296735605 2.37253436736504e-103 100.640708421671 0.00125480228844665 0.9499 1.5655360998826
-6.13226452905812 -6.11127995789084 0.188869183886979 0.0209845711672711 0.189309536114053 0.357715768432574 84.714719843204 0.0209845711672711 0.9412 1.63101674693679
4.33867735470942 4.33742255242097 0.158981392827267 -0.00125480228844665 0.15898296735605 2.12468606097418e-45 100.640708421671 0.00125480228844665 0.9499 1.5655360998826
2.23446893787575 2.23321413558731 0.158981392827267 -0.0012548022884471 0.15898296735605 1.37861621226101e-24 100.640708421671 0.0012548022884471 0.9499 1.56554208236705
-1.92384769539078 -1.95320551949546 0.195930996407531 -0.0293578241046819 0.196792878243693 0.524416948607408 81.6614027048606 0.0293578241046819 0.9369 1.64189487862044
0.180360721442886 0.179105827188011 0.158981673006461 -0.00125489425487477 0.158983247766052 4.57051511493401e-10 100.640531058884 0.00125489425487477 0.949 1.56539555790133
6.44288577154309 6.44163096925464 0.158981392827267 -0.00125480228844665 0.15898296735605 3.20636485042418e-72 100.640708421671 0.00125480228844665 0.9499 1.5655360998826
-12.3446893787575 -12.345944181046 0.158981392827267 -0.00125480228844665 0.15898296735605 1.93205983795645e-45 100.640708421671 0.00125480228844665 0.9499 1.5655360998826
-14.4488977955912 -14.4501525978796 0.158981392827267 -0.00125480228844665 0.15898296735605 2.84660517288696e-72 100.640708421671 0.00125480228844665 0.9499 1.5655360998826
-4.02805611222445 -4.01584287809305 0.045845974061206 0.0122132341314014 0.0459951371491545 164.580506833221 348.994657167485 0.0122132341314014 0.9951 1.13325955686039
-8.18637274549098 -8.18762751628613 0.158981467699041 -0.00125477079514447 0.158983042148789 4.35776794490537e-10 100.640661025276 0.00125477079514447 0.9494 1.56539025863486
-10.2905811623246 -10.2918359646131 0.158981392827267 -0.00125480228844665 0.15898296735605 4.81547889840743e-25 100.640708421671 0.00125480228844665 0.9499 1.5655380949824
8.49699398797595 8.4957391856875 0.158981392827267 -0.00125480228844665 0.15898296735605 3.36595627690655e-104 100.640708421671 0.00125480228844665 0.9499 1.5655360998826
-6.08216432865731 -6.0564968452321 0.193998818895779 0.025667483425214 0.194657638601163 0.511100124430027 82.4747289239715 0.025667483425214 0.939 1.64108788276729
4.38877755511022 4.38752275282177 0.158981392827267 -0.00125480228844665 0.15898296735605 5.73491323266437e-46 100.640708421671 0.00125480228844665 0.9499 1.5655360998826
2.28456913827655 2.28331433598811 0.158981392827267 -0.0012548022884471 0.15898296735605 5.17309035721673e-25 100.640708421671 0.0012548022884471 0.9499 1.56554168929458
-1.87374749498998 -1.89831346770275 0.190696590728945 -0.0245659727127683 0.19130007774427 0.36720305756312 83.9029158247632 0.0245659727127683 0.9389 1.63216761413282
0.230460921843688 0.229206058338441 0.158981581046872 -0.00125486350524739 0.158983155729289 2.36545759280481e-10 100.640589272305 0.00125486350524739 0.949 1.56539621135971
6.49298597194389 6.49173116965544 0.158981392827267 -0.00125480228844665 0.15898296735605 6.22544529725269e-73 100.640708421671 0.00125480228844665 0.9499 1.5655360998826
-12.2945891783567 -12.2958439806452 0.158981392827267 -0.00125480228844665 0.15898296735605 7.10607595059886e-45 100.640708421671 0.00125480228844665 0.9499 1.5655360998826
-14.3987975951904 -14.4000523974788 0.158981392827267 -0.00125480228844665 0.15898296735605 1.45549630345704e-71 100.640708421671 0.00125480228844665 0.9499 1.5655360998826
-3.97795591182365 -3.98954351959522 0.0456929246736616 -0.0115876077715691 0.0458271973275293 164.589300349828 350.163621923347 0.0115876077715691 0.9953 1.13303024432195
-8.13627254509018 -8.13752729786572 0.158981509820457 -0.0012547527755391 0.158983084224985 8.3591223390466e-10 100.640634360998 0.0012547527755391 0.9487 1.56538103779159
-10.2404809619238 -10.2417357642123 0.158981392827267 -0.00125480228844665 0.15898296735605 1.28404633138027e-24 100.640708421671 0.00125480228844665 0.9499 1.5655390768096
8.54709418837675 8.54583938608831 0.158981392827267 -0.00125480228844665 0.15898296735605 4.73803091742947e-105 100.640708421671 0.00125480228844665 0.9499 1.5655360998826
-6.03206412825651 -6.00096356457235 0.199633772796868 0.0311005636841655 0.200601017858341 0.725656604473456 80.1467596180749 0.0311005636841655 0.936 1.65171585737443
4.43887775551102 4.43762295322258 0.158981392827267 -0.00125480228844665 0.15898296735605 1.53586271081209e-46 100.640708421671 0.00125480228844665 0.9499 1.5655360998826
2.33466933867735 2.33341453638891 0.158981392827267 -0.0012548022884471 0.15898296735605 1.92597306438575e-25 100.640708421671 0.0012548022884471 0.9499 1.56554099793263
-1.82364729458918 -1.84410503897365 0.185971594089447 -0.0204577443844705 0.186390113394748 0.255531243124638 86.0346445828949 0.0204577443844705 0.9421 1.62295610605831
0.280561122244489 0.279306279424771 0.158981518539134 -0.00125484281971777 0.158983093169637 1.21468404970664e-10 100.640628841783 0.00125484281971777 0.949 1.56539901547883
6.54308617234469 6.54183137005624 0.158981392827267 -0.00125480228844665 0.15898296735605 1.19928213868669e-73 100.640708421671 0.00125480228844665 0.9499 1.5655360998826
-12.2444889779559 -12.2457437802444 0.158981392827267 -0.00125480228844665 0.15898296735605 2.59317949575665e-44 100.640708421671 0.00125480228844665 0.9499 1.5655360998826
-14.3486973947896 -14.349952197078 0.158981392827267 -0.00125480228844665 0.15898296735605 7.38394479779726e-71 100.640708421671 0.00125480228844665 0.9499 1.5655360998826
-3.92785571142285 -3.96317351696997 0.0462552284181062 -0.0353178055471259 0.0475025758067708 164.448857478965 345.90684225736 0.0353178055471259 0.9946 1.13581043720084
-8.08617234468938 -8.08742706964285 0.158981574406295 -0.00125472495347623 0.158983148741004 1.59095368929448e-09 100.64059347601 0.00125472495347623 0.9487 1.56538732570207
-10.190380761523 -10.1916355638115 0.158981392827267 -0.00125480228844665 0.15898296735605 3.39715503199528e-24 100.640708421671 0.00125480228844665 0.9499 1.5655384067191
8.59719438877756 8.59593958648911 0.158981392827267 -0.00125480228844665 0.15898296735605 6.61729920977278e-106 100.640708421671 0.00125480228844665 0.9499 1.5655360998826
-5.98196392785571 -5.94461810615045 0.205731272188888 0.037345821705256 0.207125982587729 1.023606588413 77.7713559526813 0.037345821705256 0.933 1.66280398797745
4.48897795591182 4.48772315362338 0.158981392827267 -0.00125480228844665 0.15898296735605 4.08104518173443e-47 100.640708421671 0.00125480228844665 0.9499 1.5655360998826
2.38476953907816 2.38351473678971 0.158981392827267 -0.0012548022884471 0.15898296735605 7.11449069737928e-26 100.640708421671 0.0012548022884471 0.9499 1.5655378160767
-1.77354709418838 -1.79051309768718 0.181760564916263 -0.0169660034988048 0.182048410190984 0.176735199228849 88.0278954203911 0.0169660034988048 0.9447 1.61456441543633
0.330661322645291 0.329406493667351 0.158981476296249 -0.00125482897794027 0.158983050892013 6.18883340526188e-11 100.640655582952 0.00125482897794027 0.949 1.56540538453496
6.59318637274549 6.59193157045705 0.158981392827267 -0.00125480228844665 0.15898296735605 2.2922700062851e-74 100.640708421671 0.00125480228844665 0.9499 1.5655360998826
-12.1943887775551 -12.1956435798436 0.158981392827267 -0.00125480228844665 0.15898296735605 9.38920399514201e-44 100.640708421671 0.00125480228844665 0.9499 1.5655360998826
-14.2985971943888 -14.2998519966772 0.158981392827267 -0.00125480228844665 0.15898296735605 3.71671480493062e-70 100.640708421671 0.00125480228844665 0.9499 1.5655360998826
-3.87775551102204 -3.93655986390939 0.0475431159575108 -0.058804352887345 0.0510010678760102 164.055830747941 336.536629494356 0.058804352887345 0.9932 1.14150813877736
-8.03607214428858 -8.03732682656675 0.158981672763419 -0.00125468227817827 0.158983246991038 3.00438855729711e-09 100.640531212737 0.00125468227817827 0.9487 1.56539128599367
-10.1402805611222 -10.1415353634107 0.158981392827267 -0.00125480228844665 0.15898296735605 8.91750786806102e-24 100.640708421671 0.00125480228844665 0.9499 1.56553833570851
8.64729458917836 8.64603978688991 0.158981392827267 -0.00125480228844665 0.15898296735605 9.1697419913509e-107 100.640708421671 0.00125480228844665 0.9499 1.5655360998826
-5.93186372745491 -5.88740693307651 0.212221849465765 0.0444567943784042 0.214198256032169 1.43416855601323 75.3928025803067 0.0444567943784042 0.9301 1.67408568722873
4.53907815631263 4.53782335402418 0.158981392827267 -0.00125480228844665 0.15898296735605 1.07592963928473e-47 100.640708421671 0.00125480228844665 0.9499 1.5655360998826
2.43486973947896 2.43361493719051 0.158981392827267 -0.0012548022884471 0.15898296735605 2.60753943167809e-26 100.640708421671 0.0012548022884471 0.9499 1.56553625099764
-1.72344689378757 -1.73747000113711 0.17805199753547 -0.0140231073495323 0.178248645075206 0.121494821371928 89.8613900515922 0.0140231073495323 0.9472 1.60712757292867
0.380761523046093 0.379506703280467 0.158981447916314 -0.00125481976562664 0.158983022488958 3.12860587611057e-11 100.640673548414 0.00125481976562664 0.949 1.56543368755546
6.64328657314629 6.64203177085785 0.158981392827267 -0.00125480228844665 0.15898296735605 4.34714013001919e-75 100.640708421671 0.00125480228844665 0.9499 1.5655360998826
-12.1442885771543 -12.1455433794428 0.158981392827267 -0.00125480228844665 0.15898296735605 3.37301624392697e-43 100.640708421671 0.00125480228844665 0.9499 1.5655360998826
-14.248496993988 -14.2497517962764 0.158981392827267 -0.00125480228844665 0.15898296735605 1.85619456136974e-69 100.640708421671 0.00125480228844665 0.9499 1.5655360998826
-3.82765531062124 -3.90952871668415 0.0495775697190981 -0.0818734060629094 0.0562808243394401 163.678424428804 322.726589678649 0.0818734060629094 0.9923 1.15013735157829
-7.98597194388778 -7.98722656113262 0.158981821540316 -0.00125461724484044 0.158983395604747 5.62934759473469e-09 100.640437032247 0.00125461724484044 0.9487 1.56538662313104
-10.0901803607214 -10.0914351630099 0.158981392827267 -0.00125480228844665 0.15898296735605 2.32255013704118e-23 100.640708421671 0.00125480228844665 0.9499 1.56553827249545
8.69739478957916 8.69613998729071 0.158981392827267 -0.00125480228844665 0.15898296735605 1.26074403443666e-107 100.640708421671 0.00125480228844665 0.9499 1.5655360998826
-5.88176352705411 -5.82928862160397 0.219006931588175 0.0524749054501408 0.221760547290176 1.99519378232174 73.0570483955583 0.0524749054501408 0.926 1.68541926601586
4.58917835671343 4.58792355442498 0.158981392827267 -0.00125480228844665 0.15898296735605 2.81442579052689e-48 100.640708421671 0.00125480228844665 0.9499 1.5655360998826
2.48496993987976 2.48371513759131 0.158981392827267 -0.0012548022884471 0.15898296735605 9.48225030631898e-27 100.640708421671 0.0012548022884471 0.9499 1.56553653626216
-1.67334669338677 -1.68490968408647 0.174822303710138 -0.0115629906996995 0.174956006464059 0.0830131759522068 91.5215030373276 0.0115629906996995 0.9492 1.6003866752271
0.430861723446894 0.429606909778704 0.158981428964098 -0.00125481366819002 0.15898300352144 1.5692384543067e-11 100.640685545814 0.00125481366819002 0.949 1.56544759574391
6.69338677354709 6.69213197125865 0.158981392827267 -0.00125480228844665 0.15898296735605 8.17965468738794e-76 100.640708421671 0.00125480228844665 0.9499 1.5655360998826
-12.0941883767535 -12.095443179042 0.158981392827267 -0.00125480228844665 0.15898296735605 1.20226873211552e-42 100.640708421671 0.00125480228844665 0.9499 1.5655360998826
-14.1983967935872 -14.1996515958756 0.158981392827267 -0.00125480228844665 0.15898296735605 9.19774184565371e-69 100.640708421671 0.00125480228844665 0.9499 1.5655360998826
-7.93587174348697 -7.93712626226337 0.158982045079388 -0.00125451877639815 0.158983618896748 1.04656319121055e-08 100.640295525261 0.00125451877639815 0.9487 1.56539481983818
-3.77755511022044 -3.88190525562069 0.0523890981170916 -0.104350145400252 0.0632780509621454 163.089296159265 305.407051754153 0.104350145400252 0.9906 1.16164901315314
-10.0400801603206 -10.0413349626091 0.158981392827267 -0.00125480228844665 0.15898296735605 6.00178117470061e-23 100.640708421671 0.00125480228844665 0.9499 1.56552933103004
8.74749498997996 8.74624018769151 0.158981392827267 -0.00125480228844665 0.15898296735605 1.71984849017662e-108 100.640708421671 0.00125480228844665 0.9499 1.5655360998826
4.63927855711423 4.63802375482578 0.158981392827267 -0.00125480228844665 0.15898296735605 7.30447814798793e-49 100.640708421671 0.00125480228844665 0.9499 1.5655360998826
-5.83166332665331 -5.77023773073198 0.22595757703049 0.0614255959213255 0.22973068086478 2.75485944804798 70.8097520351842 0.0614255959213255 0.9225 1.69647190353696
2.53507014028056 2.53381533799212 0.158981392827267 -0.0012548022884471 0.15898296735605 3.42125470777752e-27 100.640708421671 0.0012548022884471 0.9499 1.56553653626216
-1.62324649298597 -1.63276926747814 0.172039386877059 -0.00952277449217109 0.172130070111088 0.0563737945109353 93.001958972533 0.00952277449217109 0.9507 1.59447807945713
0.480961923847696 0.479707114192563 0.158981416384966 -0.00125480965513286 0.158982990932237 7.80948813975539e-12 100.640693508836 0.00125480965513286 0.949 1.56545027710849
6.7434869739479 6.74223217165945 0.158981392827267 -0.00125480228844665 0.15898296735605 1.52707287067847e-76 100.640708421671 0.00125480228844665 0.9499 1.5655360998826
-12.0440881763527 -12.0453429786412 0.158981392827267 -0.00125480228844665 0.15898296735605 4.2518519504399e-42 100.640708421671 0.00125480228844665 0.9499 1.5655360998826
-14.1482965931864 -14.1495513954748 0.158981392827267 -0.00125480228844665 0.15898296735605 4.52201915898344e-68 100.640708421671 0.00125480228844665 0.9499 1.5655360998826
-7.88577154308617 -7.88702591371702 0.158982378725957 -0.00125437063084899 0.158983952171637 1.93054823606973e-08 100.640084317644 0.00125437063084899 0.9487 1.56539950331035
-3.72745490981964 -3.85351387294542 0.0560156848851174 -0.126058963125782 0.0719065470694647 162.243100970961 285.634283197901 0.126058963125782 0.9873 1.176034635708
4.68937875751503 4.68812395522658 0.158981392827267 -0.00125480228844665 0.15898296735605 1.88097077719798e-49 100.640708421671 0.00125480228844665 0.9499 1.5655360998826
-9.98997995991984 -9.99123476220829 0.158981392827267 -0.00125480228844665 0.15898296735605 1.53882303432693e-22 100.640708421671 0.00125480228844665 0.9499 1.5655287211954
8.79759519038076 8.79634038809231 0.158981392827267 -0.00125480228844665 0.15898296735605 2.32780672754838e-109 100.640708421671 0.00125480228844665 0.9499 1.5655360998826
-5.78156312625251 -5.71024871085266 0.232914713331727 0.0713144153998417 0.238000459175548 3.77319679184172 68.6946727028453 0.0713144153998417 0.9172 1.70685974211848
2.58517034068136 2.58391553839291 0.158981392827267 -0.0012548022884471 0.15898296735605 1.22476526943048e-27 100.640708421671 0.0012548022884471 0.9499 1.56553653626216
-1.57314629258517 -1.58099019949764 0.169665695553297 -0.00784390691246606 0.169727222428949 0.0380474100303863 94.3030937858261 0.00784390691246606 0.9523 1.58936468968121
0.531062124248498 0.529807317219391 0.158981408087723 -0.00125480702910707 0.158982982628403 3.85612715140064e-12 100.640698761276 0.00125480702910707 0.949 1.56544626278661
6.7935871743487 6.79233237206025 0.158981392827267 -0.00125480228844665 0.15898296735605 2.82864219507288e-77 100.640708421671 0.00125480228844665 0.9499 1.5655360998826
-11.9939879759519 -11.9952427782403 0.158981392827267 -0.00125480228844665 0.15898296735605 1.49192907433793e-41 100.640708421671 0.00125480228844665 0.9499 1.5655360998826
-14.0981963927856 -14.099451195074 0.158981392827267 -0.00125480228844665 0.15898296735605 2.20585541094728e-67 100.640708421671 0.00125480228844665 0.9499 1.5655360998826
-7.83567134268537 -7.83692549183393 0.158982873448393 -0.00125414914855959 0.15898444633848 3.53351130057327e-08 100.639771146128 0.00125414914855959 0.9487 1.56540468948793
-3.67735470941884 -3.82417877562304 0.0604998718722804 -0.146824066204198 0.0820571782890151 161.163210677844 264.463370001463 0.146824066204198 0.9799 1.19312731086083
4.73947895791583 4.73822415562739 0.158981392827267 -0.00125480228844665 0.15898296735605 4.80582956136184e-50 100.640708421671 0.00125480228844665 0.9499 1.5655360998826
-9.93987975951904 -9.94113456180748 0.158981392827267 -0.00125480228844665 0.15898296735605 3.9146294846243e-22 100.64070842167 0.00125480228844665 0.9499 1.56551664541587
8.84769539078156 8.84644058849312 0.158981392827267 -0.00125480228844665 0.15898296735605 3.12605856778675e-110 100.640708421671 0.00125480228844665 0.9499 1.5655360998826
-5.7314629258517 -5.64933960197996 0.239691235945212 0.0821233238717456 0.246435476268956 5.12308879757758 66.7525449435174 0.0821233238717456 0.9128 1.71644507881298
2.63527054108216 2.63401573879372 0.158981392827267 -0.0012548022884471 0.15898296735605 4.35024562687905e-28 100.640708421671 0.0012548022884471 0.9499 1.56553653626216
-1.52304609218437 -1.52951897282829 0.167660738997235 -0.00647288064392693 0.167702637181065 0.0255187647078068 95.4308092383147 0.00647288064392693 0.9533 1.58500275782476
0.581162324649299 0.579907519328488 0.158981402649463 -0.00125480532081002 0.158982977185856 1.88918699529767e-12 100.640702203881 0.00125480532081002 0.949 1.56544730729377
6.8436873747495 6.84243257246105 0.158981392827267 -0.00125480228844665 0.15898296735605 5.19863984529238e-78 100.640708421671 0.00125480228844665 0.9499 1.5655360998826
-11.9438877755511 -11.9451425778395 0.158981392827267 -0.00125480228844665 0.15898296735605 5.19411645864419e-41 100.640708421671 0.00125480228844665 0.9499 1.5655360998826
4.78957915831663 4.78832435602819 0.158981392827267 -0.00125480228844665 0.15898296735605 1.21828288334506e-50 100.640708421671 0.00125480228844665 0.9499 1.5655360998826
-14.0480961923848 -14.0493509946732 0.158981392827267 -0.00125480228844665 0.15898296735605 1.06761618193701e-66 100.640708421671 0.00125480228844665 0.9499 1.5655360998826
-7.78557114228457 -7.78682496237283 0.158983602240573 -0.00125382008826147 0.158985174305387 6.41720993849091e-08 100.639309806233 0.00125382008826147 0.9486 1.56541405157876
-3.62725450901804 -3.79372506933703 0.0658849894481555 -0.166470560318995 0.0935974369010757 159.622446529472 242.847424489463 0.166470560318995 0.9672 1.21285368832649
2.68537074148297 2.68411593919452 0.158981392827267 -0.0012548022884471 0.15898296735605 1.53309178860115e-28 100.640708421671 0.0012548022884471 0.9499 1.56553653626216
-9.88977955911824 -9.89103436140668 0.158981392827267 -0.00125480228844665 0.15898296735605 9.88066352528519e-22 100.64070842167 0.00125480228844665 0.9499 1.56551280683087
8.89779559118237 8.89654078889392 0.158981392827267 -0.00125480228844665 0.15898296735605 4.16524703326661e-111 100.640708421671 0.00125480228844665 0.9499 1.5655360998826
-5.6813627254509 -5.58755523654004 0.246076292901265 0.093807488910862 0.254876137877026 6.89020236371982 65.020485359879 0.093807488910862 0.9092 1.72460133622023
-1.47294589178357 -1.47830748572899 0.165983104598748 -0.0053615939454239 0.166011851288384 0.0170076599970865 96.3953532419991 0.0053615939454239 0.9544 1.58122319476344
0.631262525050101 0.630007720833912 0.158981399108025 -0.00125480421618851 0.158982973641646 9.18318027192821e-13 100.640704445734 0.00125480421618851 0.949 1.56547454510026
4.83967935871744 4.83842455642899 0.158981392827267 -0.00125480228844665 0.15898296735605 3.06423015672377e-51 100.640708421671 0.00125480228844665 0.9499 1.5655360998826
6.8937875751503 6.89253277286186 0.158981392827267 -0.00125480228844665 0.15898296735605 9.47970687722673e-79 100.640708421671 0.00125480228844665 0.9499 1.5655360998826
-11.8937875751503 -11.8950423774387 0.158981392827267 -0.00125480228844665 0.15898296735605 1.79419090192923e-40 100.640708421671 0.00125480228844665 0.9499 1.5655360998826
-13.997995991984 -13.9992507942724 0.158981392827267 -0.00125480228844665 0.15898296735605 5.1268040121875e-66 100.640708421671 0.00125480228844665 0.9499 1.5655360998826
-3.57715430861723 -3.76198036993073 0.0722106152576382 -0.184826061313497 0.106371288198299 157.720821624965 221.5740711101 0.184826061313497 0.9464 1.23508323470922
-7.73547094188377 -7.73672427609801 0.158984668927142 -0.00125333421423868 0.158986239773795 1.15638865910648e-07 100.63863458012 0.00125333421423868 0.9486 1.5654098524755
2.73547094188377 2.73421613959532 0.158981392827267 -0.0012548022884471 0.15898296735605 5.36063204079854e-29 100.640708421671 0.0012548022884471 0.9499 1.56553653626216
-9.83967935871743 -9.84093416100588 0.158981392827267 -0.00125480228844665 0.15898296735605 2.47442913628906e-21 100.64070842167 0.00125480228844665 0.9499 1.56552872254182
8.94789579158317 8.94664098929472 0.158981392827267 -0.00125480228844665 0.15898296735605 5.5065283427599e-112 100.640708421671 0.00125480228844665 0.9499 1.5655360998826
-5.6312625250501 -5.52496966429824 0.251841963048836 0.106292860751863 0.263140135295651 9.17116054303041 63.5319063046589 0.106292860751863 0.903 1.73117744791295
-1.42284569138276 -1.42731312319523 0.164592033197293 -0.00446743181246867 0.164611991144292 0.0112626285034353 97.2100513566241 0.00446743181246867 0.9546 1.57814648190269
4.88977955911824 4.88852475682979 0.158981392827267 -0.00125480228844665 0.15898296735605 7.64694707057221e-52 100.640708421671 0.00125480228844665 0.9499 1.5655360998826
0.681362725450903 0.68010792194461 0.158981396816921 -0.00125480350629292 0.158982971348761 4.42899936413326e-13 100.640705896081 0.00125480350629292 0.949 1.56544412463269
6.9438877755511 6.94263297326266 0.158981392827267 -0.00125480228844665 0.15898296735605 1.71511619638227e-79 100.640708421671 0.00125480228844665 0.9499 1.5655360998826
-11.8436873747495 -11.8449421770379 0.158981392827267 -0.00125480228844665 0.15898296735605 6.14920652391664e-40 100.640708421671 0.00125480228844665 0.9499 1.5655360998826
-13.9478957915832 -13.9491505938716 0.158981392827267 -0.00125480228844665 0.15898296735605 2.44270907083071e-65 100.640708421671 0.00125480228844665 0.9499 1.5655360998826
-7.68537074148297 -7.68662336266851 0.158986220180152 -0.00125262118554836 0.158987789239987 2.06768198342312e-07 100.637652633479 0.00125262118554836 0.9486 1.56540750444059
-3.52705410821643 -3.72877697132885 0.0795074053851932 -0.201722863112419 0.120199518887465 155.274180628947 201.239116312299 0.201722863112419 0.9234 1.25956826158515
2.78557114228457 2.78431633999612 0.158981392827267 -0.0012548022884471 0.15898296735605 1.85976170197116e-29 100.640708421671 0.0012548022884471 0.9499 1.5655360998826
-9.78957915831663 -9.79083396060508 0.158981392827268 -0.00125480228844665 0.158982967356051 6.14833319932788e-21 100.64070842167 0.00125480228844665 0.9499 1.5655320194391
8.99799599198397 8.99674118969552 0.158981392827267 -0.00125480228844665 0.15898296735605 7.22284767585029e-113 100.640708421671 0.00125480228844665 0.9499 1.5655360998826
-5.5811623246493 -5.46168755984302 0.256752312782482 0.119474764806283 0.271026532207998 12.0691855805483 62.3168680609123 0.119474764806283 0.8983 1.73564040800204
4.93987975951904 4.93862495723059 0.158981392827267 -0.00125480228844665 0.15898296735605 1.89342561378392e-52 100.640708421671 0.00125480228844665 0.9499 1.5655360998826
-1.37274549098196 -1.37649863010165 0.163448602906866 -0.00375313911968567 0.163462688960118 0.00740973820195142 97.8900994896656 0.00375313911968567 0.9539 1.57554157969208
0.731462925851703 0.73020812279878 0.15898139534458 -0.00125480305292314 0.158982969875282 2.11939690697129e-13 100.640706828124 0.00125480305292314 0.949 1.56545359156928
6.9939879759519 6.99273317366346 0.158981392827267 -0.00125480228844665 0.15898296735605 3.07882957330994e-80 100.640708421671 0.00125480228844665 0.9499 1.5655360998826
-11.7935871743487 -11.7948419766371 0.158981392827267 -0.00125480228844665 0.15898296735605 2.09104303192092e-39 100.640708421671 0.00125480228844665 0.9499 1.5655360998826
2.83567134268537 2.83441654039693 0.158981392827267 -0.0012548022884471 0.15898296735605 6.40165203516128e-30 100.640708421671 0.0012548022884471 0.9499 1.5655360998826
-13.8977955911824 -13.8990503934708 0.158981392827267 -0.00125480228844665 0.15898296735605 1.15475602436776e-64 100.640708421671 0.00125480228844665 0.9499 1.5655360998826
-7.63527054108216 -7.63652212223732 0.158988461789196 -0.00125158115515145 0.158990028244584 3.66852329103038e-07 100.636233723769 0.00125158115515145 0.9486 1.5654101364216
-3.47695390781563 -3.6939545794697 0.0877914962879795 -0.217000671654069 0.134880787786297 152.375388436657 182.24999773914 0.217000671654069 0.8993 1.28614870623246
-9.73947895791583 -9.74073376020428 0.158981392827269 -0.00125480228844665 0.158982967356052 1.51576974581018e-20 100.640708421669 0.00125480228844665 0.9495 1.56554731805553
9.04809619238477 9.04684139009632 0.158981392827267 -0.00125480228844665 0.15898296735605 9.4001004608717e-114 100.640708421671 0.00125480228844665 0.9499 1.5655360998826
-5.5310621242485 -5.39784444280001 0.26057450044716 0.133217681448487 0.278321451097671 15.6865677990017 61.4027848946966 0.133217681448487 0.8931 1.73781959955405
4.98997995991984 4.98872515763139 0.158981392827267 -0.00125480228844665 0.15898296735605 4.6515947686047e-53 100.640708421671 0.00125480228844665 0.9499 1.5655360998826
-1.32264529058116 -1.32583183697285 0.162516564866357 -0.00318654639168803 0.162526718944264 0.00484273236848754 98.4515025478008 0.00318654639168803 0.9536 1.5734895124441
0.781563126252506 0.780308323487279 0.158981394404802 -0.00125480276522649 0.158982968934782 1.00626647197822e-13 100.640707423036 0.00125480276522649 0.949 1.56544148417055
2.88577154308617 2.88451674079772 0.158981392827267 -0.0012548022884471 0.15898296735605 2.18635303733908e-30 100.640708421671 0.0012548022884471 0.9499 1.5655360998826
7.04408817635271 7.04283337406426 0.158981392827267 -0.00125480228844665 0.15898296735605 5.48366875073736e-81 100.640708421671 0.00125480228844665 0.9499 1.5655360998826
-11.7434869739479 -11.7447417762363 0.158981392827267 -0.00125480228844665 0.15898296735605 7.0550536921578e-39 100.640708421671 0.00125480228844665 0.9499 1.5655360998826
-13.8476953907816 -13.84895019307 0.158981392827267 -0.00125480228844665 0.15898296735605 5.41629350034431e-64 100.640708421671 0.00125480228844665 0.9499 1.5655360998826
-7.58517034068136 -7.58642041398786 0.158991680511464 -0.00125007330649662 0.158993243194736 6.45851325633684e-07 100.634196383919 0.00125007330649662 0.9491 1.56544209157527
-3.42685370741483 -3.65736359298094 0.0970587269293841 -0.230509885566112 0.150193534273086 149.014618758852 164.848648917896 0.230509885566112 0.8707 1.31453902586079
-9.68937875751503 -9.69063355980347 0.158981392827271 -0.00125480228844488 0.158982967356054 3.70768251552444e-20 100.640708421668 0.00125480228844488 0.9496 1.56554340880489
9.09819639278557 9.09694159049712 0.158981392827267 -0.00125480228844665 0.15898296735605 1.213808001074e-114 100.640708421671 0.00125480228844665 0.9499 1.5655360998826
-5.4809619238477 -5.33360561638026 0.263091250759998 0.147356307467436 0.284805132110436 20.1137693318861 60.815401324751 0.147356307467436 0.8866 1.73723640051693
5.04008016032064 5.0388253580322 0.158981392827267 -0.00125480228844665 0.15898296735605 1.13383265534826e-53 100.640708421671 0.00125480228844665 0.9499 1.5655360998826
-1.27254509018036 -1.27528528708656 0.161762875916019 -0.00274019690619731 0.161770384595104 0.00314383050519119 98.9102098327342 0.00274019690619731 0.9528 1.57181311105944
2.93587174348697 2.93461694119853 0.158981392827267 -0.0012548022884471 0.15898296735605 7.40869946789698e-31 100.640708421671 0.0012548022884471 0.9499 1.5655360998826
0.831663326653308 0.830408524069462 0.158981393809068 -0.00125480258384603 0.158982968338592 4.74031958598227e-14 100.640707800156 0.00125480258384603 0.949 1.56542399340247
7.09418837675351 7.09293357446506 0.158981392827267 -0.00125480228844665 0.15898296735605 9.69059041202108e-82 100.640708421671 0.00125480228844665 0.9499 1.5655360998826
-11.6933867735471 -11.6946415758355 0.158981392827267 -0.00125480228844665 0.15898296735605 2.36173484996067e-38 100.640708421671 0.00125480228844665 0.9499 1.5655360998826
-13.7975951903808 -13.7988499926692 0.158981392827267 -0.00125480228844665 0.15898296735605 2.52062132022462e-63 100.640708421671 0.00125480228844665 0.9499 1.5655360998826
-3.37675350701403 -3.61886886777158 0.107278988046976 -0.242115360757548 0.165898835961733 145.036663334719 149.143837868734 0.242115360757548 0.8469 1.34445616700977
-7.53507014028056 -7.53631804061184 0.158996273166579 -0.00124790033128352 0.158997830421815 1.1282741689421e-06 100.631289534925 0.00124790033128352 0.9492 1.56544101432378
-9.63927855711423 -9.64053335940267 0.158981392827274 -0.00125480228844488 0.158982967356057 8.99840031646959e-20 100.640708421666 0.00125480228844488 0.9496 1.56553461666297
9.14829659318637 9.14704179089793 0.158981392827267 -0.00125480228844665 0.15898296735605 1.55510944360755e-115 100.640708421671 0.00125480228844665 0.9499 1.5655360998826
-5.43086172344689 -5.26916379505919 0.264113730033918 0.161697928387706 0.290259950078794 25.4158315729805 60.5799630255696 0.161697928387706 0.8794 1.73385896285533
5.09018036072144 5.088925558433 0.158981392827267 -0.00125480228844665 0.15898296735605 2.74213928220283e-54 100.640708421671 0.00125480228844665 0.9499 1.5655360998826
-1.22244488977956 -1.2248358040917 0.161157980133371 -0.002390914312141 0.161163696604619 0.00202705786674942 99.2814627408379 0.002390914312141 0.9514 1.57036846955485
2.98597194388778 2.98471714159933 0.158981392827267 -0.0012548022884471 0.15898296735605 2.49090479059796e-31 100.640708421671 0.0012548022884471 0.9499 1.5655360998826
0.881763527054108 0.88050872458386 0.158981393434053 -0.00125480247024801 0.158982967963293 2.21562400862245e-14 100.640708037554 0.00125480247024801 0.949 1.56540586257657
7.14428857715431 7.14303377486586 0.158981392827267 -0.00125480228844665 0.15898296735605 1.69911480801763e-82 100.640708421671 0.00125480228844665 0.9499 1.5655360998826
-11.6432865731463 -11.6445413754347 0.158981392827267 -0.00125480228844665 0.15898296735605 7.84432204047263e-38 100.640708421671 0.00125480228844665 0.9499 1.5655360998826
-13.74749498998 -13.7487497922684 0.158981392827267 -0.00125480228844665 0.15898296735605 1.16387538288937e-62 100.640708421671 0.00125480228844665 0.9499 1.5655360998826
-3.32665330661323 -3.57835384372414 0.118391073572793 -0.251700537110911 0.181744233954714 140.568123522031 135.145324027849 0.251700537110911 0.8279 1.37562476950944
-7.48496993987976 -7.48621472745955 0.159002785032025 -0.00124478757978608 0.159004334528144 1.95589577359062e-06 100.62716823971 0.00124478757978608 0.949 1.56544763280013
-9.58917835671343 -9.59043315900187 0.158981392827282 -0.00125480228844133 0.158982967356065 2.16681358090122e-19 100.640708421661 0.00125480228844133 0.9496 1.56553083087995
-5.38076152304609 -5.20473544484469 0.263493686701754 0.176026078201399 0.294478866908719 31.6179315957789 60.7225174928393 0.176026078201399 0.8721 1.72734362467956
9.19839679358718 9.19714199129873 0.158981392827267 -0.00125480228844665 0.15898296735605 1.97681206658875e-116 100.640708421671 0.00125480228844665 0.9499 1.5655360998826
5.14028056112225 5.1390257588338 0.158981392827267 -0.00125480228844665 0.15898296735605 6.57996406021727e-55 100.640708421671 0.00125480228844665 0.9499 1.5655360998826
3.03607214428858 3.03481734200013 0.158981392827267 -0.0012548022884471 0.15898296735605 8.30932488274775e-32 100.640708421671 0.0012548022884471 0.9499 1.5655360998826
-1.17234468937876 -1.17446403197347 0.160675894406587 -0.00211934259471014 0.16068038601962 0.00129798672224501 99.5793429941169 0.00211934259471014 0.9503 1.56923042157451
0.93186372745491 0.930608925055331 0.158981393199644 -0.00125480239957909 0.158982967728706 1.02749152683196e-14 100.640708185943 0.00125480239957909 0.949 1.56539510764436
7.19438877755511 7.19313397526667 0.158981392827267 -0.00125480228844665 0.15898296735605 2.9558927598477e-83 100.640708421671 0.00125480228844665 0.9499 1.5655360998826
-11.5931863727455 -11.5944411750339 0.158981392827267 -0.00125480228844665 0.15898296735605 2.58507503474688e-37 100.640708421671 0.00125480228844665 0.9499 1.5655360998826
-13.6973947895792 -13.6986495918676 0.158981392827267 -0.00125480228844665 0.15898296735605 5.33210657946513e-62 100.640708421671 0.00125480228844665 0.9499 1.5655360998826
-3.27655310621243 -3.53572484305104 0.130298484538431 -0.259171736838612 0.197468473714373 135.517012837557 122.794981512474 0.259171736838612 0.8151 1.4076035074857
-7.43486973947896 -7.43611009477063 0.159011960029138 -0.00124035529167443 0.159013498510387 3.36461294665845e-06 100.621362047661 0.00124035529167443 0.9489 1.56547031652513
-9.53907815631263 -9.54033295860106 0.158981392827296 -0.001254802288436 0.158982967356079 5.17691766462498e-19 100.640708421652 0.001254802288436 0.9496 1.56551382907305
-5.33066132264529 -5.14055590848505 0.261133708403771 0.190105414160244 0.297273776896809 38.69307382809 61.2712931540054 0.190105414160244 0.8615 1.71772070291728
9.24849699398798 9.24724219169953 0.158981392827267 -0.00125480228844665 0.15898296735605 2.49323531603296e-117 100.640708421671 0.00125480228844665 0.9499 1.5655360998826
5.19038076152305 5.1891259592346 0.158981392827267 -0.00125480228844665 0.15898296735605 1.56657428948276e-55 100.640708421671 0.00125480228844665 0.9499 1.5655360998826
3.08617234468938 3.08491754240093 0.158981392827267 -0.0012548022884471 0.15898296735605 2.75022238861421e-32 100.640708421671 0.0012548022884471 0.9499 1.5655360998826
-1.12224448897796 -1.12415397243406 0.160294147850751 -0.00190948345610864 0.16029779397782 0.000825338319985684 99.816494953375 0.00190948345610864 0.9508 1.56830295519024
0.981963927855713 0.980709125499797 0.158981393054167 -0.00125480235591546 0.158982967583119 4.72774585471357e-15 100.640708278035 0.00125480235591546 0.949 1.5653565791289
7.24448897795591 7.24323417566747 0.158981392827267 -0.00125480228844665 0.15898296735605 5.1020896397505e-84 100.640708421671 0.00125480228844665 0.9499 1.5655360998826
-11.5430861723447 -11.5443409746331 0.158981392827267 -0.00125480228844665 0.15898296735605 8.452483935517e-37 100.640708421671 0.00125480228844665 0.9499 1.5655360998826
-13.6472945891784 -13.6485493914668 0.158981392827267 -0.00125480228844665 0.15898296735605 2.42373214403875e-61 100.640708421671 0.00125480228844665 0.9499 1.5655360998826
-7.38476953907816 -7.38600362102056 0.159024805644553 -0.00123408194240859 0.159026328602794 5.74372414842554e-06 100.613234112436 0.00123408194240859 0.9491 1.5655077212711
-3.22645290581162 -3.49091528459926 0.142866707458424 -0.264462378787635 0.212807057252439 129.816292785115 111.992501854613 0.264462378787635 0.8059 1.44001604905266
-9.48897795591182 -9.49023275820025 0.158981392827322 -0.00125480228842534 0.158982967356105 1.2271974360563e-18 100.640708421636 0.00125480228842534 0.9496 1.56550413010641
-5.28056112224449 -5.07687344364638 0.256994579806099 0.203687678598104 0.298483250218783 46.555425674819 62.2581223778024 0.203687678598104 0.8541 1.70495254100743
9.29859719438878 9.29734239210033 0.158981392827267 -0.00125480228844665 0.15898296735605 3.12000017512479e-118 100.640708421671 0.00125480228844665 0.9499 1.5655360998826
5.24048096192385 5.2392261596354 0.158981392827267 -0.00125480228844665 0.15898296735605 3.70059816974653e-56 100.640708421671 0.00125480228844665 0.9499 1.5655360998826
3.13627254509018 3.13501774280173 0.158981392827267 -0.0012548022884471 0.15898296735605 9.03157200405451e-33 100.640708421671 0.0012548022884471 0.9499 1.5655360998826
-1.07214428857715 -1.0738925377669 0.159993613396939 -0.00174824918974958 0.159996669772169 0.000521091754786781 100.00399178625 0.00174824918974958 0.9503 1.567593655281
1.03206412825651 1.03080932592739 0.158981392964532 -0.00125480232912367 0.158982967493417 2.15835876331499e-15 100.640708334777 0.00125480232912367 0.949 1.56539895217643
7.29458917835671 7.29333437606827 0.158981392827267 -0.00125480228844665 0.15898296735605 8.7377770106764e-85 100.640708421671 0.00125480228844665 0.9499 1.5655360998826
-11.4929859719439 -11.4942407742323 0.158981392827267 -0.00125480228844665 0.15898296735605 2.74213616441104e-36 100.640708421671 0.00125480228844665 0.9499 1.5655360998826
-13.5971943887776 -13.598449191066 0.158981392827267 -0.00125480228844665 0.15898296735605 1.09311004562593e-60 100.640708421671 0.00125480228844665 0.9499 1.5655360998826
-3.17635270541082 -3.44388951457811 0.155922532078844 -0.267536809167288 0.227498476338257 123.48700380051 102.615060098623 0.267536809167288 0.8008 1.47251133107186
-7.33466933867735 -7.33589459500433 0.15904267596686 -0.00122525632697368 0.159044177219927 9.73045865633129e-06 100.60192902774 0.00122525632697368 0.949 1.56553064787187
-9.43887775551102 -9.44013255779943 0.158981392827371 -0.00125480228840757 0.158982967356154 2.88636398091663e-18 100.640708421604 0.00125480228840757 0.9496 1.56548071923262
-5.23046092184369 -5.01394237012952 0.251098987118668 0.216518551714164 0.297979270355067 55.0621495183541 63.7198906439176 0.216518551714164 0.8458 1.68905984106281
9.34869739478958 9.34744259250113 0.158981392827267 -0.00125480228844665 0.15898296735605 3.87381992618455e-119 100.640708421671 0.00125480228844665 0.9499 1.5655360998826
5.29058116232465 5.2893263600362 0.158981392827267 -0.00125480228844665 0.15898296735605 8.67333910749986e-57 100.640708421671 0.00125480228844665 0.9499 1.5655360998826
3.18637274549098 3.18511794320253 0.158981392827267 -0.0012548022884471 0.15898296735605 2.94274307292132e-33 100.640708421671 0.0012548022884471 0.9499 1.5655360998826
-1.02204408817635 -1.02366913063374 0.15975825881592 -0.00162504245739026 0.159760899578909 0.000326649515639285 100.151316862033 0.00162504245739026 0.9502 1.5670952360758
1.08216432865731 1.08090952634451 0.158981392909707 -0.00125480231279917 0.158982967438551 9.77657527759128e-16 100.640708369483 0.00125480231279917 0.949 1.56541067649839
7.34468937875751 7.34343457646907 0.158981392827267 -0.00125480228844665 0.15898296735605 1.48472934364284e-85 100.640708421671 0.00125480228844665 0.9499 1.5655360998826
-11.4428857715431 -11.4441405738315 0.158981392827267 -0.00125480228844665 0.15898296735605 8.82647185629198e-36 100.640708421671 0.00125480228844665 0.9499 1.5655360998826
-13.5470941883768 -13.5483489906652 0.158981392827267 -0.00125480228844665 0.15898296735605 4.89143864321186e-60 100.640708421671 0.00125480228844665 0.9499 1.5655360998826
-3.12625250501002 -3.39464594798295 0.1692559436923 -0.268393442972931 0.241290983923163 116.522195670456 94.5313922274266 0.268393442972931 0.7996 1.5046833461836
-7.28456913827655 -7.28578205384439 0.15906737656564 -0.0012129155678382 0.159068847729815 1.63594309605043e-05 100.586307170267 0.0012129155678382 0.9489 1.56560428105224
-9.38877755511022 -9.39003235739859 0.158981392827462 -0.00125480228837205 0.158982967356245 6.73567669401896e-18 100.640708421547 0.00125480228837205 0.9496 1.56549518772883
-5.18036072144289 -4.95201560245528 0.243531187429868 0.228345118987604 0.295672680795331 64.0246247306694 65.7000040481783 0.228345118987604 0.8369 1.67021340791052
9.39879759519038 9.39754279290193 0.158981392827267 -0.00125480228844665 0.15898296735605 4.77218972152875e-120 100.640708421671 0.00125480228844665 0.9499 1.5655360998826
5.34068136272545 5.339426560437 0.158981392827267 -0.00125480228844665 0.15898296735605 2.01694560304589e-57 100.640708421671 0.00125480228844665 0.9499 1.5655360998826
3.23647294589178 3.23521814360334 0.158981392827267 -0.0012548022884471 0.15898296735605 9.51337914364536e-34 100.640708421671 0.0012548022884471 0.9499 1.5655360998826
-0.97194388777555 -0.973475256946455 0.15957483879416 -0.00153136917090424 0.159577183885698 0.000203283999003337 100.266433736705 0.00153136917090424 0.95 1.56671978834843
1.13226452905812 1.13100972675519 0.158981392876418 -0.00125480230292307 0.158982967405238 4.39383185680699e-16 100.640708390556 0.00125480230292307 0.949 1.56544747603762
7.39478957915832 7.39353477686987 0.158981392827267 -0.00125480228844665 0.15898296735605 2.50315122809862e-86 100.640708421671 0.00125480228844665 0.9499 1.5655360998826
-11.3927855711423 -11.3940403734307 0.158981392827267 -0.00125480228844665 0.15898296735605 2.81889388159651e-35 100.640708421671 0.00125480228844665 0.9499 1.5655360998826
-13.496993987976 -13.4982487902644 0.158981392827267 -0.00125480228844665 0.15898296735605 2.17171482932635e-59 100.640708421671 0.00125480228844665 0.9499 1.5655360998826
-3.07615230460922 -3.34321925085472 0.18262497638012 -0.267066946245506 0.25394973015702 108.950067102999 87.6112365194626 0.267066946245506 0.8009 1.53612782725575
-7.23446893787575 -7.23566470368498 0.159101295100288 -0.00119576580922853 0.159102724956159 2.7296935710843e-05 100.564863346427 0.00119576580922853 0.9486 1.56569617883118
-5.13026052104208 -4.8913369312399 0.23443270687238 0.23892358980218 0.29151718863634 73.2272831517494 68.2498624592945 0.23892358980218 0.8273 1.64856787523645
-9.33867735470942 -9.33993215699773 0.158981392827631 -0.0012548022883081 0.158982967356413 1.55956993925856e-17 100.64070842144 0.0012548022883081 0.9496 1.56547408905787
9.44889779559118 9.44764299330274 0.158981392827267 -0.00125480228844665 0.15898296735605 5.83296586819744e-121 100.640708421671 0.00125480228844665 0.9499 1.5655360998826
5.39078156312625 5.38952676083781 0.158981392827267 -0.00125480228844665 0.15898296735605 4.65366917210861e-58 100.640708421671 0.00125480228844665 0.9499 1.5655360998826
3.28657314629259 3.28531834400414 0.158981392827267 -0.0012548022884471 0.15898296735605 3.05148139591462e-34 100.640708421671 0.0012548022884471 0.9499 1.5655360998826
-0.921843687374748 -0.923304174951671 0.159432549853382 -0.00146048757692274 0.159434682877344 0.000125587973637467 100.355918629627 0.00146048757692274 0.9493 1.56636571492742
7.44488977955912 7.44363497727067 0.158981392827267 -0.00125480228844665 0.15898296735605 4.18716761882302e-87 100.640708421671 0.00125480228844665 0.9499 1.5655360998826
1.18236472945892 1.18110992716193 0.158981392856356 -0.00125480229699093 0.158982967385161 1.95926718753839e-16 100.640708403256 0.00125480229699093 0.949 1.56545756682405
-11.3426853707415 -11.3439401730299 0.158981392827267 -0.00125480228844665 0.15898296735605 8.93230975399526e-35 100.640708421671 0.00125480228844665 0.9499 1.5655360998826
-13.4468937875751 -13.4481485898636 0.158981392827267 -0.00125480228844665 0.15898296735605 9.56670639288388e-59 100.640708421671 0.00125480228844665 0.9499 1.5655360998826
-3.02605210420842 -3.28968135991978 0.195763630154445 -0.263629255711363 0.265264014621373 100.788627980642 81.7312183441685 0.263629255711363 0.8043 1.56632224441445
-7.18436873747495 -7.18554081946551 0.159147561382708 -0.00117208199055963 0.1591489351589 4.52051659959609e-05 100.535627822309 0.00117208199055963 0.9487 1.56588270127481
-5.08016032064128 -4.83213349681447 0.223994577415269 0.248026823826808 0.285511882752883 82.4500239050746 71.4303006109706 0.248026823826808 0.8187 1.62429268675766
-9.28857715430862 -9.2898319565968 0.158981392827938 -0.00125480228818908 0.158982967356721 3.58279508814022e-17 100.640708421245 0.00125480228818908 0.9496 1.56546535493699
9.49899799599199 9.49774319370354 0.158981392827267 -0.00125480228844665 0.15898296735605 7.07383020610226e-122 100.640708421671 0.00125480228844665 0.9499 1.5655360998826
5.44088176352706 5.43962696123861 0.158981392827267 -0.00125480228844665 0.15898296735605 1.06534504138503e-58 100.640708421671 0.00125480228844665 0.9499 1.5655360998826
3.33667334669339 3.33541854440494 0.158981392827267 -0.0012548022884471 0.15898296735605 9.71136124947344e-35 100.640708421671 0.0012548022884471 0.9499 1.5655360998826
-0.871743486973948 -0.87315058228026 0.159322672293015 -0.00140709530631211 0.159324652210216 7.70175113170103e-05 100.425129516871 0.00140709530631211 0.9491 1.56612439310469
7.49498997995992 7.49373517767147 0.158981392827267 -0.00125480228844665 0.15898296735605 6.94939611282108e-88 100.640708421671 0.00125480228844665 0.9499 1.5655360998826
-11.2925851703407 -11.2938399726291 0.158981392827267 -0.00125480228844665 0.15898296735605 2.80829214424319e-34 100.640708421671 0.00125480228844665 0.9499 1.5655360998826
1.23246492985972 1.23121012756627 0.158981392844356 -0.00125480229345332 0.158982967373152 8.66836970494606e-17 100.640708410852 0.00125480229345332 0.949 1.56550348714219
-13.3967935871743 -13.3980483894628 0.158981392827267 -0.00125480228844665 0.15898296735605 4.18134070131542e-58 100.640708421671 0.00125480228844665 0.9499 1.5655360998826
-2.97595190380762 -3.23414121200375 0.208392576387601 -0.258189308196132 0.275054295254399 92.1351208097829 76.7781668490949 0.258189308196132 0.8089 1.59503552491914
-7.13426853707415 -7.13540811990879 0.159210239964088 -0.00113958283463855 0.159211538613125 7.43037059208981e-05 100.496048518041 0.00113958283463855 0.9492 1.56600914924583
-5.03006012024048 -4.77460894541125 0.212446966292084 0.255451174829232 0.277702269013719 91.4893480048115 75.3129135202727 0.255451174829232 0.8124 1.59776947076207
-9.23847695390782 -9.23973175619579 0.158981392828497 -0.00125480228797237 0.158982967357279 8.16643643419253e-17 100.640708420891 0.00125480228797237 0.9496 1.56549540957717
9.54909819639279 9.54784339410434 0.158981392827267 -0.00125480228844665 0.15898296735605 8.51164082855044e-123 100.640708421671 0.00125480228844665 0.9499 1.5655360998826
5.49098196392786 5.48972716163941 0.158981392827267 -0.00125480228844665 0.15898296735605 2.41979476770124e-59 100.640708421671 0.00125480228844665 0.9499 1.5655360998826
3.38677354709419 3.38551874480574 0.158981392827267 -0.0012548022884471 0.15898296735605 3.06649989781116e-35 100.640708421671 0.0012548022884471 0.9499 1.5655360998826
-0.821643286573146 -0.823010342143331 0.159238223444238 -0.00136705557018579 0.15924009228517 4.68816483450072e-05 100.47838800213 0.00136705557018579 0.9494 1.56593224332842
7.54509018036072 7.54383537807228 0.158981392827267 -0.00125480228844665 0.15898296735605 1.14437206860292e-88 100.640708421671 0.00125480228844665 0.9499 1.5655360998826
-11.2424849699399 -11.2437397722283 0.158981392827267 -0.00125480228844665 0.15898296735605 8.76020475097831e-34 100.640708421671 0.00125480228844665 0.9499 1.5655360998826
1.28256513026052 1.28131032796916 0.158981392837231 -0.00125480229135921 0.158982967366022 3.80517556828584e-17 100.640708415362 0.00125480229135921 0.949 1.5654879262932
-2.92585170340681 -3.17674312347656 0.220231984694069 -0.250891420069746 0.283178489358683 83.1162833266011 72.6506643538907 0.250891420069746 0.8148 1.62175357916719
-13.3466933867735 -13.347948189062 0.158981392827267 -0.00125480228844665 0.15898296735605 1.81326854660525e-57 100.640708421671 0.00125480228844665 0.9499 1.5655360998826
-7.08416833667335 -7.08526361377312 0.159294556996167 -0.00109527709977009 0.159295756628092 0.000121228058526689 100.442854430896 0.00109527709977009 0.9492 1.56618397473451
-4.97995991983968 -4.71893773865649 0.200047211080081 0.26102218118319 0.268179790149711 100.174238454088 79.9811200246878 0.26102218118319 0.8063 1.56929615539819
-9.18837675350701 -9.1896315557946 0.158981392829505 -0.00125480228758335 0.158982967358286 1.84687164841241e-16 100.640708420254 0.00125480228758335 0.9496 1.56548489188416
9.59919839679359 9.59794359450514 0.158981392827267 -0.00125480228844665 0.15898296735605 1.01616775306307e-123 100.640708421671 0.00125480228844665 0.9499 1.5655360998826
5.54108216432866 5.53982736204021 0.158981392827267 -0.00125480228844665 0.15898296735605 5.45331066984615e-60 100.640708421671 0.00125480228844665 0.9499 1.5655360998826
3.43687374749499 3.43561894520654 0.158981392827267 -0.0012548022884471 0.15898296735605 9.60725374608722e-36 100.640708421671 0.0012548022884471 0.9499 1.5655360998826
-11.1923847695391 -11.1936395718275 0.158981392827267 -0.00125480228844665 0.15898296735605 2.71131321464417e-33 100.640708421671 0.00125480228844665 0.9499 1.5655360998826
7.59519038076152 7.59393557847308 0.158981392827267 -0.00125480228844665 0.15898296735605 1.86973859685802e-89 100.640708421671 0.00125480228844665 0.9499 1.5655360998826
-0.771543086172345 -0.772880249063096 0.159173642074354 -0.00133716289075081 0.159175430078951 2.83247460746245e-05 100.519155002598 0.00133716289075081 0.9491 1.56578690633559
1.33266533066132 1.3314105283712 0.158981392833034 -0.00125480229012864 0.158982967361821 1.65731658177947e-17 100.64070841802 0.00125480229012864 0.949 1.56551654766258
-2.87575150300601 -3.11766381563618 0.231015486357617 -0.241912312630169 0.289537053359694 73.900340117793 69.2594260768805 0.241912312630169 0.8219 1.64620434246058
-13.2965931863727 -13.2978479886612 0.158981392827267 -0.00125480228844665 0.15898296735605 7.8019320305947e-57 100.640708421671 0.00125480228844665 0.9499 1.5655360998826
-7.03406813627254 -7.03510341354788 0.15940716099541 -0.00103527727533059 0.159408232794447 0.000196331742623004 100.3719023668 0.00103527727533059 0.9495 1.56645547956267
-4.92985971943888 -4.66526097842425 0.187067234150231 0.264598741014622 0.257079727896754 108.374823025832 85.5307455240967 0.264598741014622 0.8009 1.5392147355597
-9.13827655310621 -9.13953135539309 0.158981392831307 -0.00125480228688168 0.158982967360086 4.14413953738781e-16 100.640708419113 0.00125480228688168 0.9496 1.56551543180396
9.64929859719439 9.64804379490594 0.158981392827267 -0.00125480228844665 0.15898296735605 1.20367985087234e-124 100.640708421671 0.00125480228844665 0.9499 1.5655360998826
5.59118236472946 5.58992756244101 0.158981392827267 -0.00125480228844665 0.15898296735605 1.21936972513568e-60 100.640708421671 0.00125480228844665 0.9499 1.5655360998826
3.48697394789579 3.48571914560734 0.158981392827267 -0.0012548022884471 0.15898296735605 2.9864072425485e-36 100.640708421671 0.0012548022884471 0.9499 1.5655360998826
-11.1422845691383 -11.1435393714267 0.158981392827267 -0.00125480228844665 0.15898296735605 8.32604179184022e-33 100.640708421671 0.00125480228844665 0.9499 1.5655360998826
7.64529058116232 7.64403577887388 0.158981392827267 -0.00125480228844665 0.15898296735605 3.03101439676099e-90 100.640708421671 0.00125480228844665 0.9499 1.5655360998826
-0.721442885771543 -0.72275783314819 0.15912451576029 -0.00131494737664695 0.159126244846893 1.69847441916193e-05 100.550188156443 0.00131494737664695 0.9494 1.56570549466259
1.38276553106212 1.38151072877271 0.158981392830579 -0.00125480228941099 0.158982967359365 7.16192459859575e-18 100.640708419574 0.00125480228941099 0.949 1.56552237969317
-2.82565130260521 -3.05710813311447 0.240504098068175 -0.231456830509261 0.294076362457568 64.6888810181181 66.5269329234652 0.231456830509261 0.8289 1.66793496780804
-13.2464929859719 -13.2477477882604 0.158981392827267 -0.00125480228844665 0.15898296735605 3.3307010856572e-56 100.640708421671 0.00125480228844665 0.9499 1.5655360998826
-6.98396793587174 -6.98492251313431 0.159556414192313 -0.000954577262571199 0.159557325410064 0.000315645436175029 100.278011893118 0.000954577262571199 0.9498 1.56684469519405
-4.87975951903808 -4.6136839206968 0.173781145881397 0.266075598341281 0.244577369914068 116.004001402167 92.0698267861562 0.266075598341281 0.7991 1.50788249358376
-9.08817635270541 -9.08943115499105 0.158981392834504 -0.00125480228563468 0.15898296736328 9.22625750318098e-16 100.640708417089 0.00125480228563468 0.9496 1.56553685075482
9.69939879759519 9.69814399530674 0.158981392827267 -0.00125480228844665 0.15898296735605 1.41465335629845e-125 100.640708421671 0.00125480228844665 0.9499 1.5655360998826
5.64128256513026 5.64002776284181 0.158981392827267 -0.00125480228844665 0.15898296735605 2.70522902379542e-61 100.640708421671 0.00125480228844665 0.9499 1.5655360998826
3.53707414829659 3.53581934600815 0.158981392827267 -0.0012548022884471 0.15898296735605 9.2106920170108e-37 100.640708421671 0.0012548022884471 0.9499 1.5655360998826
-11.0921843687375 -11.0934391710259 0.158981392827267 -0.00125480228844665 0.15898296735605 2.53682754150258e-32 100.640708421671 0.00125480228844665 0.9499 1.5655360998826
7.69539078156313 7.69413597927468 0.158981392827267 -0.00125480228844665 0.15898296735605 4.87515655912212e-91 100.640708421671 0.00125480228844665 0.9499 1.5655360998826
-0.671342685370741 -0.672641200236259 0.159087354422623 -0.00129851486551813 0.159089040563479 1.01079720719539e-05 100.57367575235 0.00129851486551813 0.9496 1.56563613452053
1.43286573146293 1.43161092917393 0.158981392829155 -0.00125480228899555 0.158982967357939 3.07077148419532e-18 100.640708420475 0.00125480228899555 0.949 1.56556340609717
-2.77555110220441 -2.9953035598331 0.248498882699196 -0.219752457628694 0.296790025333047 55.7014675122624 64.3866074012403 0.219752457628694 0.838 1.68690172322164
-13.1963927855711 -13.1976475878596 0.158981392827267 -0.00125480228844665 0.15898296735605 1.41079079263716e-55 100.640708421671 0.00125480228844665 0.9499 1.5655360998826
-6.93386773547094 -6.93471452662162 0.159752707552548 -0.00084679115068198 0.159753424607801 0.00050380169014391 100.154797030511 0.00084679115068198 0.9495 1.56729087002842
-4.82965931863727 -4.56427513228329 0.160453672926645 0.265384186353988 0.230882439293413 123.013703931807 99.7172561285948 0.265384186353988 0.8005 1.47578437971812
-9.03807615230461 -9.03933095458804 0.158981392840136 -0.00125480228343022 0.158982967368906 2.03802891832494e-15 100.640708413524 0.00125480228343022 0.9496 1.56554938803273
9.74949899799599 9.74824419570755 0.158981392827267 -0.00125480228844665 0.15898296735605 1.6496147826694e-126 100.640708421671 0.00125480228844665 0.9499 1.5655360998826
5.69138276553106 5.69012796324262 0.158981392827267 -0.00125480228844665 0.15898296735605 5.95478561150051e-62 100.640708421671 0.00125480228844665 0.9499 1.5655360998826
3.5871743486974 3.58591954640895 0.158981392827267 -0.0012548022884471 0.15898296735605 2.81857083216243e-37 100.640708421671 0.0012548022884471 0.9499 1.5655360998826
-11.0420841683367 -11.0433389706251 0.158981392827267 -0.00125480228844665 0.15898296735605 7.66896513755322e-32 100.640708421671 0.00125480228844665 0.9499 1.5655360998826
7.74549098196393 7.74423617967548 0.158981392827267 -0.00125480228844665 0.15898296735605 7.78005373895579e-92 100.640708421671 0.00125480228844665 0.9499 1.5655360998826
-0.62124248496994 -0.622528903789211 0.15905940669922 -0.00128641881927061 0.159061061572599 5.96987555468916e-06 100.591347170406 0.00128641881927061 0.9495 1.56558508429827
1.48296593186373 1.48171112957497 0.158981392828335 -0.00125480228875685 0.158982967357119 1.30634754623784e-18 100.640708420994 0.00125480228875685 0.949 1.56555272727469
-2.72545090180361 -2.93249370699899 0.254851223226726 -0.20704280519538 0.297717946409898 47.1547663882372 62.7817273051335 0.20704280519538 0.8478 1.70282195878133
-13.1462925851703 -13.1475473874588 0.158981392827267 -0.00125480228844665 0.15898296735605 5.9290216549699e-55 100.640708421671 0.00125480228844665 0.9499 1.5655360998826
-6.88376753507014 -6.88447138599286 0.160008788724305 -0.000703850922716853 0.160009284130426 0.000798367623654638 99.9945073490183 0.000703850922716853 0.9501 1.5680097725294
-4.77955911823647 -4.51706706170784 0.14732994753083 0.262492056528628 0.216232027271459 129.388005323064 108.599780751648 0.262492056528628 0.8054 1.44334407124579
-8.98797595190381 -8.98923075418337 0.15898139284998 -0.00125480227956487 0.158982967378741 4.46671981654939e-15 100.640708407292 0.00125480227956487 0.9496 1.56555437433068
9.79959919839679 9.79834439610835 0.158981392827267 -0.00125480228844665 0.15898296735605 1.90857182001174e-127 100.640708421671 0.00125480228844665 0.9499 1.5655360998826
5.74148296593187 5.74022816364342 0.158981392827267 -0.00125480228844665 0.15898296735605 1.30053392157879e-62 100.640708421671 0.00125480228844665 0.9499 1.5655360998826
3.6372745490982 3.63601974680975 0.158981392827267 -0.0012548022884471 0.15898296735605 8.55774039600926e-38 100.640708421671 0.0012548022884471 0.9499 1.5655360998826
-10.9919839679359 -10.9932387702243 0.158981392827267 -0.00125480228844665 0.15898296735605 2.30025532567076e-31 100.640708421671 0.00125480228844665 0.9499 1.5655360998826
7.79559118236473 7.79433638007628 0.158981392827267 -0.00125480228844665 0.15898296735605 1.23188477689884e-92 100.640708421671 0.00125480228844665 0.9499 1.5655360998826
1.53306613226453 1.53181132997591 0.158981392827866 -0.00125480228862074 0.15898296735665 5.513957884733e-19 100.640708421291 0.00125480228862074 0.949 1.565553166143
-0.571142284569138 -0.572419843649272 0.159038512536053 -0.00127755908013405 0.159040144693256 3.49903873202173e-06 100.604562661342 0.00127755908013405 0.9496 1.56552894021544
-2.67535070140281 -2.8689310305029 0.259469831105311 -0.193580329100099 0.296943174919813 39.2400653829147 61.6642016986788 0.193580329100099 0.8562 1.71570818089377
-6.83366733466934 -6.83418299646135 0.160340088661271 -0.000515661792011457 0.160340354568355 0.00125621515571188 99.7878954264585 0.000515661792011457 0.9502 1.56880066982987
-13.0961923847695 -13.097447187058 0.158981392827267 -0.00125480228844665 0.15898296735605 2.47227580340326e-54 100.640708421671 0.00125480228844665 0.9499 1.5655360998826
-4.72945891783567 -4.4720577032779 0.134627159114845 0.257401214557771 0.200882544370661 135.135122626284 118.846747604256 0.257401214557771 0.8157 1.41088507916272
-8.93787575150301 -8.93913055377584 0.158981392867058 -0.00125480227283248 0.158982967395802 9.71316389218253e-15 100.640708396481 0.00125480227283248 0.9496 1.56559212758069
9.8496993987976 9.84844459650915 0.158981392827267 -0.00125480228844665 0.15898296735605 2.19092714655501e-128 100.640708421671 0.00125480228844665 0.9499 1.5655360998826
5.79158316633266 5.79032836404422 0.158981392827267 -0.00125480228844665 0.15898296735605 2.81819279453358e-63 100.640708421671 0.00125480228844665 0.9499 1.5655360998826
3.687374749499 3.68611994721055 0.158981392827267 -0.0012548022884471 0.15898296735605 2.5779988785807e-38 100.640708421671 0.0012548022884471 0.9499 1.5655360998826
7.84569138276553 7.84443658047709 0.158981392827267 -0.00125480228844665 0.15898296735605 1.93531223385858e-93 100.640708421671 0.00125480228844665 0.9499 1.5655360998826
-10.9418837675351 -10.9431385698235 0.158981392827267 -0.00125480228844665 0.15898296735605 6.84555695502763e-31 100.640708421671 0.00125480228844665 0.9499 1.5655360998826
1.58316633266533 1.58191153037679 0.158981392827601 -0.00125480228854369 0.158982967356384 2.30920042166059e-19 100.640708421459 0.00125480228854369 0.949 1.56555221068619
-0.521042084168336 -0.522313186715837 0.159022984800642 -0.00127110254750074 0.159024600502328 2.0351766773635e-06 100.614386153412 0.00127110254750074 0.9492 1.56548199273393
-2.625250501002 -2.80486912609872 0.262323984335699 -0.179618625096711 0.294586834817332 32.1040210756693 60.9932791335032 0.179618625096711 0.8657 1.7254760179069
-6.78356713426854 -6.78383684926019 0.160765029940422 -0.000269714991649295 0.160765102686599 0.00196281790544267 99.5241316219668 0.000269714991649295 0.9509 1.56988948484926
-13.0460921843687 -13.0473469866572 0.158981392827267 -0.00125480228844665 0.15898296735605 1.022831894735e-53 100.640708421671 0.00125480228844665 0.9499 1.5655360998826
-4.67935871743487 -4.42921303951669 0.122528518315437 0.250145677918175 0.18510137849658 140.254324974372 130.581845108171 0.250145677918175 0.8295 1.37888804932802
-8.88777555110221 -8.8890303533634 0.158981392896464 -0.00125480226119734 0.158982967425178 2.09568693043191e-14 100.640708377866 0.00125480226119734 0.9496 1.56551973986254
9.8997995991984 9.89854479690995 0.158981392827267 -0.00125480228844665 0.15898296735605 2.49540377468364e-129 100.640708421671 0.00125480228844665 0.9499 1.5655360998826
3.7374749498998 3.73622014761135 0.158981392827267 -0.0012548022884471 0.15898296735605 7.70548185899007e-39 100.640708421671 0.0012548022884471 0.9499 1.5655360998826
5.84168336673347 5.84042856444502 0.158981392827267 -0.00125480228844665 0.15898296735605 6.05917056413863e-64 100.640708421671 0.00125480228844665 0.9499 1.5655360998826
7.89579158316633 7.89453678087789 0.158981392827267 -0.00125480228844665 0.15898296735605 3.01665369763774e-94 100.640708421671 0.00125480228844665 0.9499 1.5655360998826
-10.8917835671343 -10.8930383694227 0.158981392827267 -0.00125480228844665 0.15898296735605 2.02131962832054e-30 100.640708421671 0.00125480228844665 0.9499 1.5655360998826
1.63326653306613 1.63201173077763 0.158981392827451 -0.00125480228850039 0.158982967356235 9.59518343383391e-20 100.640708421554 0.00125480228850039 0.949 1.56555099718006
-0.470941883767535 -0.472208305085121 0.159011513693985 -0.00126642131758525 0.159013117516938 1.17466643017767e-06 100.621644485391 0.00126642131758525 0.9489 1.56545409652951
-2.5751503006012 -2.74055503716591 0.263442935382513 -0.165404736564712 0.290801662260555 25.836790296405 60.7342154640373 0.165404736564712 0.8742 1.73205447554028
-12.9959919839679 -12.9972467862564 0.158981392827267 -0.00125480228844665 0.15898296735605 4.19860547415995e-53 100.640708421671 0.00125480228844665 0.9499 1.5655360998826
-6.73346693386774 -6.73341759341262 0.161305297778539 4.9340455117175e-05 0.161305300213019 0.00304572113548962 99.1907905093539 4.9340455117175e-05 0.9511 1.57116345409589
-4.62925851703407 -4.38847001456246 0.111179835462982 0.240788502471609 0.169158938385502 144.795506136403 143.910988295421 0.240788502471609 0.8506 1.34769604144047
-8.8376753507014 -8.83893015294264 0.158981392946717 -0.00125480224123642 0.158982967475381 4.48627441343423e-14 100.640708346054 0.00125480224123642 0.9496 1.56552351801374
9.9498997995992 9.94864499731075 0.158981392827267 -0.00125480228844665 0.15898296735605 2.81998748390604e-130 100.640708421671 0.00125480228844665 0.9499 1.5655360998826
-0.420841683366733 -0.422104727923617 0.159003089172145 -0.00126304455688425 0.159004684453698 6.72785480178152e-07 100.626975760688 0.00126304455688425 0.949 1.56543270279949
-12.9458917835671 -12.9471465858556 0.158981392827267 -0.00125480228844665 0.15898296735605 1.71001269734815e-52 100.640708421671 0.00125480228844665 0.9499 1.5655360998826
-6.68336673346693 -6.68290657084526 0.161986052619678 0.000460162621674698 0.161986264369317 0.00469391880500967 98.7739360348873 0.000460162621674698 0.9514 1.57276608313476
-2.5250501002004 -2.67622206691337 0.262911845973892 -0.151171966712971 0.285764809493759 20.4695145601382 60.8569003071428 0.151171966712971 0.8825 1.73563070177096
10 9.99874519771155 0.158981392827267 -0.00125480228844665 0.15898296735605 3.1618917378784e-131 100.640708421671 0.00125480228844665 0.9499 1.5655360998826
-8.7875751503006 -8.78882995250784 0.158981393031956 -0.00125480220723695 0.158982967560535 9.52881903366652e-14 100.640708292095 0.00125480220723695 0.9496 1.56551142357251
