3.7875751503006 3.78632034801215 0.158981392827267 -0.0012548022884471 0.15898296735605 1.44296647388527e-39 100.640708421671 0.0012548022884471 0.9499 1.5655360998826
-6.63326653306613 -6.63323630023766 0.161147761344496 3.02328284700337e-05 0.16114776225852 0.00440912855985429 99.287758430573 3.02328284700337e-05 0.9505 1.57091233596256
-15 -15.0012548022884 0.158981392827267 -0.00125480228844665 0.15898296735605 1.71521679008421e-80 100.640708421671 0.00125480228844665 0.9499 1.5655360998826
-12.8957915831663 -12.8970463854548 0.158981392827267 -0.00125480228844665 0.15898296735605 4.36347973017469e-52 100.640708421671 0.00125480228844665 0.9499 1.5655360998826
1.68336673346693 1.68211193117847 0.158981392827331 -0.00125480228846553 0.158982967356114 2.49795310767243e-20 100.64070842163 0.00125480228846553 0.949 1.56555256937418
-4.57915831663327 -4.4077144203928 0.12027329649437 0.171443896240464 0.149666306052481 109.19984014155 133.030360573421 0.171443896240464 0.9158 1.40628615257803
-10.8416833667335 -10.8429381690219 0.158981392827267 -0.00125480228844665 0.15898296735605 3.73938824653285e-30 100.640708421671 0.00125480228844665 0.9499 1.5655360998826
-8.7374749498998 -8.73872975210079 0.158981393046816 -0.0012548022009895 0.158982967575379 1.26802739389644e-13 100.640708282688 0.0012548022009895 0.9496 1.56549528954142
-0.370741482965931 -0.371999768544711 0.158990599355979 -0.00125828557878016 0.158992182638577 2.41201711589314e-07 100.63488070874 0.00125828557878016 0.9492 1.5654205150188
7.94589178356713 7.94463698127869 0.158981392827267 -0.00125480228844665 0.15898296735605 2.94604402820507e-95 100.640708421671 0.00125480228844665 0.9499 1.5655360998826
5.89178356713427 5.89052876484582 0.158981392827267 -0.00125480228844665 0.15898296735605 8.16197040908234e-65 100.640708421671 0.00125480228844665 0.9499 1.5655360998826
-2.4749498997996 -2.56101220035876 0.225113956869183 -0.0860623005591603 0.232520676446719 8.289542401302 71.0751133449172 0.0860623005591603 0.911 1.69049825868086
3.8376753507014 3.83642054841296 0.158981392827267 -0.0012548022884471 0.15898296735605 4.24580694162629e-40 100.640708421671 0.0012548022884471 0.9499 1.5655360998826
-6.58316633266533 -6.58275542986545 0.16173596850136 0.0004109027998771 0.161736137342471 0.00667665899958936 98.9266651583778 0.0004109027998771 0.9511 1.57246607579151
-14.9498997995992 -14.9511546018876 0.158981392827267 -0.00125480228844665 0.15898296735605 9.56037243495912e-80 100.640708421671 0.00125480228844665 0.9499 1.5655360998826
-12.8456913827655 -12.846946185054 0.158981392827267 -0.00125480228844665 0.15898296735605 1.74950083519756e-51 100.640708421671 0.00125480228844665 0.9499 1.5655360998826
1.73346693386774 1.73221213157928 0.158981392827301 -0.00125480228845709 0.158982967356084 1.02179288657186e-20 100.640708421649 0.00125480228845709 0.9492 1.56555868041046
-4.52905811623246 -4.36635709399902 0.111428683611366 0.162701022233445 0.137900306247174 113.058721495901 143.589599028234 0.162701022233445 0.9296 1.38246656049988
-8.687374749499 -8.68862955163918 0.158981393197929 -0.00125480214018658 0.15898296772634 2.65136079379637e-13 100.640708187029 0.00125480214018658 0.9496 1.56544409673592
-10.7915831663327 -10.7928379686211 0.158981392827267 -0.00125480228844665 0.15898296735605 1.0869603133574e-29 100.640708421671 0.00125480228844665 0.9499 1.5655360998826
7.99599198396794 7.99473718167949 0.158981392827267 -0.00125480228844665 0.15898296735605 4.52064675303475e-96 100.640708421671 0.00125480228844665 0.9499 1.5655360998826
-0.320641282565131 -0.321898539409186 0.158987980147629 -0.00125725684405498 0.158989560842401 1.36049337603846e-07 100.636538593315 0.00125725684405498 0.9489 1.56541777023863
5.94188376753507 5.94062896524662 0.158981392827267 -0.00125480228844665 0.15898296735605 1.72752530416791e-65 100.640708421671 0.00125480228844665 0.9499 1.5655360998826
-2.4248496993988 -2.50175677741136 0.221846946329397 -0.0769070780125669 0.227761644977828 6.39342941193871 72.1217950696661 0.0769070780125669 0.915 1.68671828634084
3.88777555110221 3.88652074881376 0.158981392827267 -0.0012548022884471 0.15898296735605 1.2395318960403e-40 100.640708421671 0.0012548022884471 0.9499 1.5655360998826
-14.8997995991984 -14.9010544014868 0.158981392827267 -0.00125480228844665 0.15898296735605 5.28717961789028e-79 100.640708421671 0.00125480228844665 0.9499 1.5655360998826
-6.53306613226453 -6.5321755172808 0.162458285972536 0.000890614983730664 0.162459079167585 0.0100395524002027 98.4868201964464 0.000890614983730664 0.9517 1.57423794884413
-12.7955911823647 -12.7968459846532 0.158981392827267 -0.00125480228844665 0.15898296735605 6.95967256005756e-51 100.640708421671 0.00125480228844665 0.9499 1.5655360998826
-0.270541082164328 -0.271797605994673 0.158986081630127 -0.00125652383034458 0.158987660482263 7.61425558379633e-08 100.637740335177 0.00125652383034458 0.9488 1.56539476281151
1.78356713426854 1.78231233198008 0.158981392827285 -0.00125480228845243 0.158982967356068 4.14700856743644e-21 100.640708421659 0.00125480228845243 0.9499 1.56556266231275
-4.47895791583166 -4.32657006944681 0.103217485595184 0.152387846384854 0.126439541320998 116.472888494763 155.012495293205 0.152387846384854 0.9438 1.35978551162524
-10.7414829659319 -10.7427377682203 0.158981392827267 -0.00125480228844665 0.15898296735605 3.1348753608254e-29 100.640708421671 0.00125480228844665 0.9499 1.5655360998826
-8.6372745490982 -8.63852935113709 0.158981393448497 -0.00125480203889694 0.158982967976654 5.50050957733648e-13 100.64070802841 0.00125480203889694 0.9496 1.56545300042129
8.04609218436874 8.04483738208029 0.158981392827267 -0.00125480228844665 0.15898296735605 6.88264505861923e-97 100.640708421671 0.00125480228844665 0.9499 1.5655360998826
5.99198396793587 5.99072916564743 0.158981392827267 -0.00125480228844665 0.15898296735605 3.62783294955669e-66 100.640708421671 0.00125480228844665 0.9499 1.5655360998826
-2.374749498998 -2.44300489967698 0.218037513864475 -0.0682554006789884 0.222696313586324 4.8819468292375 73.381867718163 0.0682554006789884 0.9188 1.68149466826818
3.93787575150301 3.93662094921456 0.158981392827267 -0.0012548022884471 0.15898296735605 3.59044792704434e-41 100.640708421671 0.0012548022884471 0.9499 1.5655360998826
-14.8496993987976 -14.850954201086 0.158981392827267 -0.00125480228844665 0.15898296735605 2.9011272621594e-78 100.640708421671 0.00125480228844665 0.9499 1.5655360998826
-12.7454909819639 -12.7467457842524 0.158981392827267 -0.00125480228844665 0.15898296735605 2.74698901299875e-50 100.640708421671 0.00125480228844665 0.9499 1.5655360998826
-6.48296593186373 -6.48147507030996 0.163337622097257 0.00149086155376654 0.163339844765429 0.0149915591263999 97.9566115543979 0.00149086155376654 0.9518 1.57642205792959
-0.220440881763526 -0.221696885795031 0.15898471285907 -0.00125600403150453 0.158986290405197 4.22834237322769e-08 100.638606770847 0.00125600403150453 0.9487 1.56539904468458
1.83366733466934 1.83241253238089 0.158981392827277 -0.00125480228844999 0.15898296735606 1.66993840952989e-21 100.640708421664 0.00125480228844999 0.9499 1.56555107084261
-4.42885771543086 -4.2882592269328 0.0957153614950684 0.140598488498064 0.115483296463009 119.269098784492 167.162300283684 0.140598488498064 0.9581 1.33850065449306
-8.5871743486974 -8.58842915056878 0.158981393860902 -0.00125480187138649 0.158982968388639 1.13222054244624e-12 100.640707767343 0.00125480187138649 0.9496 1.56542067973035
-10.6913827655311 -10.6926375678195 0.158981392827267 -0.00125480228844665 0.15898296735605 8.97057602543711e-29 100.640708421671 0.00125480228844665 0.9499 1.5655360998826
8.09619238476954 8.09493758248109 0.158981392827267 -0.00125480228844665 0.15898296735605 1.03968944823296e-97 100.640708421671 0.00125480228844665 0.9499 1.5655360998826
6.04208416833668 6.04082936604823 0.158981392827267 -0.00125480228844665 0.15898296735605 7.55898713654216e-67 100.640708421671 0.00125480228844665 0.9499 1.5655360998826
-2.32464929859719 -2.38481880287794 0.213835732795702 -0.0601695042807493 0.217456102041094 3.69300146818131 74.8237901627335 0.0601695042807493 0.9228 1.67516739266802
3.98797595190381 3.98672114961536 0.158981392827267 -0.0012548022884471 0.15898296735605 1.03188908855765e-41 100.640708421671 0.0012548022884471 0.9499 1.5655360998826
-14.7995991983968 -14.8008540006852 0.158981392827267 -0.00125480228844665 0.15898296735605 1.57943936385842e-77 100.640708421671 0.00125480228844665 0.9499 1.5655360998826
-12.6953907815631 -12.6966455838516 0.158981392827267 -0.00125480228844665 0.15898296735605 1.0757676973825e-49 100.640708421671 0.00125480228844665 0.9499 1.5655360998826
-6.43286573146293 -6.43062915614485 0.164398708506805 0.00223657531807575 0.164403710775958 0.0222323104128338 97.3243655337946 0.00223657531807575 0.9513 1.57901516488315
-0.170340681362726 -0.171596318559116 0.15898373129756 -0.0012556371963898 0.158985307922329 2.32981630182092e-08 100.639228111044 0.0012556371963898 0.9487 1.56539573302294
1.88376753507014 1.88251273278169 0.158981392827272 -0.00125480228844865 0.158982967356055 6.67205224379963e-22 100.640708421667 0.00125480228844865 0.9499 1.56554749364576
-4.37875751503006 -4.25131266316241 0.0889770457469067 0.127444851867648 0.105219236014473 121.54589147517 179.821659234581 0.127444851867648 0.9693 1.31881745461936
-10.6412825651303 -10.6425373674187 0.158981392827267 -0.00125480228844665 0.15898296735605 2.5469114498957e-28 100.640708421671 0.00125480228844665 0.9499 1.5655360998826
-8.53707414829659 -8.53832894989294 0.158981394534663 -0.00125480159635138 0.158982969061709 2.31234844908266e-12 100.64070734083 0.00125480159635138 0.9496 1.565418552372
8.14629258517034 8.14503778288189 0.158981392827267 -0.00125480228844665 0.15898296735605 1.55827951408946e-98 100.640708421671 0.00125480228844665 0.9499 1.5655360998826
6.09218436873747 6.09092956644903 0.158981392827267 -0.00125480228844665 0.15898296735605 1.56269201685088e-67 100.640708421671 0.00125480228844665 0.9499 1.5655360998826
-2.27454909819639 -2.32724111516987 0.209385354767384 -0.0526920169734737 0.212161803420117 2.76908412257671 76.4141313406332 0.0526920169734737 0.9263 1.6680045825645
4.03807615230461 4.03682135001616 0.158981392827267 -0.00125480228844665 0.15898296735605 2.94246204614642e-42 100.640708421671 0.00125480228844665 0.9499 1.5655360998826
-12.6452905811623 -12.6465453834508 0.158981392827267 -0.00125480228844665 0.15898296735605 4.17997359392583e-49 100.640708421671 0.00125480228844665 0.9499 1.5655360998826
-14.749498997996 -14.7507538002844 0.158981392827267 -0.00125480228844665 0.15898296735605 8.5316414767644e-77 100.640708421671 0.00125480228844665 0.9499 1.5655360998826
-6.38276553106212 -6.37960918868203 0.16566766116941 0.00315634238008933 0.16567762366663 0.0327457177884873 96.5788970946995 0.00315634238008933 0.9512 1.58213655144345
-0.120240480961924 -0.121495860518852 0.158983031184773 -0.00125537955692845 0.158984607162605 1.27373657885151e-08 100.639671295514 0.00125537955692845 0.9487 1.56540640389163
1.93386773547094 1.9326129331825 0.158981392827269 -0.00125480228844776 0.158982967356052 2.64491601061536e-22 100.640708421669 0.00125480228844776 0.9499 1.56555262659754
-4.32865731462926 -4.21560314589716 0.0830389392694309 0.113054168732095 0.0958201843371359 123.41191186949 192.68068861147 0.113054168732095 0.9759 1.30108470359311
-10.5911823647295 -10.5924371670179 0.158981392827267 -0.00125480228844665 0.15898296735605 7.17465169475251e-28 100.640708421671 0.00125480228844665 0.9499 1.5655360998826
-8.48697394789579 -8.48822874904378 0.15898139562732 -0.00125480114799359 0.158982970153241 4.68564988365011e-12 100.64070664914 0.00125480114799359 0.9496 1.56539509128323
8.19639278557114 8.1951379832827 0.158981392827267 -0.00125480228844665 0.15898296735605 2.31729085671647e-99 100.640708421671 0.00125480228844665 0.9499 1.5655360998826
6.14228456913828 6.14102976684983 0.158981392827267 -0.00125480228844665 0.15898296735605 3.20535874263999e-68 100.640708421671 0.00125480228844665 0.9499 1.5655360998826
-2.22444889779559 -2.27029625253122 0.204818807992624 -0.0458473547356295 0.206920787928879 2.05908728686785 78.1178259790291 0.0458473547356295 0.9291 1.66030665382332
4.08817635270541 4.08692155041696 0.158981392827267 -0.00125480228844665 0.15898296735605 8.32496049332715e-43 100.640708421671 0.00125480228844665 0.9499 1.5655360998826
-12.5951903807615 -12.59644518305 0.158981392827267 -0.00125480228844665 0.15898296735605 1.61146931026462e-48 100.640708421671 0.00125480228844665 0.9499 1.5655360998826
-14.6993987975952 -14.7006535998836 0.158981392827267 -0.00125480228844665 0.15898296735605 4.57252088827677e-76 100.640708421671 0.00125480228844665 0.9499 1.5655360998826
-6.33266533066132 -6.32838280945029 0.167171327032862 0.00428252121103334 0.167189667020784 0.0479050344206285 95.7101931532482 0.00428252121103334 0.9502 1.58574328027619
-0.0701402805611213 -0.0713954800451437 0.158982534512551 -0.00125519948402243 0.158984110038296 6.9094247214945e-09 100.639985700674 0.00125519948402243 0.9487 1.56540779879447
1.98396793587174 1.9827131335833 0.158981392827268 -0.00125480228844754 0.158982967356051 1.04029807641647e-22 100.64070842167 0.00125480228844754 0.9499 1.56554890387187
-4.27855711422846 -4.18099053716661 0.0779223459375498 0.0975665770618477 0.0874415828971153 124.728491789101 205.332627085215 0.0975665770618477 0.9818 1.28548166008798
-10.5410821643287 -10.5423369666171 0.158981392827267 -0.00125480228844665 0.15898296735605 2.00530880544418e-27 100.640708421671 0.00125480228844665 0.9499 1.5655360998826
-8.43687374749499 -8.43812854791728 0.158981397386351 -0.00125480042228787 0.158982971910451 9.42065062645311e-12 100.640705535613 0.00125480042228787 0.9496 1.56539295065747
8.24649298597194 8.2452381836835 0.158981392827267 -0.00125480228844665 0.15898296735605 3.41907948160103e-100 100.640708421671 0.00125480228844665 0.9499 1.5655360998826
6.19238476953908 6.19112996725063 0.158981392827267 -0.00125480228844665 0.15898296735605 6.52339015256751e-69 100.640708421671 0.00125480228844665 0.9499 1.5655360998826
-2.17434869739479 -2.21399219599358 0.200253408644372 -0.0396434985987861 0.201825015625524 1.51906087967091 79.8987648116103 0.0396434985987861 0.9313 1.65225689952365
4.13827655310621 4.13702175081777 0.158981392827267 -0.00125480228844665 0.15898296735605 2.33693673042e-43 100.640708421671 0.00125480228844665 0.9499 1.5655360998826
-12.5450901803607 -12.5463449826492 0.158981392827267 -0.00125480228844665 0.15898296735605 6.1640194670267e-48 100.640708421671 0.00125480228844665 0.9499 1.5655360998826
-14.6492985971944 -14.6505533994828 0.158981392827267 -0.00125480228844665 0.15898296735605 2.43148873144062e-75 100.640708421671 0.00125480228844665 0.9499 1.5655360998826
-6.28256513026052 -6.27691390009465 0.168936374326454 0.00565123016587066 0.168968310728842 0.0696122825749534 94.7102130242329 0.00565123016587066 0.9494 1.58991159703688
-0.0200400801603209 -0.0212951543987808 0.158982184079471 -0.00125507423845987 0.158983759290815 3.71883332107401e-09 100.640207534211 0.00125507423845987 0.9487 1.56541699784046
2.03406813627254 2.0328133339841 0.158981392827267 -0.0012548022884471 0.15898296735605 4.05973015707445e-23 100.64070842167 0.0012548022884471 0.9499 1.56554421892778
-4.22845691382765 -4.14732410662582 0.0736370232972606 0.0811328072018371 0.0802195557017111 125.871004863603 217.282004127334 0.0811328072018371 0.9851 1.27212494410908
-10.4909819639279 -10.4922367662163 0.158981392827267 -0.00125480228844665 0.15898296735605 5.56102901703242e-27 100.640708421671 0.00125480228844665 0.9499 1.5655360998826
-8.38677354709419 -8.38802834635016 0.158981400197525 -0.00125479925597283 0.158982974718698 1.87925931962004e-11 100.640703756043 0.00125479925597283 0.9496 1.56538652209908
8.29659318637275 8.2953383840843 0.158981392827267 -0.00125480228844665 0.15898296735605 5.00531376846514e-101 100.640708421671 0.00125480228844665 0.9499 1.5655360998826
6.24248496993988 6.24123016765143 0.158981392827267 -0.00125480228844665 0.15898296735605 1.31723580335977e-69 100.640708421671 0.00125480228844665 0.9499 1.5655360998826
-2.12424849699399 -2.15832254470893 0.195788879237552 -0.0340740477149479 0.196949919965233 1.11220925071302 81.7206782239509 0.0340740477149479 0.9349 1.64403961865395
4.18837675350701 4.18712195121857 0.158981392827267 -0.00125480228844665 0.15898296735605 6.50886388932788e-44 100.640708421671 0.00125480228844665 0.9499 1.5655360998826
-12.4949899799599 -12.4962447822484 0.158981392827267 -0.00125480228844665 0.15898296735605 2.339372746827e-47 100.640708421671 0.00125480228844665 0.9499 1.5655360998826
-14.5991983967936 -14.600453199082 0.158981392827267 -0.00125480228844665 0.15898296735605 1.28286892756583e-74 100.640708421671 0.00125480228844665 0.9499 1.5655360998826
-6.23246492985972 -6.22516276670561 0.170988089449843 0.00730216315411081 0.171041411036572 0.100481357824012 93.5737690939776 0.00730216315411081 0.9487 1.59462123022951
0.0300601202404813 0.0288051326847463 0.15898193818409 -0.001254987555735 0.158983513177855 1.9859695636433e-09 100.640363193164 0.001254987555735 0.9487 1.56542439081561
2.08416833667335 2.0829135343849 0.158981392827267 -0.0012548022884471 0.15898296735605 1.57191841733662e-23 100.64070842167 0.0012548022884471 0.9499 1.56554636575133
-4.17835671342685 -4.11444467219254 0.0701847422133561 0.0639120412343104 0.0742694912280923 126.673635761991 227.969776555726 0.0639120412343104 0.9877 1.2612327382414
-10.4408817635271 -10.4421365658155 0.158981392827267 -0.00125480228844665 0.15898296735605 1.53010954198549e-26 100.640708421671 0.00125480228844665 0.9499 1.5655360998826
-8.33667334669339 -8.33792814408808 0.158981404657602 -0.00125479739469547 0.158982979174104 3.71952579869678e-11 100.64070093266 0.00125479739469547 0.9496 1.56538965986598
8.34669338677355 8.3454385844851 0.158981392827267 -0.00125480228844665 0.15898296735605 7.27020873038872e-102 100.640708421671 0.00125480228844665 0.9499 1.5655360998826
6.29258517034068 6.29133036805224 0.158981392827267 -0.00125480228844665 0.15898296735605 2.63904722239094e-70 100.640708421671 0.00125480228844665 0.9499 1.5655360998826
-2.07414829659319 -2.10326874712864 0.191506147970543 -0.0291204505354488 0.19235414860993 0.808405210105515 83.5482315818974 0.0291204505354488 0.9367 1.63588343310658
4.23847695390782 4.23722215161937 0.158981392827267 -0.00125480228844665 0.15898296735605 1.79869234769488e-44 100.640708421671 0.00125480228844665 0.9499 1.5655360998826
-12.4448897795591 -12.4461445818476 0.158981392827267 -0.00125480228844665 0.15898296735605 8.80903453504788e-47 100.640708421671 0.00125480228844665 0.9499 1.5655360998826
-14.5490981963928 -14.5503529986812 0.158981392827267 -0.00125480228844665 0.15898296735605 6.71561473094239e-74 100.640708421671 0.00125480228844665 0.9499 1.5655360998826
-6.18236472945892 -6.17308653531391 0.173348857510099 0.00927819414501041 0.173434942396691 0.144075732947513 92.2994257349973 0.00927819414501041 0.9464 1.59999270591935
0.0801603206412835 0.0789053927797452 0.158981766599819 -0.00125492786153829 0.158983341443756 1.05229677560083e-09 100.640471811302 0.00125492786153829 0.9487 1.5654085927357
-4.12825651302605 -4.08218652648889 0.0675625960218981 0.0460699865371668 0.0696850396814328 127.217314083775 236.817424759909 0.0460699865371668 0.9887 1.25292552601693
2.13426853707415 2.1330137347857 0.158981392827267 -0.0012548022884471 0.15898296735605 6.03887860184768e-24 100.64070842167 0.0012548022884471 0.9499 1.56554171247947
-10.3907815631263 -10.3920363654147 0.158981392827267 -0.00125480228844665 0.15898296735605 4.17718151702372e-26 100.640708421671 0.00125480228844665 0.9499 1.5655360998826
8.39679358717435 8.3955387848859 0.158981392827267 -0.00125480228844665 0.15898296735605 1.0477457651855e-102 100.640708421671 0.00125480228844665 0.9499 1.5655360998826
-8.28657314629259 -8.28782794073767 0.158981411682715 -0.00125479444508869 0.158982986191814 7.30438817599156e-11 100.640696485523 0.00125479444508869 0.9496 1.56539600058755
6.34268537074148 6.34143056845304 0.158981392827267 -0.00125480228844665 0.15898296735605 5.24595134328801e-71 100.640708421671 0.00125480228844665 0.9499 1.5655360998826
-2.02404809619238 -2.04880241617507 0.187467302644567 -0.0247543199826845 0.188080079002372 0.583441507016072 85.3482168585718 0.0247543199826845 0.9391 1.62804242960861
4.28857715430862 4.28732235202017 0.158981392827267 -0.00125480228844665 0.15898296735605 4.93176127422866e-45 100.640708421671 0.00125480228844665 0.9499 1.5655360998826
-12.3947895791583 -12.3960443814468 0.158981392827267 -0.00125480228844665 0.15898296735605 3.29117261666811e-46 100.640708421671 0.00125480228844665 0.9499 1.5655360998826
-14.498997995992 -14.5002527982804 0.158981392827267 -0.00125480228844665 0.15898296735605 3.48805016135708e-73 100.640708421671 0.00125480228844665 0.9499 1.5655360998826
-6.13226452905812 -6.12063979344148 0.176036328628796 0.0116247356166328 0.176171463106952 0.205213062451062 90.8903299939804 0.0116247356166328 0.9456 1.60604389148005
0.130260521042084 0.129005634081105 0.158981647543128 -0.0012548869609792 0.158983222284413 5.53226012507081e-10 100.640547177998 0.0012548869609792 0.9487 1.56540148709255
-4.07815631262525 -4.05037913372872 0.0657658564653037 0.0277771788965326 0.0665374281327537 127.590521723284 243.287335708023 0.0277771788965326 0.9895 1.24726060002529
2.18436873747495 2.1831139351865 0.158981392827267 -0.0012548022884471 0.15898296735605 2.30184490470944e-24 100.640708421671 0.0012548022884471 0.9499 1.56554403866245
-10.3406813627255 -10.3419361650139 0.158981392827267 -0.00125480228844665 0.15898296735605 1.13145590632258e-25 100.640708421671 0.00125480228844665 0.9499 1.56553763643753
8.44689378757515 8.4456389852867 0.158981392827267 -0.00125480228844665 0.15898296735605 1.49816073459077e-103 100.640708421671 0.00125480228844665 0.9499 1.5655360998826
-8.23647294589178 -8.23772773569496 0.158981422668658 -0.0012547898031734 0.158982997166108 1.42323283423501e-10 100.640689531044 0.0012547898031734 0.9496 1.56539043558705
6.39278557114228 6.39153076885384 0.158981392827267 -0.00125480228844665 0.15898296735605 1.03465322732691e-71 100.640708421671 0.00125480228844665 0.9499 1.5655360998826
-1.97394789579158 -1.9948876370055 0.183716501505431 -0.0209397412139181 0.184154974267537 0.418179178915571 87.0907069799986 0.0209397412139181 0.9411 1.62054455039278
4.33867735470942 4.33742255242097 0.158981392827267 -0.00125480228844665 0.15898296735605 1.34165442392266e-45 100.640708421671 0.00125480228844665 0.9499 1.5655360998826
-12.3446893787575 -12.345944181046 0.158981392827267 -0.00125480228844665 0.15898296735605 1.22001865428018e-45 100.640708421671 0.00125480228844665 0.9499 1.5655360998826
-14.4488977955912 -14.4501525978796 0.158981392827267 -0.00125480228844665 0.15898296735605 1.79751752200691e-72 100.640708421671 0.00125480228844665 0.9499 1.5655360998826
-6.08216432865731 -6.06777550532233 0.179061306873012 0.0143888233349818 0.179268345109977 0.290349721625463 89.3548711299589 0.0143888233349818 0.9439 1.61264260669449
0.180360721442886 0.179105862361578 0.158981565405351 -0.0012548590813084 0.158983140076665 2.88579011655105e-10 100.640599173906 0.0012548590813084 0.949 1.56539250287
-4.02805611222445 -4.01884861014974 0.0647902316692195 0.00920750207470444 0.0648750097636752 127.672946016695 246.95080705509 0.00920750207470444 0.99 1.24432923688082
2.23446893787575 2.23321413558731 0.158981392827267 -0.0012548022884471 0.15898296735605 8.70541098389842e-25 100.640708421671 0.0012548022884471 0.9499 1.56553964275566
8.49699398797595 8.4957391856875 0.158981392827267 -0.00125480228844665 0.15898296735605 2.12546701020448e-104 100.640708421671 0.00125480228844665 0.9499 1.5655360998826
-10.2905811623246 -10.2918359646131 0.158981392827267 -0.00125480228844665 0.15898296735605 3.04078267330541e-25 100.640708421671 0.00125480228844665 0.9499 1.5655373091961
-8.18637274549098 -8.18762752803927 0.158981439726035 -0.00125478254828693 0.158983014205279 2.75146774484942e-10 100.64067873314 0.00125478254828693 0.9497 1.5653872386121
6.44288577154309 6.44163096925464 0.158981392827267 -0.00125480228844665 0.15898296735605 2.02469139572992e-72 100.640708421671 0.00125480228844665 0.9499 1.5655360998826
-1.92384769539078 -1.94148318124502 0.180281602949089 -0.0176354858542422 0.180592613310404 0.297697710698964 88.750042923228 0.0176354858542422 0.9431 1.61343754941278
4.38877755511022 4.38752275282177 0.158981392827267 -0.00125480228844665 0.15898296735605 3.62136875218585e-46 100.640708421671 0.00125480228844665 0.9499 1.5655360998826
-12.2945891783567 -12.2958439806452 0.158981392827267 -0.00125480228844665 0.15898296735605 4.4872032677995e-45 100.640708421671 0.00125480228844665 0.9499 1.5655360998826
-6.03206412825651 -6.01444621928209 0.182425438508577 0.0176179089744277 0.182735829225208 0.408057745875418 87.7070661351198 0.0176179089744277 0.9425 1.61983254622786
-14.3987975951904 -14.4000523974788 0.158981392827267 -0.00125480228844665 0.15898296735605 9.19087808031677e-72 100.640708421671 0.00125480228844665 0.9499 1.5655360998826
-3.97795591182365 -3.98741902832201 0.0646334323498066 -0.00946311649836717 0.0647229829236683 127.683634682299 247.549904411782 0.00946311649836717 0.99 1.24417590120762
0.230460921843688 0.229206081666955 0.158981509066852 -0.00125484017673386 0.158983083690722 1.49356431643933e-10 100.640634838055 0.00125484017673386 0.949 1.5654026437819
2.28456913827655 2.28331433598811 0.158981392827267 -0.0012548022884471 0.15898296735605 3.26660003233789e-25 100.640708421671 0.0012548022884471 0.9499 1.56554099793263
8.54709418837675 8.54583938608831 0.158981392827267 -0.00125480228844665 0.15898296735605 2.99187736852613e-105 100.640708421671 0.00125480228844665 0.9499 1.5655360998826
-10.2404809619238 -10.2417357642123 0.158981392827267 -0.00125480228844665 0.15898296735605 8.10823994235356e-25 100.640708421671 0.00125480228844665 0.9499 1.5655380949824
-8.13627254509018 -8.1375273163772 0.15898146602244 -0.00125477128702123 0.158983040473422 5.27776301593373e-10 100.640662086621 0.00125477128702123 0.9488 1.56538211112552
6.49298597194389 6.49173116965544 0.158981392827267 -0.00125480228844665 0.15898296735605 3.93112016752158e-73 100.640708421671 0.00125480228844665 0.9499 1.5655360998826
4.43887775551102 4.43762295322258 0.158981392827267 -0.00125480228844665 0.15898296735605 9.69835985818109e-47 100.640708421671 0.00125480228844665 0.9499 1.5655360998826
-1.87374749498998 -1.88854455129292 0.177176264815787 -0.0147970563029418 0.177395217691019 0.210508924931761 90.3055497678285 0.0147970563029418 0.945 1.60685006822129
-12.2444889779559 -12.2457437802444 0.158981392827267 -0.00125480228844665 0.15898296735605 1.63748932438152e-44 100.640708421671 0.00125480228844665 0.9499 1.5655360998826
-5.98196392785571 -5.96060557539723 0.186118814874209 0.0213583524584759 0.186574994093949 0.569603776668989 85.9665908082094 0.0213583524584759 0.9404 1.62757114419215
-14.3486973947896 -14.349952197078 0.158981392827267 -0.00125480228844665 0.15898296735605 4.66266635148118e-71 100.640708421671 0.00125480228844665 0.9499 1.5655360998826
-3.92785571142285 -3.95591360763751 0.0652959918967363 -0.0280578962146691 0.0660832374367295 127.512974258354 245.038011296368 0.0280578962146691 0.9897 1.2467515251475
2.33466933867735 2.33341453638891 0.158981392827267 -0.0012548022884471 0.15898296735605 1.21617509881056e-25 100.640708421671 0.0012548022884471 0.9499 1.5655378160767
0.280561122244489 0.279306294818134 0.158981470652052 -0.00125482742635497 0.158983045243922 7.66972019204296e-11 100.64065915592 0.00125482742635497 0.949 1.56541320778597
8.59719438877756 8.59593958648911 0.158981392827267 -0.00125480228844665 0.15898296735605 4.17856026934205e-106 100.640708421671 0.00125480228844665 0.9499 1.5655360998826
-10.190380761523 -10.1916355638115 0.158981392827267 -0.00125480228844665 0.15898296735605 2.14516777408532e-24 100.640708421671 0.00125480228844665 0.9499 1.56553881865594
-8.08617234468938 -8.08742709861481 0.158981506276409 -0.00125475392543173 0.158983080683822 1.00446100618498e-09 100.640636604499 0.00125475392543173 0.9487 1.56538479696034
6.54308617234469 6.54183137005624 0.158981392827267 -0.00125480228844665 0.15898296735605 7.5729879178606e-74 100.640708421671 0.00125480228844665 0.9499 1.5655360998826
4.48897795591182 4.48772315362338 0.158981392827267 -0.00125480228844665 0.15898296735605 2.57701710519613e-47 100.640708421671 0.00125480228844665 0.9499 1.5655360998826
-12.1943887775551 -12.1956435798436 0.158981392827267 -0.00125480228844665 0.15898296735605 5.92890747888596e-44 100.640708421671 0.00125480228844665 0.9499 1.5655360998826
-1.82364729458918 -1.83602579292838 0.174402278911321 -0.012378498339203 0.174555506132454 0.147865503545309 91.7419204604295 0.012378498339203 0.9471 1.60092326099882
-5.93186372745491 -5.9062101095069 0.190117637196381 0.025653617948012 0.190775745310203 0.789633060324471 84.1584202073421 0.025653617948012 0.9386 1.63556289998068
-14.2985971943888 -14.2998519966772 0.158981392827267 -0.00125480228844665 0.15898296735605 2.34695701736173e-70 100.640708421671 0.00125480228844665 0.9499 1.5655360998826
-3.87775551102204 -3.92415586672172 0.0667813152502767 -0.046400355699681 0.0689343082593336 127.035958444998 239.587973672527 0.046400355699681 0.988 1.25212868341033
2.38476953907816 2.38351473678971 0.158981392827267 -0.0012548022884471 0.15898296735605 4.49251684190269e-26 100.640708421671 0.0012548022884471 0.9499 1.56553625099764
0.330661322645291 0.329406503771755 0.158981444615784 -0.00125481887353646 0.158983019186189 3.90778792306322e-11 100.640675637762 0.00125481887353646 0.949 1.56541541207673
8.64729458917836 8.64603978688991 0.158981392827267 -0.00125480228844665 0.15898296735605 5.7903259850467e-107 100.640708421671 0.00125480228844665 0.9499 1.5655360998826
-10.1402805611222 -10.1415353634107 0.158981392827267 -0.00125480228844665 0.15898296735605 5.6310501901192e-24 100.640708421671 0.00125480228844665 0.9499 1.5655368875968
-8.03607214428858 -8.03732687162752 0.158981567464775 -0.00125472733894405 0.15898314180547 1.89677103152006e-09 100.640597870222 0.00125472733894405 0.9487 1.56539792869986
6.59318637274549 6.59193157045705 0.158981392827267 -0.00125480228844665 0.15898296735605 1.44747699495309e-74 100.640708421671 0.00125480228844665 0.9499 1.5655360998826
4.53907815631263 4.53782335402418 0.158981392827267 -0.00125480228844665 0.15898296735605 6.79406613000516e-48 100.640708421671 0.00125480228844665 0.9499 1.5655360998826
-12.1442885771543 -12.1455433794428 0.158981392827267 -0.00125480228844665 0.15898296735605 2.12992509752367e-43 100.640708421671 0.00125480228844665 0.9499 1.5655360998826
-5.88176352705411 -5.85122133445915 0.194382114009593 0.0305421925949547 0.1953149395381 1.08694940988775 82.3120999662057 0.0305421925949547 0.9358 1.6438198492196
-1.77354709418838 -1.78388103328519 0.171951942382976 -0.0103339390968162 0.172058732680233 0.103174391074744 93.0492542175788 0.0103339390968162 0.9486 1.59561020241092
-14.248496993988 -14.2497517962764 0.158981392827267 -0.00125480228844665 0.15898296735605 1.17211276087586e-69 100.640708421671 0.00125480228844665 0.9499 1.5655360998826
-3.82765531062124 -3.89197081708969 0.0690949566339765 -0.0643155064684504 0.0732314410062698 126.578702974468 231.565381606046 0.0643155064684504 0.987 1.2601856322032
2.43486973947896 2.43361493719051 0.158981392827267 -0.0012548022884471 0.15898296735605 1.64655704995769e-26 100.640708421671 0.0012548022884471 0.9499 1.56553653626216
0.380761523046093 0.379506709877825 0.158981427076969 -0.00125481316826809 0.158983001633056 1.9755038854765e-11 100.640686740432 0.00125481316826809 0.949 1.56543190538246
8.69739478957916 8.69613998729071 0.158981392827267 -0.00125480228844665 0.15898296735605 7.96109525216395e-108 100.640708421671 0.00125480228844665 0.9499 1.5655360998826
-10.0901803607214 -10.0914351630099 0.158981392827267 -0.00125480228844665 0.15898296735605 1.4665976829285e-23 100.640708421671 0.00125480228844665 0.9499 1.56553778744296
-7.98597194388778 -7.98722663078539 0.158981659827513 -0.0012546868976191 0.158983234066724 3.55382817915845e-09 100.640539401584 0.0012546868976191 0.9487 1.56539282030492
4.58917835671343 4.58792355442498 0.158981392827267 -0.00125480228844665 0.15898296735605 1.77719752674007e-48 100.640708421671 0.00125480228844665 0.9499 1.5655360998826
6.64328657314629 6.64203177085785 0.158981392827267 -0.00125480228844665 0.15898296735605 2.74504544176178e-75 100.640708421671 0.00125480228844665 0.9499 1.5655360998826
-12.0941883767535 -12.095443179042 0.158981392827267 -0.00125480228844665 0.15898296735605 7.59184706302955e-43 100.640708421671 0.00125480228844665 0.9499 1.5655360998826
-5.83166332665331 -5.79560805946271 0.198854777523804 0.0360552671905934 0.200154759815989 1.48536205570662 80.4607271660078 0.0360552671905934 0.9333 1.65207142888723
-1.72344689378757 -1.73206572264806 0.16981031668821 -0.00861882886048226 0.169884600899136 0.0715127027558512 94.2227793460731 0.00861882886048226 0.9498 1.59074748382008
-14.1983967935872 -14.1996515958756 0.158981392827267 -0.00125480228844665 0.15898296735605 5.80800677520416e-69 100.640708421671 0.00125480228844665 0.9499 1.5655360998826
-3.77755511022044 -3.85918627212128 0.0722431542351511 -0.0816311619008387 0.078906800828432 125.86651718348 221.47427212162 0.0816311619008387 0.9858 1.27081699050679
2.48496993987976 2.48371513759131 0.158981392827267 -0.0012548022884471 0.15898296735605 5.98766250798319e-27 100.640708421671 0.0012548022884471 0.9499 1.56553653626216
0.430861723446894 0.429606914062812 0.15898141533565 -0.00125480938408212 0.158982989882241 9.9087726002083e-12 100.640694173089 0.00125480938408212 0.949 1.56543715727202
8.74749498997996 8.74624018769151 0.158981392827267 -0.00125480228844665 0.15898296735605 1.08601566024498e-108 100.640708421671 0.00125480228844665 0.9499 1.5655360998826
-10.0400801603206 -10.0413349626091 0.158981392827267 -0.00125480228844665 0.15898296735605 3.78988518313626e-23 100.640708421671 0.00125480228844665 0.9499 1.56553046699486
-7.93587174348697 -7.93712636927537 0.158981798283841 -0.0012546257883983 0.15898337236971 6.6066134264412e-09 100.64045175432 0.0012546257883983 0.9487 1.56538722421808
4.63927855711423 4.63802375482578 0.158981392827267 -0.00125480228844665 0.15898296735605 4.61248633466396e-49 100.640708421671 0.00125480228844665 0.9499 1.5655360998826
-12.0440881763527 -12.0453429786412 0.158981392827267 -0.00125480228844665 0.15898296735605 2.68487476053583e-42 100.640708421671 0.00125480228844665 0.9499 1.5655360998826
6.69338677354709 6.69213197125865 0.158981392827267 -0.00125480228844665 0.15898296735605 5.1651253797288e-76 100.640708421671 0.00125480228844665 0.9499 1.5655360998826
-5.78156312625251 -5.73934888288364 0.203459415038538 0.0422142433688641 0.205241457381744 2.01454011413061 78.6397621214498 0.0422142433688641 0.9314 1.66032406550302
-1.67334669338677 -1.68053757991232 0.167957277121184 -0.00719088652554567 0.168008985970207 0.0492368637613147 95.2623207177606 0.00719088652554567 0.9508 1.58652427545516
-14.1482965931864 -14.1495513954748 0.158981392827267 -0.00125480228844665 0.15898296735605 2.85547456687856e-68 100.640708421671 0.00125480228844665 0.9499 1.5655360998826
-3.72745490981964 -3.82563433387624 0.0762306844511046 -0.0981794240565974 0.0858698837591898 124.846995700192 209.889234436333 0.0981794240565974 0.9817 1.2838919892631
2.53507014028056 2.53381533799212 0.158981392827267 -0.0012548022884471 0.15898296735605 2.16038576118146e-27 100.640708421671 0.0012548022884471 0.9499 1.56553653626216
0.480961923847696 0.479707116959048 0.158981407525091 -0.00125480688864765 0.158982982065419 4.93124529826877e-12 100.640699117441 0.00125480688864765 0.949 1.56545696192769
-9.98997995991984 -9.99123476220829 0.158981392827267 -0.00125480228844665 0.15898296735605 9.71705304806045e-23 100.640708421671 0.00125480228844665 0.9499 1.56553146474536
8.79759519038076 8.79634038809231 0.158981392827267 -0.00125480228844665 0.15898296735605 1.46991701570266e-109 100.640708421671 0.00125480228844665 0.9499 1.5655360998826
-7.88577154308617 -7.88702607714082 0.158982004411958 -0.0012545340546497 0.158983578267652 1.2186073747164e-08 100.640321268943 0.0012545340546497 0.9487 1.56539476794254
4.68937875751503 4.68812395522658 0.158981392827267 -0.00125480228844665 0.15898296735605 1.18775795203354e-49 100.640708421671 0.00125480228844665 0.9499 1.5655360998826
-11.9939879759519 -11.9952427782403 0.158981392827267 -0.00125480228844665 0.15898296735605 9.42093648341884e-42 100.640708421671 0.00125480228844665 0.9499 1.5655360998826
6.7434869739479 6.74223217165945 0.158981392827267 -0.00125480228844665 0.15898296735605 9.64285552689441e-77 100.640708421671 0.00125480228844665 0.9499 1.5655360998826
-5.7314629258517 -5.68243476404444 0.208100815097741 0.0490281618072634 0.21050457574794 2.71077327788114 76.8858112952856 0.0490281618072634 0.9277 1.66814662976826
-1.62324649298597 -1.62925726009474 0.166369301783535 -0.00601076710876769 0.166405431104771 0.0336726302438205 96.1715883187258 0.00601076710876769 0.9518 1.58288735823768
-14.0981963927856 -14.099451195074 0.158981392827267 -0.00125480228844665 0.15898296735605 1.39290962791661e-67 100.640708421671 0.00125480228844665 0.9499 1.5655360998826
-3.67735470941884 -3.7911531047799 0.0810581378135577 -0.113798395361063 0.0940082126003105 123.551879729476 197.389187952994 0.113798395361063 0.9776 1.29931002678472
2.58517034068136 2.58391553839291 0.158981392827267 -0.0012548022884471 0.15898296735605 7.73390371377594e-28 100.640708421671 0.0012548022884471 0.9499 1.56553653626216
0.531062124248498 0.529807318995704 0.158981402362713 -0.00125480525279442 0.158982976898936 2.43493781769696e-12 100.640702385404 0.00125480525279442 0.949 1.56544256230121
-9.93987975951904 -9.94113456180748 0.158981392827267 -0.00125480228844665 0.15898296735605 2.47193221151404e-22 100.640708421671 0.00125480228844665 0.9499 1.56552384877861
8.84769539078156 8.84644058849312 0.158981392827267 -0.00125480228844665 0.15898296735605 1.97398118430231e-110 100.640708421671 0.00125480228844665 0.9499 1.5655360998826
-7.83567134268537 -7.83692573993046 0.158982309194624 -0.00125439724508603 0.158983882707072 2.23024665671708e-08 100.640128332851 0.00125439724508603 0.9487 1.56539635966538
4.73947895791583 4.73822415562739 0.158981392827267 -0.00125480228844665 0.15898296735605 3.03468950545243e-50 100.640708421671 0.00125480228844665 0.9499 1.5655360998826
-11.9438877755511 -11.9451425778395 0.158981392827267 -0.00125480228844665 0.15898296735605 3.27987717955576e-41 100.640708421671 0.00125480228844665 0.9499 1.5655360998826
-5.6813627254509 -5.62487154917414 0.212665521835892 0.0564911762767615 0.215856774833024 3.61748358624918 75.2355147269559 0.0564911762767615 0.9248 1.67540491192142
6.7935871743487 6.79233237206025 0.158981392827267 -0.00125480228844665 0.15898296735605 1.78617461865108e-77 100.640708421671 0.00125480228844665 0.9499 1.5655360998826
-14.0480961923848 -14.0493509946732 0.158981392827267 -0.00125480228844665 0.15898296735605 6.74156996582574e-67 100.640708421671 0.00125480228844665 0.9499 1.5655360998826
-3.62725450901804 -3.75558865263893 0.0867187586938721 -0.128334143620895 0.103188411112781 121.715867379481 184.504486007254 0.128334143620895 0.9707 1.31690266609421
-1.57314629258517 -1.57818877567692 0.16502098266055 -0.00504248309174682 0.16504640929628 0.0228729459315371 96.9573671301678 0.00504248309174682 0.9525 1.57974527529949
2.63527054108216 2.63401573879372 0.158981392827267 -0.0012548022884471 0.15898296735605 2.74700643876355e-28 100.640708421671 0.0012548022884471 0.9499 1.56553653626216
0.581162324649299 0.579907520462398 0.158981398972912 -0.00125480418690027 0.158982973506459 1.19292588914942e-12 100.640704531265 0.00125480418690027 0.949 1.56546591384162
-9.88977955911824 -9.89103436140668 0.158981392827267 -0.00125480228844665 0.15898296735605 6.23924446663318e-22 100.64070842167 0.00125480228844665 0.9499 1.56551607969602
8.89779559118237 8.89654078889392 0.158981392827267 -0.00125480228844665 0.15898296735605 2.63018721285845e-111 100.640708421671 0.00125480228844665 0.9499 1.5655360998826
-7.78557114228457 -7.78682533681173 0.15898275679626 -0.00125419452716358 0.158984329800172 4.04993670799685e-08 100.639844989632 0.00125419452716358 0.9487 1.5654040397586
4.78957915831663 4.78832435602819 0.158981392827267 -0.00125480228844665 0.15898296735605 7.69297003473409e-51 100.640708421671 0.00125480228844665 0.9499 1.5655360998826
-11.8937875751503 -11.8950423774387 0.158981392827267 -0.00125480228844665 0.15898296735605 1.1329599253037e-40 100.640708421671 0.00125480228844665 0.9499 1.5655360998826
-5.6312625250501 -5.56668230119948 0.217023767801673 0.0645802238506201 0.221194373114269 4.78527229520096 73.7246439045405 0.0645802238506201 0.9206 1.6818761724342
6.8436873747495 6.84243257246105 0.158981392827267 -0.00125480228844665 0.15898296735605 3.2827335176375e-78 100.640708421671 0.00125480228844665 0.9499 1.5655360998826
-13.997995991984 -13.9992507942724 0.158981392827267 -0.00125480228844665 0.15898296735605 3.23737205692497e-66 100.640708421671 0.00125480228844665 0.9499 1.5655360998826
-3.57715430861723 -3.71879723500301 0.0931950278982757 -0.141642926385774 0.113257746493402 119.469490750974 171.682978811534 0.141642926385774 0.9598 1.33642809825715
2.68537074148297 2.68411593919452 0.158981392827267 -0.0012548022884471 0.15898296735605 9.68086258994177e-29 100.640708421671 0.0012548022884471 0.9499 1.56553653626216
-1.52304609218437 -1.52729971082124 0.163886262369945 -0.00425361863687734 0.163904355641453 0.0154312519616003 97.6286832625591 0.00425361863687734 0.953 1.57709176407084
0.631262525050101 0.630007721553445 0.158981396761798 -0.00125480349665585 0.158982971293613 5.79873426565221e-13 100.640705930977 0.00125480349665585 0.949 1.56546176457131
-9.83967935871743 -9.84093416100588 0.158981392827267 -0.00125480228844665 0.15898296735605 1.56250318430598e-21 100.64070842167 0.00125480228844665 0.9499 1.56552449018601
4.83967935871744 4.83842455642899 0.158981392827267 -0.00125480228844665 0.15898296735605 1.93493901108416e-51 100.640708421671 0.00125480228844665 0.9499 1.5655360998826
8.94789579158317 8.94664098929472 0.158981392827267 -0.00125480228844665 0.15898296735605 3.4771528119933e-112 100.640708421671 0.00125480228844665 0.9499 1.5655360998826
-11.8436873747495 -11.8449421770379 0.158981392827267 -0.00125480228844665 0.15898296735605 3.88297842583107e-40 100.640708421671 0.00125480228844665 0.9499 1.5655360998826
-7.73547094188377 -7.73672483795588 0.158983409717027 -0.00125389607211357 0.158984981972387 7.29713237660146e-08 100.639431677042 0.00125389607211357 0.9486 1.56541148867158
-5.5811623246493 -5.50790926873416 0.221032706191665 0.0732530559151341 0.22639871639257 6.27122952565084 72.3874772909213 0.0732530559151341 0.9162 1.6872158032011
6.8937875751503 6.89253277286186 0.158981392827267 -0.00125480228844665 0.15898296735605 5.98605643578694e-79 100.640708421671 0.00125480228844665 0.9499 1.5655360998826
-13.9478957915832 -13.9491505938716 0.158981392827267 -0.00125480228844665 0.15898296735605 1.54247325825322e-65 100.640708421671 0.00125480228844665 0.9499 1.5655360998826
-3.52705410821643 -3.6806477612753 0.100455200913759 -0.153593653058871 0.124046211173728 116.612069121308 159.274978840926 0.153593653058871 0.9461 1.3576112257478
2.73547094188377 2.73421613959532 0.158981392827267 -0.0012548022884471 0.15898296735605 3.38502512173029e-29 100.640708421671 0.0012548022884471 0.9499 1.5655360998826
0.681362725450903 0.680107922398427 0.158981395329223 -0.00125480305247549 0.158982969859924 2.79670699748817e-13 100.640706837846 0.00125480305247549 0.949 1.56545221200114
-1.47294589178357 -1.47656126920436 0.162939411576037 -0.00361537742078966 0.162952482529932 0.0103392150243366 98.1960094567634 0.00361537742078966 0.9525 1.57485194901062
-9.78957915831663 -9.79083396060508 0.158981392827267 -0.00125480228844665 0.15898296735605 3.88242685886112e-21 100.64070842167 0.00125480228844665 0.9499 1.56552867401216
4.88977955911824 4.88852475682979 0.158981392827267 -0.00125480228844665 0.15898296735605 4.82874178693089e-52 100.640708421671 0.00125480228844665 0.9499 1.5655360998826
-11.7935871743487 -11.7948419766371 0.158981392827267 -0.00125480228844665 0.15898296735605 1.32041019420205e-39 100.640708421671 0.00125480228844665 0.9499 1.5655360998826
8.99799599198397 8.99674118969552 0.158981392827267 -0.00125480228844665 0.15898296735605 4.56093995043242e-113 100.640708421671 0.00125480228844665 0.9499 1.5655360998826
-7.68537074148297 -7.68662420094026 0.158984355768271 -0.00125345945729816 0.158985926928882 1.30457084429863e-07 100.638832812713 0.00125345945729816 0.9486 1.56540928694069
-5.5310621242485 -5.44861533105373 0.224540979484135 0.082446793194765 0.231338453192236 8.1372038283126 71.2564808292843 0.082446793194765 0.9131 1.69119252179674
6.9438877755511 6.94263297326266 0.158981392827267 -0.00125480228844665 0.15898296735605 1.08302740564063e-79 100.640708421671 0.00125480228844665 0.9499 1.5655360998826
-13.8977955911824 -13.8990503934708 0.158981392827267 -0.00125480228844665 0.15898296735605 7.29182328204285e-65 100.640708421671 0.00125480228844665 0.9499 1.5655360998826
0.731462925851703 0.730208123083237 0.158981394407392 -0.00125480276846601 0.15898296893738 1.3383035787168e-13 100.640707421396 0.00125480276846601 0.949 1.56546513834566
2.78557114228457 2.78431633999612 0.158981392827267 -0.0012548022884471 0.15898296735605 1.17436526771255e-29 100.640708421671 0.0012548022884471 0.9499 1.5655360998826
-3.47695390781563 -3.64102443797649 0.108450046326437 -0.164070530160858 0.135369185193702 113.275567989113 147.533362520102 0.164070530160858 0.9309 1.38021241287037
-1.42284569138276 -1.4259481940387 0.162155768583862 -0.00310250265593481 0.162165394106593 0.00687944393271655 98.670556957246 0.00310250265593481 0.9526 1.57302880343203
-9.73947895791583 -9.74073376020428 0.158981392827268 -0.00125480228844665 0.158982967356051 9.57148048163042e-21 100.64070842167 0.00125480228844665 0.9497 1.565538148773
4.93987975951904 4.93862495723059 0.158981392827267 -0.00125480228844665 0.15898296735605 1.19562268410464e-52 100.640708421671 0.00125480228844665 0.9499 1.5655360998826
-11.7434869739479 -11.7447417762363 0.158981392827267 -0.00125480228844665 0.15898296735605 4.45498474854925e-39 100.640708421671 0.00125480228844665 0.9499 1.5655360998826
9.04809619238477 9.04684139009632 0.158981392827267 -0.00125480228844665 0.15898296735605 5.93578816197599e-114 100.640708421671 0.00125480228844665 0.9499 1.5655360998826
-7.63527054108216 -7.63652336583583 0.15898571743443 -0.00125282475367072 0.158987287004294 2.31418368534597e-07 100.637970870552 0.00125282475367072 0.9486 1.56541002859295
-5.4809619238477 -5.38888477410907 0.227394540675357 0.092077149738623 0.235872742179346 10.4467555530853 70.362287293619 0.092077149738623 0.9098 1.69353610346625
6.9939879759519 6.99273317366346 0.158981392827267 -0.00125480228844665 0.15898296735605 1.94415795980759e-80 100.640708421671 0.00125480228844665 0.9499 1.5655360998826
0.781563126252506 0.780308323664456 0.158981393818314 -0.00125480258805 0.158982968347849 6.3541304759096e-14 100.640707794303 0.00125480258805 0.949 1.56541947920938
2.83567134268537 2.83441654039693 0.158981392827267 -0.0012548022884471 0.15898296735605 4.04238768772802e-30 100.640708421671 0.0012548022884471 0.9499 1.5655360998826
-13.8476953907816 -13.84895019307 0.158981392827267 -0.00125480228844665 0.15898296735605 3.42017311144246e-64 100.640708421671 0.00125480228844665 0.9499 1.5655360998826
-3.42685370741483 -3.5998295061721 0.117110058934541 -0.172975798757265 0.147030685890255 109.475369679249 136.623618377165 0.172975798757265 0.9159 1.40389449214768
-1.37274549098196 -1.37543859467442 0.161512267234709 -0.00269310369245823 0.161519520042207 0.0045453769790786 99.0636827402644 0.00269310369245823 0.9515 1.57144800815608
-9.68937875751503 -9.69063355980348 0.158981392827269 -0.00125480228844665 0.158982967356052 2.34125338032606e-20 100.640708421669 0.00125480228844665 0.9496 1.56554535252065
4.98997995991984 4.98872515763139 0.158981392827267 -0.00125480228844665 0.15898296735605 2.93729639132312e-53 100.640708421671 0.00125480228844665 0.9499 1.5655360998826
-11.6933867735471 -11.6946415758355 0.158981392827267 -0.00125480228844665 0.15898296735605 1.49134127049767e-38 100.640708421671 0.00125480228844665 0.9499 1.5655360998826
-5.43086172344689 -5.32882328466374 0.22944349490907 0.102038438783157 0.239855337898374 13.2606386597083 69.7339447620464 0.102038438783157 0.9057 1.69400044873078
9.09819639278557 9.09694159049712 0.158981392827267 -0.00125480228844665 0.15898296735605 7.66471293969413e-115 100.640708421671 0.00125480228844665 0.9499 1.5655360998826
-7.58517034068136 -7.58642224855009 0.158987664331099 -0.0012519078687232 0.158989231604411 4.07330078076035e-07 100.636738499908 0.0012519078687232 0.9486 1.56541087514003
7.04408817635271 7.04283337406426 0.158981392827267 -0.00125480228844665 0.15898296735605 3.46271789225177e-81 100.640708421671 0.00125480228844665 0.9499 1.5655360998826
0.831663326653308 0.830408524179109 0.158981393444509 -0.00125480247419851 0.158982967973758 2.99330770779039e-14 100.640708030935 0.00125480247419851 0.949 1.56539708040716
-13.7975951903808 -13.7988499926692 0.158981392827267 -0.00125480228844665 0.15898296735605 1.59167173326424e-63 100.640708421671 0.00125480228844665 0.9499 1.5655360998826
2.88577154308617 2.88451674079772 0.158981392827267 -0.0012548022884471 0.15898296735605 1.38059465754939e-30 100.640708421671 0.0012548022884471 0.9499 1.5655360998826
-3.37675350701403 -3.55698594468345 0.126343446370591 -0.180232437669421 0.158827177958852 105.073360513375 126.638939016028 0.180232437669421 0.9008 1.42842626997221
-1.32264529058116 -1.32501370933294 0.160987782474819 -0.00236841875177385 0.160993391882203 0.00298200772115211 99.3864239511633 0.00236841875177385 0.9509 1.57023792484127
-9.63927855711423 -9.64053335940267 0.158981392827271 -0.00125480228844488 0.158982967356055 5.68213020924003e-20 100.640708421667 0.00125480228844488 0.9496 1.56553868597368
5.04008016032064 5.0388253580322 0.158981392827267 -0.00125480228844665 0.15898296735605 7.15970055989584e-54 100.640708421671 0.00125480228844665 0.9499 1.5655360998826
-11.6432865731463 -11.6445413754347 0.158981392827267 -0.00125480228844665 0.15898296735605 4.95337620064587e-38 100.640708421671 0.00125480228844665 0.9499 1.5655360998826
-5.38076152304609 -5.26855708979375 0.230549575186842 0.112204433252339 0.243139410028321 16.6308985173657 69.3993905086717 0.112204433252339 0.9017 1.69250395740348
9.14829659318637 9.14704179089793 0.158981392827267 -0.00125480228844665 0.15898296735605 9.81989529193475e-116 100.640708421671 0.00125480228844665 0.9499 1.5655360998826
-7.53507014028056 -7.53632073187577 0.158990429638465 -0.00125059159520458 0.158991993617804 7.11406761868995e-07 100.634988133456 0.00125059159520458 0.949 1.56543509028311
7.09418837675351 7.09293357446506 0.158981392827267 -0.00125480228844665 0.15898296735605 6.11922096893193e-82 100.640708421671 0.00125480228844665 0.9499 1.5655360998826
-13.74749498998 -13.7487497922684 0.158981392827267 -0.00125480228844665 0.15898296735605 7.34940839039643e-63 100.640708421671 0.00125480228844665 0.9499 1.5655360998826
0.881763527054108 0.880508724651274 0.158981393208986 -0.00125480240283438 0.158982967738057 1.39907271749529e-14 100.640708180029 0.00125480240283438 0.949 1.56538723885397
2.93587174348697 2.93461694119853 0.158981392827267 -0.0012548022884471 0.15898296735605 4.67829793731354e-31 100.640708421671 0.0012548022884471 0.9499 1.5655360998826
-3.32665330661323 -3.51243998438589 0.136035197411732 -0.185786677772666 0.170551887049537 100.253927521914 117.616619113459 0.185786677772666 0.8893 1.45348590357341
-9.58917835671343 -9.59043315900187 0.158981392827276 -0.0012548022884431 0.158982967356059 1.36825615839587e-19 100.640708421665 0.0012548022884431 0.9496 1.56553835987626
-1.27254509018036 -1.27465762863616 0.160563324120047 -0.00211253845580073 0.160567786938774 0.00194241447542776 99.6491576621659 0.00211253845580073 0.9507 1.56915668321461
5.09018036072144 5.088925558433 0.158981392827267 -0.00125480228844665 0.15898296735605 1.73155148261889e-54 100.640708421671 0.00125480228844665 0.9499 1.5655360998826
-11.5931863727455 -11.5944411750339 0.158981392827267 -0.00125480228844665 0.15898296735605 1.63237168080712e-37 100.640708421671 0.00125480228844665 0.9499 1.5655360998826
-5.33066132264529 -5.20823121189485 0.230593735467506 0.122430110750445 0.245582867485873 20.5940348774118 69.3861000497761 0.122430110750445 0.8977 1.68877121412106
9.19839679358718 9.19714199129873 0.158981392827267 -0.00125480228844665 0.15898296735605 1.2482779000237e-116 100.640708421671 0.00125480228844665 0.9499 1.5655360998826
-7.48496993987976 -7.48621865355011 0.15899433158278 -0.00124871367035162 0.158995890868611 1.23287024475028e-06 100.632518409435 0.00124871367035162 0.9492 1.56543675205678
7.14428857715431 7.14303377486586 0.158981392827267 -0.00125480228844665 0.15898296735605 1.07292316770984e-82 100.640708421671 0.00125480228844665 0.9499 1.5655360998826
-13.6973947895792 -13.6986495918676 0.158981392827267 -0.00125480228844665 0.15898296735605 3.36701243189143e-62 100.640708421671 0.00125480228844665 0.9499 1.5655360998826
2.98597194388778 2.98471714159933 0.158981392827267 -0.0012548022884471 0.15898296735605 1.57290693116085e-31 100.640708421671 0.0012548022884471 0.9499 1.5655360998826
0.93186372745491 0.930608925096504 0.158981393061653 -0.00125480235840669 0.158982967590612 6.48817944558902e-15 100.640708273296 0.00125480235840669 0.949 1.56537919923373
-3.27655310621243 -3.46616326374002 0.146047520916254 -0.189610157527594 0.181999532753893 94.9661581256215 109.553383033285 0.189610157527594 0.8787 1.4787733953989
5.14028056112225 5.1390257588338 0.158981392827267 -0.00125480228844665 0.15898296735605 4.15498461292436e-55 100.640708421671 0.00125480228844665 0.9499 1.5655360998826
-9.53907815631263 -9.54033295860106 0.158981392827285 -0.00125480228843955 0.158982967356068 3.26901646838793e-19 100.640708421659 0.00125480228843955 0.9496 1.56551022528173
-11.5430861723447 -11.5443409746331 0.158981392827267 -0.00125480228844665 0.15898296735605 5.33740615779281e-37 100.640708421671 0.00125480228844665 0.9499 1.5655360998826
-1.22244488977956 -1.22435699982906 0.160222108005629 -0.0019121100495032 0.16022576417047 0.00125615213830671 99.8613749323401 0.0019121100495032 0.9507 1.56830190703068
-5.28056112224449 -5.148006852165 0.229483265364117 0.132554270079488 0.247053899880422 25.1640992258001 69.7218595639779 0.132554270079488 0.8938 1.68271042368247
9.24849699398798 9.24724219169953 0.158981392827267 -0.00125480228844665 0.15898296735605 1.57437856494531e-117 100.640708421671 0.00125480228844665 0.9499 1.5655360998826
-7.43486973947896 -7.43611579045625 0.158999801251875 -0.00124605097729358 0.159001353894913 2.12007087817436e-06 100.629056602744 0.00124605097729358 0.949 1.56545306374066
7.19438877755511 7.19313397526667 0.158981392827267 -0.00125480228844665 0.15898296735605 1.8665282700976e-83 100.640708421671 0.00125480228844665 0.9499 1.5655360998826
-13.6472945891784 -13.6485493914668 0.158981392827267 -0.00125480228844665 0.15898296735605 1.53049008659763e-61 100.640708421671 0.00125480228844665 0.9499 1.5655360998826
3.03607214428858 3.03481734200013 0.158981392827267 -0.0012548022884471 0.15898296735605 5.24700693125978e-32 100.640708421671 0.0012548022884471 0.9499 1.5655360998826
0.981963927855713 0.980709125524774 0.158981392970154 -0.00125480233093889 0.158982967499044 2.98537589287275e-15 100.640708331218 0.00125480233093889 0.949 1.56536338252188
-3.22645290581162 -3.41815445763086 0.156221882097328 -0.191701551819237 0.192971367067231 89.2003748284704 102.418430665378 0.191701551819237 0.8711 1.50390523162399
5.19038076152305 5.1891259592346 0.158981392827267 -0.00125480228844665 0.15898296735605 9.89229121654024e-56 100.640708421671 0.00125480228844665 0.9499 1.5655360998826
-11.4929859719439 -11.4942407742323 0.158981392827267 -0.00125480228844665 0.15898296735605 1.73154951385751e-36 100.640708421671 0.00125480228844665 0.9499 1.5655360998826
-9.48897795591182 -9.49023275820026 0.158981392827301 -0.00125480228843422 0.158982967356084 7.7492607402121e-19 100.640708421648 0.00125480228843422 0.9496 1.56549961894405
-1.17234468937876 -1.17410072705124 0.159949530627699 -0.00175603767248567 0.159952614296007 0.000806461920854375 100.031553310662 0.00175603767248567 0.9501 1.56762086922816
-5.23046092184369 -5.08805795824865 0.227157820600701 0.142402963595037 0.247436424641351 30.3269465215067 70.4356114955199 0.142402963595037 0.8884 1.67435469117856
9.29859719438878 9.29734239210033 0.158981392827267 -0.00125480228844665 0.15898296735605 1.97015555120476e-118 100.640708421671 0.00125480228844665 0.9499 1.5655360998826
-7.38476953907816 -7.38601183789731 0.159007418255068 -0.00124229881915472 0.159008961561424 3.61762535639744e-06 100.624236124216 0.00124229881915472 0.9489 1.56545467684122
-13.5971943887776 -13.598449191066 0.158981392827267 -0.00125480228844665 0.15898296735605 6.90255353713713e-61 100.640708421671 0.00125480228844665 0.9499 1.5655360998826
7.24448897795591 7.24323417566747 0.158981392827267 -0.00125480228844665 0.15898296735605 3.22176591739988e-84 100.640708421671 0.00125480228844665 0.9499 1.5655360998826
3.08617234468938 3.08491754240093 0.158981392827267 -0.0012548022884471 0.15898296735605 1.73665564160963e-32 100.640708421671 0.0012548022884471 0.9499 1.5655360998826
1.03206412825651 1.03080932594244 0.158981392913744 -0.00125480231407549 0.158982967442591 1.36291497694921e-15 100.640708366928 0.00125480231407549 0.949 1.56542839905105
-3.17635270541082 -3.36844023066446 0.166382749360537 -0.192087525253638 0.203280366718604 83.0447443300939 96.1638154285417 0.192087525253638 0.8664 1.52848594032036
5.24048096192385 5.2392261596354 0.158981392827267 -0.00125480228844665 0.15898296735605 2.33678000566544e-56 100.640708421671 0.00125480228844665 0.9499 1.5655360998826
-11.4428857715431 -11.4441405738315 0.158981392827267 -0.00125480228844665 0.15898296735605 5.57356459908716e-36 100.640708421671 0.00125480228844665 0.9499 1.5655360998826
-9.43887775551102 -9.44013255779944 0.158981392827332 -0.00125480228842179 0.158982967356115 1.82262326665809e-18 100.640708421629 0.00125480228842179 0.9496 1.56549530987188
-5.18036072144289 -5.02856707563183 0.223593827727301 0.151793645811053 0.246635138635912 36.0369743012614 71.5583259280033 0.151793645811053 0.885 1.66353348755239
-1.12224448897796 -1.12387967891126 0.159733069965929 -0.00163518993330647 0.159735743812047 0.000513975315095644 100.167110063137 0.00163518993330647 0.9497 1.56713435130095
9.34869739478958 9.34744259250113 0.158981392827267 -0.00125480228844665 0.15898296735605 2.44616262934499e-119 100.640708421671 0.00125480228844665 0.9499 1.5655360998826
-7.33466933867735 -7.33590638264639 0.159017955957788 -0.00123704396903435 0.159019486235569 6.12554134145586e-06 100.6175680201 0.00123704396903435 0.9489 1.56548863324337
-13.5470941883768 -13.5483489906652 0.158981392827267 -0.00125480228844665 0.15898296735605 3.08874822287978e-60 100.640708421671 0.00125480228844665 0.9499 1.5655360998826
7.29458917835671 7.29333437606827 0.158981392827267 -0.00125480228844665 0.15898296735605 5.517557345036e-85 100.640708421671 0.00125480228844665 0.9499 1.5655360998826
3.13627254509018 3.13501774280173 0.158981392827267 -0.0012548022884471 0.15898296735605 5.70307715419633e-33 100.640708421671 0.0012548022884471 0.9499 1.5655360998826
1.08216432865731 1.08090952635352 0.158981392879222 -0.00125480230379549 0.158982967408044 6.17350858208754e-16 100.640708388781 0.00125480230379549 0.949 1.5654242251502
-3.12625250501002 -3.31707539843964 0.176343005039212 -0.190822893429623 0.212756381696065 76.5606413849988 90.7322635022705 0.190822893429623 0.8622 1.55227784481348
5.29058116232465 5.2893263600362 0.158981392827267 -0.00125480228844665 0.15898296735605 5.47686738172657e-57 100.640708421671 0.00125480228844665 0.9499 1.5655360998826
-11.3927855711423 -11.3940403734307 0.158981392827267 -0.00125480228844665 0.15898296735605 1.78001894787075e-35 100.640708421671 0.00125480228844665 0.9499 1.5655360998826
-5.13026052104208 -4.96972062808857 0.218806854739995 0.160539892953518 0.244579911969522 42.2174192458694 73.1238517139355 0.160539892953518 0.8807 1.65037450689329
-9.38877755511022 -9.39003235739862 0.15898139282739 -0.00125480228840047 0.158982967356173 4.25330982471546e-18 100.640708421592 0.00125480228840047 0.9496 1.56549354639142
-1.07214428857715 -1.07368641120683 0.159562132544564 -0.00154212262967302 0.159564510686769 0.000325157994939861 100.27441815201 0.00154212262967302 0.9502 1.56673865700298
9.39879759519038 9.39754279290193 0.158981392827267 -0.00125480228844665 0.15898296735605 3.01344728959706e-120 100.640708421671 0.00125480228844665 0.9499 1.5655360998826
-7.28456913827655 -7.28579886822757 0.159032438212324 -0.00122972995102 0.159033950448076 1.02925151933524e-05 100.608405303064 0.00122972995102 0.9491 1.56551013601656
-13.496993987976 -13.4982487902644 0.158981392827267 -0.00125480228844665 0.15898296735605 1.37135121361327e-59 100.640708421671 0.00125480228844665 0.9499 1.5655360998826
7.34468937875751 7.34343457646907 0.158981392827267 -0.00125480228844665 0.15898296735605 9.37547305841913e-86 100.640708421671 0.00125480228844665 0.9499 1.5655360998826
3.18637274549098 3.18511794320253 0.158981392827267 -0.0012548022884471 0.15898296735605 1.85822476777329e-33 100.640708421671 0.0012548022884471 0.9499 1.5655360998826
5.34068136272545 5.339426560437 0.158981392827267 -0.00125480228844665 0.15898296735605 1.27362062605011e-57 100.640708421671 0.00125480228844665 0.9499 1.5655360998826
-3.07615230460922 -3.26414222018253 0.185910787390829 -0.187989915573308 0.221250995748088 69.8408172134212 86.0627843308747 0.187989915573308 0.8624 1.57489200506586
1.13226452905812 1.13100972676054 0.158981392858253 -0.00125480229757358 0.158982967387059 2.77452651306639e-16 100.640708402055 0.00125480229757358 0.949 1.56543650531038
-11.3426853707415 -11.3439401730299 0.158981392827267 -0.00125480228844665 0.15898296735605 5.64039700613142e-35 100.640708421671 0.00125480228844665 0.9499 1.5655360998826
-5.08016032064128 -4.91170381854391 0.21285172645854 0.16845650209737 0.241229319557421 48.7646269564687 75.1696980156585 0.16845650209737 0.8757 1.63502644447269
-9.33867735470942 -9.33993215699778 0.158981392827496 -0.00125480228835961 0.158982967356279 9.84805817160915e-18 100.640708421525 0.00125480228835961 0.9496 1.56549186204511
-1.02204408817635 -1.02351491003472 0.159427865125899 -0.00147082185836944 0.159430028442838 0.000204182728387057 100.358867550318 0.00147082185836944 0.9498 1.56642852683533
9.44889779559118 9.44764299330274 0.158981392827267 -0.00125480228844665 0.15898296735605 3.68328507698158e-121 100.640708421671 0.00125480228844665 0.9499 1.5655360998826
-7.23446893787575 -7.23568855062459 0.159052209632789 -0.00121961274883642 0.159053697088046 1.71618572318481e-05 100.595898899738 0.00121961274883642 0.9489 1.56558481333663
-13.4468937875751 -13.4481485898636 0.158981392827267 -0.00125480228844665 0.15898296735605 6.04099315665337e-59 100.640708421671 0.00125480228844665 0.9499 1.5655360998826
7.39478957915832 7.39353477686987 0.158981392827267 -0.00125480228844665 0.15898296735605 1.58064006754302e-86 100.640708421671 0.00125480228844665 0.9499 1.5655360998826
3.23647294589178 3.23521814360334 0.158981392827267 -0.0012548022884471 0.15898296735605 6.00731912772844e-34 100.640708421671 0.0012548022884471 0.9499 1.5655360998826
5.39078156312625 5.38952676083781 0.158981392827267 -0.00125480228844665 0.15898296735605 2.93860629431968e-58 100.640708421671 0.00125480228844665 0.9499 1.5655360998826
-11.2925851703407 -11.2938399726291 0.158981392827267 -0.00125480228844665 0.15898296735605 1.77332437398315e-34 100.640708421671 0.00125480228844665 0.9499 1.5655360998826
-3.02605210420842 -3.20974878860625 0.19489735005848 -0.183696684397834 0.228641821917238 62.962263762371 82.0944974120947 0.183696684397834 0.8645 1.59615221487612
1.18236472945892 1.18110992716508 0.15898139284561 -0.00125480229383501 0.158982967374407 1.23719802492149e-16 100.640708410058 0.00125480229383501 0.949 1.56549284140446
-5.03006012024048 -4.85469538386245 0.205820380746869 0.175364736378032 0.236573171511806 55.5558249601128 77.7376853640058 0.175364736378032 0.8727 1.61756417643081
-9.28857715430862 -9.2898319565969 0.158981392827691 -0.00125480228828501 0.158982967356473 2.26239104115441e-17 100.640708421402 0.00125480228828501 0.9496 1.56547083039513
-0.97194388777555 -0.973360358649571 0.159322948070959 -0.00141647087402108 0.159324954460696 0.000127261255753472 100.424955687325 0.00141647087402108 0.9493 1.56616854257534
9.49899799599199 9.49774319370354 0.158981392827267 -0.00125480228844665 0.15898296735605 4.46684136749282e-122 100.640708421671 0.00125480228844665 0.9499 1.5655360998826
-7.18436873747495 -7.18557444236082 0.15907902147586 -0.00120570488587379 0.159080475200132 2.83977244239357e-05 100.578944046547 0.00120570488587379 0.9488 1.56565808502133
-13.3967935871743 -13.3980483894628 0.158981392827267 -0.00125480228844665 0.15898296735605 2.64034972172573e-58 100.640708421671 0.00125480228844665 0.9499 1.5655360998826
5.44088176352706 5.43962696123861 0.158981392827267 -0.00125480228844665 0.15898296735605 6.72722861994465e-59 100.640708421671 0.00125480228844665 0.9499 1.5655360998826
7.44488977955912 7.44363497727067 0.158981392827267 -0.00125480228844665 0.15898296735605 2.64402918750446e-87 100.640708421671 0.00125480228844665 0.9499 1.5655360998826
3.28657314629259 3.28531834400414 0.158981392827267 -0.0012548022884471 0.15898296735605 1.92688867759862e-34 100.640708421671 0.0012548022884471 0.9499 1.5655360998826
-11.2424849699399 -11.2437397722283 0.158981392827267 -0.00125480228844665 0.15898296735605 5.53171956764948e-34 100.640708421671 0.00125480228844665 0.9499 1.5655360998826
1.23246492985972 1.23121012756812 0.158981392838045 -0.0012548022916048 0.158982967366836 5.47372608408942e-17 100.640708414847 0.0012548022916048 0.949 1.56548065685561
-2.97595190380762 -3.15402652578698 0.203125380674372 -0.178074621979365 0.234835951667466 56.0560015149937 78.7690831489414 0.178074621979365 0.8675 1.61554515735737
-4.97995991983968 -4.79886246794549 0.197837676311291 0.181097451894185 0.230633963393857 62.4591066437735 80.8743829705347 0.181097451894185 0.868 1.59821432140435
-9.23847695390782 -9.23973175619596 0.158981392828044 -0.00125480228814823 0.158982967356826 5.15677551594293e-17 100.640708421179 0.00125480228814823 0.9496 1.56549950067988
-0.921843687374748 -0.923218930012178 0.159241385459257 -0.00137524263742961 0.159243276751568 7.87241383563883e-05 100.476392828758 0.00137524263742961 0.9495 1.56598202582902
9.54909819639279 9.54784339410434 0.158981392827267 -0.00125480228844665 0.15898296735605 5.37476137403069e-123 100.640708421671 0.00125480228844665 0.9499 1.5655360998826
-7.13426853707415 -7.1354552426701 0.159115135027231 -0.00118670559595646 0.159116543297403 4.66327824468901e-05 100.556116156152 0.00118670559595646 0.9487 1.56580143724585
-13.3466933867735 -13.347948189062 0.158981392827267 -0.00125480228844665 0.15898296735605 1.14500669628213e-57 100.640708421671 0.00125480228844665 0.9499 1.5655360998826
5.49098196392786 5.48972716163941 0.158981392827267 -0.00125480228844665 0.15898296735605 1.52800379063188e-59 100.640708421671 0.00125480228844665 0.9499 1.5655360998826
3.33667334669339 3.33541854440494 0.158981392827267 -0.0012548022884471 0.15898296735605 6.13233692354763e-35 100.640708421671 0.0012548022884471 0.9499 1.5655360998826
7.49498997995992 7.49373517767147 0.158981392827267 -0.00125480228844665 0.15898296735605 4.38826620535288e-88 100.640708421671 0.00125480228844665 0.9499 1.5655360998826
-11.1923847695391 -11.1936395718275 0.158981392827267 -0.00125480228844665 0.15898296735605 1.71208605161766e-33 100.640708421671 0.00125480228844665 0.9499 1.5655360998826
1.28256513026052 1.28131032797024 0.158981392833553 -0.0012548022902843 0.158982967362341 2.40281535088707e-17 100.640708417691 0.0012548022902843 0.949 1.56549338305892
-4.92985971943888 -4.7443558875033 0.189055539388678 0.185503831935576 0.223467211051461 69.3438712369862 84.6312149950058 0.185503831935576 0.8676 1.57709098770392
-2.92585170340681 -3.09712683762756 0.210437136649955 -0.171275134220747 0.23977230825229 49.2521532893712 76.0322073124131 0.171275134220747 0.8705 1.63310882883466
-9.18837675350701 -9.18963155579492 0.15898139282868 -0.00125480228790131 0.158982967357461 1.16622480369332e-16 100.640708420776 0.00125480228790131 0.9496 1.56548604564494
-0.871743486973948 -0.873087605766602 0.159178304077202 -0.00134411879265417 0.159180110732531 4.83323160921694e-05 100.516211004735 0.00134411879265417 0.9492 1.56583013520469
9.59919839679359 9.59794359450514 0.158981392827267 -0.00125480228844665 0.15898296735605 6.4166936771803e-124 100.640708421671 0.00125480228844665 0.9499 1.5655360998826
-7.08416833667335 -7.0853292513104 0.159163443984362 -0.00116091463705459 0.159164791707156 7.59978092802673e-05 100.52559557314 0.00116091463705459 0.9488 1.56591679411425
-13.2965931863727 -13.2978479886612 0.158981392827267 -0.00125480228844665 0.15898296735605 4.92660860173944e-57 100.640708421671 0.00125480228844665 0.9499 1.5655360998826
5.54108216432866 5.53982736204021 0.158981392827267 -0.00125480228844665 0.15898296735605 3.44354797615093e-60 100.640708421671 0.00125480228844665 0.9499 1.5655360998826
-11.1422845691383 -11.1435393714267 0.158981392827267 -0.00125480228844665 0.15898296735605 5.25756299198131e-33 100.640708421671 0.00125480228844665 0.9499 1.5655360998826
3.38677354709419 3.38551874480574 0.158981392827267 -0.0012548022884471 0.15898296735605 1.93637226196542e-35 100.640708421671 0.0012548022884471 0.9499 1.5655360998826
7.54509018036072 7.54383537807228 0.158981392827267 -0.00125480228844665 0.15898296735605 7.22625274696191e-89 100.640708421671 0.00125480228844665 0.9499 1.5655360998826
1.33266533066132 1.33141052837182 0.158981392830905 -0.00125480228950803 0.158982967359691 1.04652889113412e-17 100.640708419367 0.00125480228950803 0.949 1.56552657874279
-4.87975951903808 -4.69130604485272 0.179645947944401 0.188453474185352 0.21516065987693 76.0900109599123 89.0640739915375 0.188453474185352 0.8663 1.55454066136253
-2.87575150300601 -3.03921702534107 0.216701746747134 -0.163465522335058 0.243422723739407 42.6828769607588 73.8341994938794 0.163465522335058 0.8744 1.64859014027275
-9.13827655310621 -9.13953135539367 0.158981392829817 -0.001254802287459 0.158982967358597 2.61685599870237e-16 100.640708420056 0.001254802287459 0.9496 1.56550404337106
9.64929859719439 9.64804379490594 0.158981392827267 -0.00125480228844665 0.15898296735605 7.60075771461968e-125 100.640708421671 0.00125480228844665 0.9499 1.5655360998826
-0.821643286573146 -0.82296402127322 0.159129769595925 -0.0013207347000741 0.159131513936073 2.94489819709445e-05 100.546868386905 0.0013207347000741 0.9493 1.56571878579563
-7.03406813627254 -7.03519426349621 0.159227616593376 -0.0011261272236629 0.1592288847559 0.000122921444456803 100.485081308852 0.0011261272236629 0.9494 1.56604619566202
-13.2464929859719 -13.2477477882604 0.158981392827267 -0.00125480228844665 0.15898296735605 2.10320476441921e-56 100.640708421671 0.00125480228844665 0.9499 1.5655360998826
5.59118236472946 5.58992756244101 0.158981392827267 -0.00125480228844665 0.15898296735605 7.69983300674329e-61 100.640708421671 0.00125480228844665 0.9499 1.5655360998826
-11.0921843687375 -11.0934391710259 0.158981392827267 -0.00125480228844665 0.15898296735605 1.60190531499583e-32 100.640708421671 0.00125480228844665 0.9499 1.5655360998826
3.43687374749499 3.43561894520654 0.158981392827267 -0.0012548022884471 0.15898296735605 6.06659719143249e-36 100.640708421671 0.0012548022884471 0.9499 1.5655360998826
1.38276553106212 1.38151072877307 0.158981392829357 -0.00125480228905528 0.158982967358142 4.52246826562977e-18 100.640708420347 0.00125480228905528 0.949 1.56553642116239
-4.82965931863727 -4.63981968817281 0.169793290185744 0.189839630464466 0.205832375480629 82.5946253966969 94.2322278017991 0.189839630464466 0.8692 1.53088389928898
7.59519038076152 7.59393557847308 0.158981392827267 -0.00125480228844665 0.15898296735605 1.18066527856983e-89 100.640708421671 0.00125480228844665 0.9499 1.5655360998826
-2.82565130260521 -2.98047560049669 0.221821094544412 -0.15482429789148 0.245791657762002 36.4719627313458 72.1302003890191 0.15482429789148 0.8794 1.66184925556685
-9.08817635270541 -9.08943115499208 0.158981392831835 -0.00125480228667207 0.158982967360613 5.82600550212065e-16 100.640708418779 0.00125480228667207 0.9496 1.56550631828771
9.69939879759519 9.69814399530674 0.158981392827267 -0.00125480228844665 0.15898296735605 8.93297117469023e-126 100.640708421671 0.00125480228844665 0.9499 1.5655360998826
-0.771543086172345 -0.772846335322059 0.159092624366594 -0.00130324914971414 0.15909432282494 1.78070684343988e-05 100.570344248842 0.00130324914971414 0.9495 1.5656504911553
-6.98396793587174 -6.98504744347342 0.159312257176888 -0.00107950760167608 0.15931342251355 0.000197327444010158 100.431694858449 0.00107950760167608 0.9493 1.5662341096423
5.64128256513026 5.64002776284181 0.158981392827267 -0.00125480228844665 0.15898296735605 1.70824412799836e-61 100.640708421671 0.00125480228844665 0.9499 1.5655360998826
-13.1963927855711 -13.1976475878596 0.158981392827267 -0.00125480228844665 0.15898296735605 8.90858062721578e-56 100.640708421671 0.00125480228844665 0.9499 1.5655360998826
-11.0420841683367 -11.0433389706251 0.158981392827267 -0.00125480228844665 0.15898296735605 4.84264531717664e-32 100.640708421671 0.00125480228844665 0.9499 1.5655360998826
1.43286573146293 1.43161092917413 0.158981392828458 -0.00125480228879327 0.158982967357242 1.93906921231114e-18 100.640708420916 0.00125480228879327 0.949 1.56554943700159
-4.77955911823647 -4.58997763747675 0.159686613514203 0.189581480759722 0.195627751361252 88.7757494801718 100.196250943583 0.189581480759722 0.8737 1.50635967820289
3.48697394789579 3.48571914560734 0.158981392827267 -0.0012548022884471 0.15898296735605 1.88579694769682e-36 100.640708421671 0.0012548022884471 0.9499 1.5655360998826
7.64529058116232 7.64403577887388 0.158981392827267 -0.00125480228844665 0.15898296735605 1.91396458473639e-90 100.640708421671 0.00125480228844665 0.9499 1.5655360998826
-2.77555110220441 -2.92108719841441 0.225733837053531 -0.145536096210001 0.246914592353578 30.7247543081265 70.8799363393876 0.145536096210001 0.8847 1.67273327885804
-9.03807615230461 -9.03933095458989 0.158981392835389 -0.00125480228528119 0.158982967364164 1.28693166155199e-15 100.640708416529 0.00125480228528119 0.9496 1.56552949681062
9.74949899799599 9.74824419570755 0.158981392827267 -0.00125480228844665 0.15898296735605 1.0416658778859e-126 100.640708421671 0.00125480228844665 0.9499 1.5655360998826
-0.721442885771543 -0.722733122356329 0.15906434799284 -0.00129023658478589 0.159066012703285 1.06854271805801e-05 100.588222325723 0.00129023658478589 0.9497 1.5655942021787
-6.93386773547094 -6.93488517446429 0.159423085145883 -0.00101743899335283 0.159424120327988 0.000314411619711635 100.361876608767 0.00101743899335283 0.9497 1.5665318792177
5.69138276553106 5.69012796324262 0.158981392827267 -0.00125480228844665 0.15898296735605 3.76020938148271e-62 100.640708421671 0.00125480228844665 0.9499 1.5655360998826
-10.9919839679359 -10.9932387702243 0.158981392827267 -0.00125480228844665 0.15898296735605 1.45251940533602e-31 100.640708421671 0.00125480228844665 0.9499 1.5655360998826
-13.1462925851703 -13.1475473874588 0.158981392827267 -0.00125480228844665 0.15898296735605 3.74394047150492e-55 100.640708421671 0.00125480228844665 0.9499 1.5655360998826
-4.72945891783567 -4.54183349994807 0.149512227434692 0.187625417887602 0.184715524872189 94.5732476904813 107.014658764207 0.187625417887602 0.8817 1.48128919332048
1.48296593186373 1.48171112957509 0.158981392827941 -0.0012548022886425 0.158982967356724 8.24906198827913e-19 100.640708421244 0.0012548022886425 0.949 1.56556242013405
3.53707414829659 3.53581934600815 0.158981392827267 -0.0012548022884471 0.15898296735605 5.81618429140727e-37 100.640708421671 0.0012548022884471 0.9499 1.5655360998826
7.69539078156313 7.69413597927468 0.158981392827267 -0.00125480228844665 0.15898296735605 3.07846673680477e-91 100.640708421671 0.00125480228844665 0.9499 1.5655360998826
-2.72545090180361 -2.86123732805056 0.228417299686491 -0.135786426246958 0.246855253239412 25.5201631412862 70.0472338214331 0.135786426246958 0.8896 1.68119600443697
-8.98797595190381 -8.98923075418665 0.1589813928416 -0.00125480228284047 0.158982967370369 2.82054887174954e-15 100.640708412597 0.00125480228284047 0.9496 1.56554539652002
9.79959919839679 9.79834439610835 0.158981392827267 -0.00125480228844665 0.15898296735605 1.20518690865737e-127 100.640708421671 0.00125480228844665 0.9499 1.5655360998826
-6.88376753507014 -6.88470288309397 0.159567127641022 -0.000935348023832105 0.159568002516948 0.000497256630721416 100.271279157165 0.000935348023832105 0.9497 1.56687735751765
-0.671342685370741 -0.672623284537852 0.159042939606414 -0.00128059916711121 0.159044579540641 6.36293986214788e-06 100.601762263672 0.00128059916711121 0.9497 1.56556264716349
5.74148296593187 5.74022816364342 0.158981392827267 -0.00125480228844665 0.15898296735605 8.21235250419838e-63 100.640708421671 0.00125480228844665 0.9499 1.5655360998826
-10.9418837675351 -10.9431385698235 0.158981392827267 -0.00125480228844665 0.15898296735605 4.32269592271222e-31 100.640708421671 0.00125480228844665 0.9499 1.5655360998826
-4.67935871743487 -4.49541331228829 0.13944706242416 0.183945405146578 0.173282974498698 99.9204871742164 114.738881707901 0.183945405146578 0.8897 1.45602870591418
-13.0961923847695 -13.097447187058 0.158981392827267 -0.00125480228844665 0.15898296735605 1.56114346948372e-54 100.640708421671 0.00125480228844665 0.9499 1.5655360998826
1.53306613226453 1.53181132997597 0.158981392827645 -0.00125480228855657 0.158982967356429 3.48184388023981e-19 100.640708421431 0.00125480228855657 0.949 1.56554651947477
3.5871743486974 3.58591954640895 0.158981392827267 -0.0012548022884471 0.15898296735605 1.77981495505077e-37 100.640708421671 0.0012548022884471 0.9499 1.5655360998826
7.74549098196393 7.74423617967548 0.158981392827267 -0.00125480228844665 0.15898296735605 4.91279333401383e-92 100.640708421671 0.00125480228844665 0.9499 1.5655360998826
-2.67535070140281 -2.80110722694893 0.22988719722482 -0.125756525546123 0.245701900942252 20.9061167763964 69.5993521742435 0.125756525546123 0.8949 1.68745092127425
-8.93787575150301 -8.9391305537816 0.158981392852375 -0.0012548022785932 0.158982967381133 6.13345727557838e-15 100.640708405776 0.0012548022785932 0.9496 1.56557242052146
9.8496993987976 9.84844459650915 0.158981392827267 -0.00125480228844665 0.15898296735605 1.38348302493217e-128 100.640708421671 0.00125480228844665 0.9499 1.5655360998826
-6.83366733466934 -6.83449483699476 0.159752919682557 -0.000827502325426721 0.159753604442656 0.00078064709283245 100.15466403865 0.000827502325426721 0.95 1.567398375167
-4.62925851703407 -4.4507159879536 0.129653122858761 0.178542529080464 0.16153055754921 104.809871186569 123.406206092157 0.178542529080464 0.9045 1.43092218567203
5.79158316633266 5.79032836404422 0.158981392827267 -0.00125480228844665 0.15898296735605 1.77957623938066e-63 100.640708421671 0.00125480228844665 0.9499 1.5655360998826
-0.62124248496994 -0.62251598080218 0.159026819588759 -0.00127349583223935 0.159028441380394 3.759936946262e-06 100.611959928368 0.00127349583223935 0.9493 1.56550527573114
-10.8917835671343 -10.8930383694227 0.158981392827267 -0.00125480228844665 0.15898296735605 1.27638264836529e-30 100.640708421671 0.00125480228844665 0.9499 1.5655360998826
-13.0460921843687 -13.0473469866572 0.158981392827267 -0.00125480228844665 0.15898296735605 6.45877507132138e-54 100.640708421671 0.00125480228844665 0.9499 1.5655360998826
3.6372745490982 3.63601974680975 0.158981392827267 -0.0012548022884471 0.15898296735605 5.40387141045319e-38 100.640708421671 0.0012548022884471 0.9499 1.5655360998826
1.58316633266533 1.58191153037682 0.158981392827478 -0.00125480228850794 0.158982967356261 1.45816775387842e-19 100.640708421537 0.00125480228850794 0.949 1.56554462612165
7.79559118236473 7.79433638007628 0.158981392827267 -0.00125480228844665 0.15898296735605 7.77886056225882e-93 100.640708421671 0.00125480228844665 0.9499 1.5655360998826
-2.625250501002 -2.74086909740693 0.230195323307368 -0.115618596404922 0.243562983142012 16.8989772416557 69.506190526017 0.115618596404922 0.9004 1.69131728771679
-8.88777555110221 -8.88903035337346 0.158981392870924 -0.00125480227125507 0.158982967399664 1.3233376264222e-14 100.640708394034 0.00125480227125507 0.9496 1.56554825122428
9.8997995991984 9.89854479690995 0.158981392827267 -0.00125480228844665 0.15898296735605 1.5757478600121e-129 100.640708421671 0.00125480228844665 0.9499 1.5655360998826
-6.78356713426854 -6.78425391509709 0.159990703267477 -0.000686780828552003 0.159991174935383 0.00121658919863813 100.005810795461 0.000686780828552003 0.9499 1.56801814259356
-0.571142284569138 -0.572410570129221 0.159014748097691 -0.0012682855600834 0.159016356645953 2.20471047229486e-06 100.619597813471 0.0012682855600834 0.949 1.56546600436829
5.84168336673347 5.84042856444502 0.158981392827267 -0.00125480228844665 0.15898296735605 3.82612431172595e-64 100.640708421671 0.00125480228844665 0.9499 1.5655360998826
-12.9959919839679 -12.9972467862564 0.158981392827267 -0.00125480228844665 0.15898296735605 2.65125173651762e-53 100.640708421671 0.00125480228844665 0.9499 1.5655360998826
3.687374749499 3.68611994721055 0.158981392827267 -0.0012548022884471 0.15898296735605 1.62790337068877e-38 100.640708421671 0.0012548022884471 0.9499 1.5655360998826
1.63326653306613 1.63201173077765 0.158981392827383 -0.00125480228848063 0.158982967356166 6.05897489139547e-20 100.640708421597 0.00125480228848063 0.949 1.56554902176748
7.84569138276553 7.84443658047709 0.158981392827267 -0.00125480228844665 0.15898296735605 1.22207241244737e-93 100.640708421671 0.00125480228844665 0.9499 1.5655360998826
-8.8376753507014 -8.83893015296007 0.158981392902616 -0.00125480225866426 0.158982967431324 2.83288937635307e-14 100.640708373972 0.00125480225866426 0.9496 1.5655236968249
-2.5751503006012 -2.68068197610817 0.229425497945762 -0.105531675506964 0.240562432481069 13.4865733785562 69.7394149441164 0.105531675506964 0.9051 1.69299798574401
9.9498997995992 9.94864499731075 0.158981392827267 -0.00125480228844665 0.15898296735605 1.7807095140702e-130 100.640708421671 0.00125480228844665 0.9499 1.5655360998826
-6.73346693386774 -6.73397135120951 0.160292614395107 -0.000504417341773866 0.160292868831962 0.00188222969519071 99.8174498580542 0.000504417341773866 0.9503 1.56878579577746
-0.521042084168336 -0.52230656650494 0.159005757848585 -0.00126448233660437 0.159007356764164 1.28281278514488e-06 100.62528688575 0.00126448233660437 0.9488 1.56544092401092
-12.9458917835671 -12.9471465858556 0.158981392827267 -0.00125480228844665 0.15898296735605 1.07980474974696e-52 100.640708421671 0.00125480228844665 0.9499 1.5655360998826
3.7374749498998 3.73622014761135 0.158981392827267 -0.0012548022884471 0.15898296735605 4.86570416893942e-39 100.640708421671 0.0012548022884471 0.9499 1.5655360998826
7.89579158316633 7.89453678087789 0.158981392827267 -0.00125480228844665 0.15898296735605 1.9048963765605e-94 100.640708421671 0.00125480228844665 0.9499 1.5655360998826
-8.7875751503006 -8.78882995253783 0.158981392956359 -0.00125480223722718 0.158982967485014 6.01703108242186e-14 100.64070833995 0.00125480223722718 0.9496 1.56549683437745
-2.5250501002004 -2.62068843165904 0.227688150920458 -0.0956383314586393 0.236834841364651 10.6338123093772 70.2715531542505 0.0956383314586393 0.9079 1.69263987837823
10 9.99874519771155 0.158981392827267 -0.00125480228844665 0.15898296735605 1.99660840065191e-131 100.640708421671 0.00125480228844665 0.9499 1.5655360998826
-6.68336673346693 -6.68363645296615 0.160672844618304 -0.000269719499215171 0.160672917366912 0.00289112288248559 99.5812331449645 0.000269719499215171 0.9505 1.56976252583238
-0.470941883767535 -0.472203603380817 0.158999098894195 -0.00126171961328125 0.159000690830578 7.40643253416779e-07 100.629501118412 0.00126171961328125 0.949 1.56542504008736
-0.420841683366733 -0.422101405783174 0.158994193480782 -0.00125972241644096 0.158995780381349 4.24309865399929e-07 100.632605818614 0.00125972241644096 0.949 1.56541811667504
