-15 -15.0012548022884 0.158981392827267 -0.00125480228844665 0.15898296735605 2.71627115035016e-80 NA 0.00125480228844665 0.0303735470941884 1.5655360998826
-14.9498997995992 -15.0012548022884 0.158981392827267 -0.0513550026892489 0.161618729128479 2.71627115035016e-80 NA 0.0513550026892489 0.0303735470941884 1.5655360998826
-14.8997995991984 -15.0012548022884 0.158981392827267 -0.101455203090049 0.16927455106131 2.71627115035016e-80 NA 0.101455203090049 0.0303735470941884 1.5655360998826
-14.7995991983968 -15.0012548022884 0.158981392827267 -0.201655603891654 0.199646375408174 2.71627115035016e-80 NA 0.201655603891654 0.0303735470941884 1.5655360998826
-14.749498997996 -15.0012548022884 0.158981392827267 -0.251755804292454 0.222362377822207 2.71627115035016e-80 NA 0.251755804292454 0.0303735470941884 1.5655360998826
-14.6993987975952 -15.0012548022884 0.158981392827267 -0.301856004693256 0.250098440396642 2.71627115035016e-80 NA 0.301856004693256 0.0303735470941884 1.5655360998826
-14.6492985971944 -15.0012548022884 0.158981392827267 -0.351956205094059 0.282854563131478 2.71627115035016e-80 NA 0.351956205094059 0.0303735470941884 1.5655360998826
-14.5991983967936 -15.0012548022884 0.158981392827267 -0.402056405494859 0.320630746026713 2.71627115035016e-80 NA 0.402056405494859 0.0303735470941884 1.5655360998826
-14.5490981963928 -15.0012548022884 0.158981392827267 -0.452156605895661 0.363426989082351 2.71627115035016e-80 NA 0.452156605895661 0.0303735470941884 1.5655360998826
-14.498997995992 -15.0012548022884 0.158981392827267 -0.502256806296463 0.41124329229839 2.71627115035016e-80 NA 0.502256806296463 0.0303735470941884 1.5655360998826
-14.4488977955912 -15.0012548022884 0.158981392827267 -0.552357006697264 0.464079655674828 2.71627115035016e-80 NA 0.552357006697264 0.0303735470941884 1.5655360998826
-14.3987975951904 -15.0012548022884 0.158981392827267 -0.602457207098066 0.521936079211669 2.71627115035016e-80 NA 0.602457207098066 0.0303735470941884 1.5655360998826
-14.3486973947896 -15.0012548022884 0.158981392827267 -0.652557407498868 0.58481256290891 2.71627115035016e-80 NA 0.652557407498868 0.0303735470941884 1.5655360998826
-14.2985971943888 -15.0012548022884 0.158981392827267 -0.702657607899669 0.652709106766551 2.71627115035016e-80 NA 0.702657607899669 0.0303735470941884 1.5655360998826
-14.248496993988 -15.0012548022884 0.158981392827267 -0.752757808300471 0.725625710784595 2.71627115035016e-80 NA 0.752757808300471 0.0303735470941884 1.5655360998826
-14.1983967935872 -15.0012548022884 0.158981392827267 -0.802858008701273 0.80356237496304 2.71627115035016e-80 NA 0.802858008701273 0.0303735470941884 1.5655360998826
-14.1482965931864 -15.0012548022884 0.158981392827267 -0.852958209102074 0.886519099301883 2.71627115035016e-80 NA 0.852958209102074 0.0303735470941884 1.5655360998826
-14.0981963927856 -15.0012548022884 0.158981392827267 -0.903058409502876 0.97449588380113 2.71627115035016e-80 NA 0.903058409502876 0.0303735470941884 1.5655360998826
-14.0480961923848 -15.0012548022884 0.158981392827267 -0.953158609903678 1.06749272846078 2.71627115035016e-80 NA 0.953158609903678 0.0303735470941884 1.5655360998826
-13.997995991984 -15.0012548022884 0.158981392827267 -1.00325881030448 1.16550963328082 2.71627115035016e-80 NA 1.00325881030448 0.0303735470941884 1.5655360998826
-13.9478957915832 -15.0012548022884 0.158981392827267 -1.05335901070528 1.26854659826127 2.71627115035016e-80 NA 1.05335901070528 0.0303735470941884 1.5655360998826
-13.8977955911824 -15.0012548022884 0.158981392827267 -1.10345921110608 1.37660362340212 2.71627115035016e-80 NA 1.10345921110608 0.0303735470941884 1.5655360998826
-13.8476953907816 -15.0012548022884 0.158981392827267 -1.15355941150688 1.48968070870337 2.71627115035016e-80 NA 1.15355941150688 0.0303735470941884 1.5655360998826
-13.7975951903808 -15.0012548022884 0.158981392827267 -1.20365961190769 1.60777785416503 2.71627115035016e-80 NA 1.20365961190769 0.0303735470941884 1.5655360998826
-13.74749498998 -15.0012548022884 0.158981392827267 -1.25375981230849 1.73089505978708 2.71627115035016e-80 NA 1.25375981230849 0.0303735470941884 1.5655360998826
-13.6973947895792 -15.0012548022884 0.158981392827267 -1.30386001270929 1.85903232556953 2.71627115035016e-80 NA 1.30386001270929 0.0303735470941884 1.5655360998826
-13.6472945891784 -15.0012548022884 0.158981392827267 -1.35396021311009 1.99218965151239 2.71627115035016e-80 NA 1.35396021311009 0.0303735470941884 1.5655360998826
-13.5971943887776 -15.0012548022884 0.158981392827267 -1.40406041351089 2.13036703761564 2.71627115035016e-80 NA 1.40406041351089 0.0303735470941884 1.5655360998826
-13.5470941883768 -15.0012548022884 0.158981392827267 -1.45416061391169 2.2735644838793 2.71627115035016e-80 NA 1.45416061391169 0.0303735470941884 1.5655360998826
-13.496993987976 -15.0012548022884 0.158981392827267 -1.5042608143125 2.42178199030336 2.71627115035016e-80 NA 1.5042608143125 0.0303735470941884 1.5655360998826
-13.4468937875751 -15.0012548022884 0.158981392827267 -1.5543610147133 2.57501955688782 2.71627115035016e-80 NA 1.5543610147133 0.0303735470941884 1.5655360998826
-13.3967935871743 -15.0012548022884 0.158981392827267 -1.6044612151141 2.73327718363267 2.71627115035016e-80 NA 1.6044612151141 0.0303735470941884 1.5655360998826
-13.3466933867735 -15.0012548022884 0.158981392827267 -1.6545614155149 2.89655487053794 2.71627115035016e-80 NA 1.6545614155149 0.0303735470941884 1.5655360998826
-13.2965931863727 -15.0012548022884 0.158981392827267 -1.7046616159157 3.06485261760359 2.71627115035016e-80 NA 1.7046616159157 0.0303735470941884 1.5655360998826
-13.2464929859719 -15.0012548022884 0.158981392827267 -1.7547618163165 3.23817042482966 2.71627115035016e-80 NA 1.7547618163165 0.0303735470941884 1.5655360998826
-13.1963927855711 -15.0012548022884 0.158981392827267 -1.8048620167173 3.41650829221612 2.71627115035016e-80 NA 1.8048620167173 0.0303735470941884 1.5655360998826
-13.1462925851703 -15.0012548022884 0.158981392827267 -1.85496221711811 3.59986621976298 2.71627115035016e-80 NA 1.85496221711811 0.0303735470941884 1.5655360998826
-13.0961923847695 -15.0012548022884 0.158981392827267 -1.90506241751891 3.78824420747025 2.71627115035016e-80 NA 1.90506241751891 0.0303735470941884 1.5655360998826
-13.0460921843687 -15.0012548022884 0.158981392827267 -1.95516261791971 3.98164225533792 2.71627115035016e-80 NA 1.95516261791971 0.0303735470941884 1.5655360998826
-12.9959919839679 -15.0012548022884 0.158981392827267 -2.00526281832051 4.18006036336598 2.71627115035016e-80 NA 2.00526281832051 0.0303735470941884 1.5655360998826
-12.9458917835671 -15.0012548022884 0.158981392827267 -2.05536301872131 4.38349853155445 2.71627115035016e-80 NA 2.05536301872131 0.0303735470941884 1.5655360998826
-12.8957915831663 -15.0012548022884 0.158981392827267 -2.10546321912211 4.59195675990332 2.71627115035016e-80 NA 2.10546321912211 0.0303735470941884 1.5655360998826
-12.8456913827655 -15.0012548022884 0.158981392827267 -2.15556341952292 4.8054350484126 2.71627115035016e-80 NA 2.15556341952292 0.0303735470941884 1.5655360998826
-12.7955911823647 -15.0012548022884 0.158981392827267 -2.20566361992372 5.02393339708226 2.71627115035016e-80 NA 2.20566361992372 0.0303735470941884 1.5655360998826
-12.7454909819639 -15.0012548022884 0.158981392827267 -2.25576382032452 5.24745180591234 2.71627115035016e-80 NA 2.25576382032452 0.0303735470941884 1.5655360998826
-12.6953907815631 -15.0012548022884 0.158981392827267 -2.30586402072532 5.4759902749028 2.71627115035016e-80 NA 2.30586402072532 0.0303735470941884 1.5655360998826
-12.6452905811623 -15.0012548022884 0.158981392827267 -2.35596422112612 5.70954880405368 2.71627115035016e-80 NA 2.35596422112612 0.0303735470941884 1.5655360998826
-12.5951903807615 -15.0012548022884 0.158981392827267 -2.40606442152692 5.94812739336496 2.71627115035016e-80 NA 2.40606442152692 0.0303735470941884 1.5655360998826
-12.5450901803607 -15.0012548022884 0.158981392827267 -2.45616462192772 6.19172604283663 2.71627115035016e-80 NA 2.45616462192772 0.0303735470941884 1.5655360998826
-12.4949899799599 -15.0012548022884 0.158981392827267 -2.50626482232853 6.44034475246871 2.71627115035016e-80 NA 2.50626482232853 0.0303735470941884 1.5655360998826
-12.4448897795591 -15.0012548022884 0.158981392827267 -2.55636502272933 6.69398352226119 2.71627115035016e-80 NA 2.55636502272933 0.0303735470941884 1.5655360998826
-12.3947895791583 -15.0012548022884 0.158981392827267 -2.60646522313013 6.95264235221406 2.71627115035016e-80 NA 2.60646522313013 0.0303735470941884 1.5655360998826
-12.3446893787575 -15.0012548022884 0.158981392827267 -2.65656542353093 7.21632124232735 2.71627115035016e-80 NA 2.65656542353093 0.0303735470941884 1.5655360998826
-12.2945891783567 -15.0012548022884 0.158981392827267 -2.70666562393173 7.48502019260103 2.71627115035016e-80 NA 2.70666562393173 0.0303735470941884 1.5655360998826
-12.2444889779559 -15.0012548022884 0.158981392827267 -2.75676582433253 7.7587392030351 2.71627115035016e-80 NA 2.75676582433253 0.0303735470941884 1.5655360998826
-12.1943887775551 -15.0012548022884 0.158981392827267 -2.80686602473334 8.03747827362959 2.71627115035016e-80 NA 2.80686602473334 0.0303735470941884 1.5655360998826
-12.1442885771543 -15.0012548022884 0.158981392827267 -2.85696622513414 8.32123740438448 2.71627115035016e-80 NA 2.85696622513414 0.0303735470941884 1.5655360998826
-12.0941883767535 -15.0012548022884 0.158981392827267 -2.90706642553494 8.61001659529975 2.71627115035016e-80 NA 2.90706642553494 0.0303735470941884 1.5655360998826
-12.0440881763527 -15.0012548022884 0.158981392827267 -2.95716662593574 8.90381584637544 2.71627115035016e-80 NA 2.95716662593574 0.0303735470941884 1.5655360998826
-11.9939879759519 -15.0012548022884 0.158981392827267 -3.00726682633654 9.20263515761153 2.71627115035016e-80 NA 3.00726682633654 0.0303735470941884 1.5655360998826
-11.9438877755511 -15.0012548022884 0.158981392827267 -3.05736702673734 9.50647452900801 2.71627115035016e-80 NA 3.05736702673734 0.0303735470941884 1.5655360998826
-11.8937875751503 -15.0012548022884 0.158981392827267 -3.10746722713815 9.81533396056491 2.71627115035016e-80 NA 3.10746722713815 0.0303735470941884 1.5655360998826
-11.8436873747495 -15.0012548022884 0.158981392827267 -3.15756742753895 10.1292134522822 2.71627115035016e-80 NA 3.15756742753895 0.0303735470941884 1.5655360998826
-11.7935871743487 -15.0012548022884 0.158981392827267 -3.20766762793975 10.4481130041599 2.71627115035016e-80 NA 3.20766762793975 0.0303735470941884 1.5655360998826
-11.7434869739479 -15.0012548022884 0.158981392827267 -3.25776782834055 10.772032616198 2.71627115035016e-80 NA 3.25776782834055 0.0303735470941884 1.5655360998826
-11.6933867735471 -15.0012548022884 0.158981392827267 -3.30786802874135 11.1009722883965 2.71627115035016e-80 NA 3.30786802874135 0.0303735470941884 1.5655360998826
-11.6432865731463 -15.0012548022884 0.158981392827267 -3.35796822914215 11.4349320207554 2.71627115035016e-80 NA 3.35796822914215 0.0303735470941884 1.5655360998826
-11.5931863727455 -15.0012548022884 0.158981392827267 -3.40806842954296 11.7739118132747 2.71627115035016e-80 NA 3.40806842954296 0.0303735470941884 1.5655360998826
-11.5430861723447 -15.0012548022884 0.158981392827267 -3.45816862994376 12.1179116659543 2.71627115035016e-80 NA 3.45816862994376 0.0303735470941884 1.5655360998826
-11.4929859719439 -15.0012548022884 0.158981392827267 -3.50826883034456 12.4669315787944 2.71627115035016e-80 NA 3.50826883034456 0.0303735470941884 1.5655360998826
-11.4428857715431 -15.0012548022884 0.158981392827267 -3.55836903074536 12.8209715517949 2.71627115035016e-80 NA 3.55836903074536 0.0303735470941884 1.5655360998826
-11.3927855711423 -15.0012548022884 0.158981392827267 -3.60846923114616 13.1800315849558 2.71627115035016e-80 NA 3.60846923114616 0.0303735470941884 1.5655360998826
-11.3426853707415 -15.0012548022884 0.158981392827267 -3.65856943154696 13.5441116782771 2.71627115035016e-80 NA 3.65856943154696 0.0303735470941884 1.5655360998826
-11.2925851703407 -15.0012548022884 0.158981392827267 -3.70866963194777 13.9132118317588 2.71627115035016e-80 NA 3.70866963194777 0.0303735470941884 1.5655360998826
-11.2424849699399 -15.0012548022884 0.158981392827267 -3.75876983234857 14.2873320454009 2.71627115035016e-80 NA 3.75876983234857 0.0303735470941884 1.5655360998826
-11.1923847695391 -15.0012548022884 0.158981392827267 -3.80887003274937 14.6664723192034 2.71627115035016e-80 NA 3.80887003274937 0.0303735470941884 1.5655360998826
-11.1422845691383 -15.0012548022884 0.158981392827267 -3.85897023315017 15.0506326531663 2.71627115035016e-80 NA 3.85897023315017 0.0303735470941884 1.5655360998826
-11.0921843687375 -15.0012548022884 0.158981392827267 -3.90907043355097 15.4398130472897 2.71627115035016e-80 NA 3.90907043355097 0.0303735470941884 1.5655360998826
-11.0420841683367 -15.0012548022884 0.158981392827267 -3.95917063395177 15.8340135015734 2.71627115035016e-80 NA 3.95917063395177 0.0303735470941884 1.5655360998826
-10.9919839679359 -15.0012548022884 0.158981392827267 -4.00927083435258 16.2332340160175 2.71627115035016e-80 NA 4.00927083435258 0.0303735470941884 1.5655360998826
-10.9418837675351 -15.0012548022884 0.158981392827267 -4.05937103475338 16.637474590622 2.71627115035016e-80 NA 4.05937103475338 0.0303735470941884 1.5655360998826
-10.8917835671343 -15.0012548022884 0.158981392827267 -4.10947123515418 17.0467352253869 2.71627115035016e-80 NA 4.10947123515418 0.0303735470941884 1.5655360998826
-10.8416833667335 -15.0012548022884 0.158981392827267 -4.15957143555498 17.4610159203122 2.71627115035016e-80 NA 4.15957143555498 0.0303735470941884 1.5655360998826
-10.7915831663327 -15.0012548022884 0.158981392827267 -4.20967163595578 17.8803166753979 2.71627115035016e-80 NA 4.20967163595578 0.0303735470941884 1.5655360998826
-10.7414829659319 -15.0012548022884 0.158981392827267 -4.25977183635658 18.304637490644 2.71627115035016e-80 NA 4.25977183635658 0.0303735470941884 1.5655360998826
-10.6913827655311 -15.0012548022884 0.158981392827267 -4.30987203675739 18.7339783660505 2.71627115035016e-80 NA 4.30987203675739 0.0303735470941884 1.5655360998826
-10.6412825651303 -15.0012548022884 0.158981392827267 -4.35997223715819 19.1683393016174 2.71627115035016e-80 NA 4.35997223715819 0.0303735470941884 1.5655360998826
-10.5911823647295 -15.0012548022884 0.158981392827267 -4.41007243755899 19.6077202973447 2.71627115035016e-80 NA 4.41007243755899 0.0303735470941884 1.5655360998826
-10.5410821643287 -15.0012548022884 0.158981392827267 -4.46017263795979 20.0521213532325 2.71627115035016e-80 NA 4.46017263795979 0.0303735470941884 1.5655360998826
-10.4909819639279 -15.0012548022884 0.158981392827267 -4.51027283836059 20.5015424692806 2.71627115035016e-80 NA 4.51027283836059 0.0303735470941884 1.5655360998826
-10.4408817635271 -15.0012548022884 0.158981392827267 -4.56037303876139 20.9559836454891 2.71627115035016e-80 NA 4.56037303876139 0.0303735470941884 1.5655360998826
-10.3907815631263 -15.0012548022884 0.158981392827267 -4.61047323916219 21.415444881858 2.71627115035016e-80 NA 4.61047323916219 0.0303735470941884 1.5655360998826
-10.3406813627255 -15.0012548022884 0.158981392827267 -4.660573439563 21.8799261783873 2.71627115035016e-80 NA 4.660573439563 0.0303735470941884 1.5655360998826
-10.2905811623246 -15.0012548022884 0.158981392827267 -4.7106736399638 22.349427535077 2.71627115035016e-80 NA 4.7106736399638 0.0303735470941884 1.5655360998826
-10.2404809619238 -15.0012548022884 0.158981392827267 -4.7607738403646 22.8239489519272 2.71627115035016e-80 NA 4.7607738403646 0.0303735470941884 1.5655360998826
-10.190380761523 -15.0012548022884 0.158981392827267 -4.8108740407654 23.3034904289377 2.71627115035016e-80 NA 4.8108740407654 0.0303735470941884 1.5655360998826
-10.1402805611222 -15.0012548022884 0.158981392827267 -4.8609742411662 23.7880519661086 2.71627115035016e-80 NA 4.8609742411662 0.0303735470941884 1.5655360998826
-10.0901803607214 -15.0012548022884 0.158981392827267 -4.911074441567 24.2776335634399 2.71627115035016e-80 NA 4.911074441567 0.0303735470941884 1.5655360998826
-10.0400801603206 -15.0012548022884 0.158981392827267 -4.9611746419678 24.7722352209316 2.71627115035016e-80 NA 4.9611746419678 0.0303735470941884 1.5655360998826
-9.98997995991984 -15.0012548022884 0.158981392827267 -5.01127484236861 25.2718569385838 2.71627115035016e-80 NA 5.01127484236861 0.0303735470941884 1.5655360998826
-9.93987975951904 -15.0012548022884 0.158981392827267 -5.06137504276941 25.7764987163963 2.71627115035016e-80 NA 5.06137504276941 0.0303735470941884 1.5655360998826
-9.88977955911824 -15.0012548022884 0.158981392827267 -5.11147524317021 26.2861605543692 2.71627115035016e-80 NA 5.11147524317021 0.0303735470941884 1.5655360998826
-9.83967935871743 -15.0012548022884 0.158981392827267 -5.16157544357101 26.8008424525026 2.71627115035016e-80 NA 5.16157544357101 0.0303735470941884 1.5655360998826
-9.78957915831663 -15.0012548022884 0.158981392827267 -5.21167564397181 27.3205444107963 2.71627115035016e-80 NA 5.21167564397181 0.0303735470941884 1.5655360998826
-9.73947895791583 -15.0012548022884 0.158981392827267 -5.26177584437261 27.8452664292504 2.71627115035016e-80 NA 5.26177584437261 0.0303735470941884 1.5655360998826
-9.68937875751503 -15.0012548022884 0.158981392827267 -5.31187604477342 28.3750085078649 2.71627115035016e-80 NA 5.31187604477342 0.0303735470941884 1.5655360998826
-9.63927855711423 -15.0012548022884 0.158981392827267 -5.36197624517422 28.9097706466399 2.71627115035016e-80 NA 5.36197624517422 0.0303735470941884 1.5655360998826
-9.58917835671343 -15.0012548022884 0.158981392827267 -5.41207644557502 29.4495528455752 2.71627115035016e-80 NA 5.41207644557502 0.0303735470941884 1.5655360998826
-9.53907815631263 -15.0012548022884 0.158981392827267 -5.46217664597582 29.9943551046709 2.71627115035016e-80 NA 5.46217664597582 0.0303735470941884 1.5655360998826
-9.48897795591182 -15.0012548022884 0.158981392827267 -5.51227684637662 30.5441774239271 2.71627115035016e-80 NA 5.51227684637662 0.0303735470941884 1.5655360998826
-9.43887775551102 -15.0012548022884 0.158981392827267 -5.56237704677742 31.0990198033436 2.71627115035016e-80 NA 5.56237704677742 0.0303735470941884 1.5655360998826
-9.38877755511022 -15.0012548022884 0.158981392827267 -5.61247724717823 31.6588822429205 2.71627115035016e-80 NA 5.61247724717823 0.0303735470941884 1.5655360998826
-9.33867735470942 -15.0012548022884 0.158981392827267 -5.66257744757903 32.2237647426579 2.71627115035016e-80 NA 5.66257744757903 0.0303735470941884 1.5655360998826
-9.28857715430862 -15.0012548022884 0.158981392827267 -5.71267764797983 32.7936673025556 2.71627115035016e-80 NA 5.71267764797983 0.0303735470941884 1.5655360998826
-9.23847695390782 -15.0012548022884 0.158981392827267 -5.76277784838063 33.3685899226138 2.71627115035016e-80 NA 5.76277784838063 0.0303735470941884 1.5655360998826
-9.18837675350701 -15.0012548022884 0.158981392827267 -5.81287804878143 33.9485326028323 2.71627115035016e-80 NA 5.81287804878143 0.0303735470941884 1.5655360998826
-9.13827655310621 -15.0012548022884 0.158981392827267 -5.86297824918223 34.5334953432112 2.71627115035016e-80 NA 5.86297824918223 0.0303735470941884 1.5655360998826
-9.08817635270541 -15.0012548022884 0.158981392827267 -5.91307844958304 35.1234781437506 2.71627115035016e-80 NA 5.91307844958304 0.0303735470941884 1.5655360998826
-9.03807615230461 -15.0012548022884 0.158981392827267 -5.96317864998384 35.7184810044503 2.71627115035016e-80 NA 5.96317864998384 0.0303735470941884 1.5655360998826
-8.98797595190381 -15.0012548022884 0.158981392827267 -6.01327885038464 36.3185039253105 2.71627115035016e-80 NA 6.01327885038464 0.0303735470941884 1.5655360998826
-8.93787575150301 -15.0012548022884 0.158981392827267 -6.06337905078544 36.923546906331 2.71627115035016e-80 NA 6.06337905078544 0.0303735470941884 1.5655360998826
-8.88777555110221 -15.0012548022884 0.158981392827267 -6.11347925118624 37.533609947512 2.71627115035016e-80 NA 6.11347925118624 0.0303735470941884 1.5655360998826
-8.8376753507014 -15.0012548022884 0.158981392827267 -6.16357945158704 38.1486930488533 2.71627115035016e-80 NA 6.16357945158704 0.0303735470941884 1.5655360998826
-8.7875751503006 -15.0012548022884 0.158981392827267 -6.21367965198785 38.7687962103551 2.71627115035016e-80 NA 6.21367965198785 0.0303735470941884 1.5655360998826
-8.7374749498998 -15.0012548022884 0.158981392827267 -6.26377985238865 39.3939194320172 2.71627115035016e-80 NA 6.26377985238865 0.0303735470941884 1.5655360998826
-8.687374749499 -15.0012548022884 0.158981392827267 -6.31388005278945 40.0240627138398 2.71627115035016e-80 NA 6.31388005278945 0.0303735470941884 1.5655360998826
-8.6372745490982 -15.0012548022884 0.158981392827267 -6.36398025319025 40.6592260558227 2.71627115035016e-80 NA 6.36398025319025 0.0303735470941884 1.5655360998826
-8.5871743486974 -15.0012548022884 0.158981392827267 -6.41408045359105 41.299409457966 2.71627115035016e-80 NA 6.41408045359105 0.0303735470941884 1.5655360998826
-8.53707414829659 -15.0012548022884 0.158981392827267 -6.46418065399185 41.9446129202698 2.71627115035016e-80 NA 6.46418065399185 0.0303735470941884 1.5655360998826
-8.48697394789579 -15.0012548022884 0.158981392827267 -6.51428085439266 42.594836442734 2.71627115035016e-80 NA 6.51428085439266 0.0303735470941884 1.5655360998826
-8.43687374749499 -15.0012548022884 0.158981392827267 -6.56438105479346 43.2500800253585 2.71627115035016e-80 NA 6.56438105479346 0.0303735470941884 1.5655360998826
-8.38677354709419 -15.0012548022884 0.158981392827267 -6.61448125519426 43.9103436681435 2.71627115035016e-80 NA 6.61448125519426 0.0303735470941884 1.5655360998826
-8.33667334669339 -15.0012548022884 0.158981392827267 -6.66458145559506 44.5756273710888 2.71627115035016e-80 NA 6.66458145559506 0.0303735470941884 1.5655360998826
-8.28657314629259 -15.0012548022884 0.158981392827267 -6.71468165599586 45.2459311341946 2.71627115035016e-80 NA 6.71468165599586 0.0303735470941884 1.5655360998826
-8.23647294589178 -15.0012548022884 0.158981392827267 -6.76478185639666 45.9212549574607 2.71627115035016e-80 NA 6.76478185639666 0.0303735470941884 1.5655360998826
-8.18637274549098 -15.0012548022884 0.158981392827267 -6.81488205679747 46.6015988408873 2.71627115035016e-80 NA 6.81488205679747 0.0303735470941884 1.5655360998826
-8.13627254509018 -15.0012548022884 0.158981392827267 -6.86498225719827 47.2869627844743 2.71627115035016e-80 NA 6.86498225719827 0.0303735470941884 1.5655360998826
-8.08617234468938 -15.0012548022884 0.158981392827267 -6.91508245759907 47.9773467882216 2.71627115035016e-80 NA 6.91508245759907 0.0303735470941884 1.5655360998826
-8.03607214428858 -15.0012548022884 0.158981392827267 -6.96518265799987 48.6727508521294 2.71627115035016e-80 NA 6.96518265799987 0.0303735470941884 1.5655360998826
-7.98597194388778 -15.0012548022884 0.158981392827267 -7.01528285840067 49.3731749761976 2.71627115035016e-80 NA 7.01528285840067 0.0303735470941884 1.5655360998826
-7.93587174348697 -15.0012548022884 0.158981392827267 -7.06538305880147 50.0786191604261 2.71627115035016e-80 NA 7.06538305880147 0.0303735470941884 1.5655360998826
-7.88577154308617 -15.0012548022884 0.158981392827267 -7.11548325920227 50.7890834048151 2.71627115035016e-80 NA 7.11548325920227 0.0303735470941884 1.5655360998826
-7.83567134268537 -15.0012548022884 0.158981392827267 -7.16558345960308 51.5045677093645 2.71627115035016e-80 NA 7.16558345960308 0.0303735470941884 1.5655360998826
-7.78557114228457 -15.0012548022884 0.158981392827267 -7.21568366000388 52.2250720740742 2.71627115035016e-80 NA 7.21568366000388 0.0303735470941884 1.5655360998826
-7.73547094188377 -15.0012548022884 0.158981392827267 -7.26578386040468 52.9505964989444 2.71627115035016e-80 NA 7.26578386040468 0.0303735470941884 1.5655360998826
-7.68537074148297 -15.0012548022884 0.158981392827267 -7.31588406080548 53.681140983975 2.71627115035016e-80 NA 7.31588406080548 0.0303735470941884 1.5655360998826
-7.63527054108216 -15.0012548022884 0.158981392827267 -7.36598426120628 54.4167055291659 2.71627115035016e-80 NA 7.36598426120628 0.0303735470941884 1.5655360998826
-7.58517034068136 -15.0012548022884 0.158981392827267 -7.41608446160708 55.1572901345173 2.71627115035016e-80 NA 7.41608446160708 0.0303735470941884 1.5655360998826
-7.53507014028056 -15.0012548022884 0.158981392827267 -7.46618466200789 55.9028948000291 2.71627115035016e-80 NA 7.46618466200789 0.0303735470941884 1.5655360998826
-7.48496993987976 -15.0012548022884 0.158981392827267 -7.51628486240869 56.6535195257012 2.71627115035016e-80 NA 7.51628486240869 0.0303735470941884 1.5655360998826
-7.43486973947896 -15.0012548022884 0.158981392827267 -7.56638506280949 57.4091643115338 2.71627115035016e-80 NA 7.56638506280949 0.0303735470941884 1.5655360998826
-7.38476953907816 -15.0012548022884 0.158981392827267 -7.61648526321029 58.1698291575268 2.71627115035016e-80 NA 7.61648526321029 0.0303735470941884 1.5655360998826
-7.33466933867735 -15.0012548022884 0.158981392827267 -7.66658546361109 58.9355140636802 2.71627115035016e-80 NA 7.66658546361109 0.0303735470941884 1.5655360998826
-7.28456913827655 -15.0012548022884 0.158981392827267 -7.71668566401189 59.7062190299939 2.71627115035016e-80 NA 7.71668566401189 0.0303735470941884 1.5655360998826
-7.23446893787575 -15.0012548022884 0.158981392827267 -7.7667858644127 60.4819440564681 2.71627115035016e-80 NA 7.7667858644127 0.0303735470941884 1.5655360998826
-7.18436873747495 -15.0012548022884 0.158981392827267 -7.8168860648135 61.2626891431027 2.71627115035016e-80 NA 7.8168860648135 0.0303735470941884 1.5655360998826
-7.13426853707415 -15.0012548022884 0.158981392827267 -7.8669862652143 62.0484542898977 2.71627115035016e-80 NA 7.8669862652143 0.0303735470941884 1.5655360998826
-7.08416833667335 -15.0012548022884 0.158981392827267 -7.9170864656151 62.8392394968531 2.71627115035016e-80 NA 7.9170864656151 0.0303735470941884 1.5655360998826
-7.03406813627254 -15.0012548022884 0.158981392827267 -7.9671866660159 63.6350447639688 2.71627115035016e-80 NA 7.9671866660159 0.0303735470941884 1.5655360998826
-6.98396793587174 -15.0012548022884 0.158981392827267 -8.0172868664167 64.4358700912451 2.71627115035016e-80 NA 8.0172868664167 0.0303735470941884 1.5655360998826
-6.93386773547094 -15.0012548022884 0.158981392827267 -8.0673870668175 65.2417154786816 2.71627115035016e-80 NA 8.0673870668175 0.0303735470941884 1.5655360998826
-6.88376753507014 -15.0012548022884 0.158981392827267 -8.11748726721831 66.0525809262786 2.71627115035016e-80 NA 8.11748726721831 0.0303735470941884 1.5655360998826
-6.83366733466934 -15.0012548022884 0.158981392827267 -8.16758746761911 66.868466434036 2.71627115035016e-80 NA 8.16758746761911 0.0303735470941884 1.5655360998826
-6.78356713426854 -15.0012548022884 0.158981392827267 -8.21768766801991 67.6893720019538 2.71627115035016e-80 NA 8.21768766801991 0.0303735470941884 1.5655360998826
-6.73346693386774 -15.0012548022884 0.158981392827267 -8.26778786842071 68.515297630032 2.71627115035016e-80 NA 8.26778786842071 0.0303735470941884 1.5655360998826
-6.68336673346693 -15.0012548022884 0.158981392827267 -8.31788806882151 69.3462433182706 2.71627115035016e-80 NA 8.31788806882151 0.0303735470941884 1.5655360998826
-6.63326653306613 -15.0012548022884 0.158981392827267 -8.36798826922231 70.1822090666695 2.71627115035016e-80 NA 8.36798826922231 0.0303735470941884 1.5655360998826
-6.58316633266533 -15.0012548022884 0.158981392827267 -8.41808846962312 71.0231948752289 2.71627115035016e-80 NA 8.41808846962312 0.0303735470941884 1.5655360998826
-6.53306613226453 -15.0012548022884 0.158981392827267 -8.46818867002392 71.8692007439487 2.71627115035016e-80 NA 8.46818867002392 0.0303735470941884 1.5655360998826
-6.48296593186373 -15.0012548022884 0.158981392827267 -8.51828887042472 72.7202266728289 2.71627115035016e-80 NA 8.51828887042472 0.0303735470941884 1.5655360998826
-6.43286573146293 -15.0012548022884 0.158981392827267 -8.56838907082552 73.5762726618695 2.71627115035016e-80 NA 8.56838907082552 0.0303735470941884 1.5655360998826
-6.38276553106212 -15.0012548022884 0.158981392827267 -8.61848927122632 74.4373387110705 2.71627115035016e-80 NA 8.61848927122632 0.0303735470941884 1.5655360998826
-6.33266533066132 -15.0012548022884 0.158981392827267 -8.66858947162712 75.3034248204319 2.71627115035016e-80 NA 8.66858947162712 0.0303735470941884 1.5655360998826
-6.28256513026052 -15.0012548022884 0.158981392827267 -8.71868967202793 76.1745309899537 2.71627115035016e-80 NA 8.71868967202793 0.0303735470941884 1.5655360998826
-6.23246492985972 -15.0012548022884 0.158981392827267 -8.76878987242873 77.0506572196359 2.71627115035016e-80 NA 8.76878987242873 0.0303735470941884 1.5655360998826
-6.18236472945892 -15.0012548022884 0.158981392827267 -8.81889007282953 77.9318035094785 2.71627115035016e-80 NA 8.81889007282953 0.0303735470941884 1.5655360998826
-6.13226452905812 -15.0012548022884 0.158981392827267 -8.86899027323033 78.8179698594815 2.71627115035016e-80 NA 8.86899027323033 0.0303735470941884 1.5655360998826
-6.08216432865731 -15.0012548022884 0.158981392827267 -8.91909047363113 79.7091562696449 2.71627115035016e-80 NA 8.91909047363113 0.0303735470941884 1.5655360998826
-6.03206412825651 -15.0012548022884 0.158981392827267 -8.96919067403193 80.6053627399687 2.71627115035016e-80 NA 8.96919067403193 0.0303735470941884 1.5655360998826
-5.98196392785571 -15.0012548022884 0.158981392827267 -9.01929087443274 81.5065892704529 2.71627115035016e-80 NA 9.01929087443274 0.0303735470941884 1.5655360998826
-5.93186372745491 -15.0012548022884 0.158981392827267 -9.06939107483354 82.4128358610975 2.71627115035016e-80 NA 9.06939107483354 0.0303735470941884 1.5655360998826
-5.88176352705411 -15.0012548022884 0.158981392827267 -9.11949127523434 83.3241025119025 2.71627115035016e-80 NA 9.11949127523434 0.0303735470941884 1.5655360998826
-5.83166332665331 -15.0012548022884 0.158981392827267 -9.16959147563514 84.2403892228679 2.71627115035016e-80 NA 9.16959147563514 0.0303735470941884 1.5655360998826
-5.78156312625251 -15.0012548022884 0.158981392827267 -9.21969167603594 85.1616959939937 2.71627115035016e-80 NA 9.21969167603594 0.0303735470941884 1.5655360998826
-5.7314629258517 -15.0012548022884 0.158981392827267 -9.26979187643674 86.0880228252799 2.71627115035016e-80 NA 9.26979187643674 0.0303735470941884 1.5655360998826
-5.6813627254509 -15.0012548022884 0.158981392827267 -9.31989207683755 87.0193697167265 2.71627115035016e-80 NA 9.31989207683755 0.0303735470941884 1.5655360998826
-5.6312625250501 -15.0012548022884 0.158981392827267 -9.36999227723835 87.9557366683335 2.71627115035016e-80 NA 9.36999227723835 0.0303735470941884 1.5655360998826
-5.5811623246493 -15.0012548022884 0.158981392827267 -9.42009247763915 88.8971236801009 2.71627115035016e-80 NA 9.42009247763915 0.0303735470941884 1.5655360998826
-5.5310621242485 -15.0012548022884 0.158981392827267 -9.47019267803995 89.8435307520288 2.71627115035016e-80 NA 9.47019267803995 0.0303735470941884 1.5655360998826
-5.4809619238477 -15.0012548022884 0.158981392827267 -9.52029287844075 90.794957884117 2.71627115035016e-80 NA 9.52029287844075 0.0303735470941884 1.5655360998826
-5.43086172344689 -15.0012548022884 0.158981392827267 -9.57039307884155 91.7514050763656 2.71627115035016e-80 NA 9.57039307884155 0.0303735470941884 1.5655360998826
-5.38076152304609 -15.0012548022884 0.158981392827267 -9.62049327924236 92.7128723287746 2.71627115035016e-80 NA 9.62049327924236 0.0303735470941884 1.5655360998826
-5.33066132264529 -15.0012548022884 0.158981392827267 -9.67059347964316 93.679359641344 2.71627115035016e-80 NA 9.67059347964316 0.0303735470941884 1.5655360998826
-5.28056112224449 -15.0012548022884 0.158981392827267 -9.72069368004396 94.6508670140738 2.71627115035016e-80 NA 9.72069368004396 0.0303735470941884 1.5655360998826
-5.23046092184369 -15.0012548022884 0.158981392827267 -9.77079388044476 95.627394446964 2.71627115035016e-80 NA 9.77079388044476 0.0303735470941884 1.5655360998826
-5.18036072144289 -15.0012548022884 0.158981392827267 -9.82089408084556 96.6089419400146 2.71627115035016e-80 NA 9.82089408084556 0.0303735470941884 1.5655360998826
-5.13026052104208 -15.0012548022884 0.158981392827267 -9.87099428124636 97.5955094932257 2.71627115035016e-80 NA 9.87099428124636 0.0303735470941884 1.5655360998826
-5.08016032064128 -15.0012548022884 0.158981392827267 -9.92109448164716 98.5870971065971 2.71627115035016e-80 NA 9.92109448164716 0.0303735470941884 1.5655360998826
-5.03006012024048 -15.0012548022884 0.158981392827267 -9.97119468204797 99.5837047801289 2.71627115035016e-80 NA 9.97119468204797 0.0303735470941884 1.5655360998826
-4.97995991983968 -15.0012548022884 0.158981392827267 -10.0212948824488 100.585332513821 2.71627115035016e-80 NA 10.0212948824488 0.0303735470941884 1.5655360998826
-4.92985971943888 -15.0012548022884 0.158981392827267 -10.0713950828496 101.591980307674 2.71627115035016e-80 NA 10.0713950828496 0.0303735470941884 1.5655360998826
-4.87975951903808 -15.0012548022884 0.158981392827267 -10.1214952832504 102.603648161687 2.71627115035016e-80 NA 10.1214952832504 0.0303735470941884 1.5655360998826
-4.82965931863727 -15.0012548022884 0.158981392827267 -10.1715954836512 103.62033607586 2.71627115035016e-80 NA 10.1715954836512 0.0303735470941884 1.5655360998826
-4.77955911823647 -15.0012548022884 0.158981392827267 -10.221695684052 104.642044050194 2.71627115035016e-80 NA 10.221695684052 0.0303735470941884 1.5655360998826
-4.72945891783567 -15.0012548022884 0.158981392827267 -10.2717958844528 105.668772084688 2.71627115035016e-80 NA 10.2717958844528 0.0303735470941884 1.5655360998826
-4.67935871743487 -15.0012548022884 0.158981392827267 -10.3218960848536 106.700520179343 2.71627115035016e-80 NA 10.3218960848536 0.0303735470941884 1.5655360998826
-4.62925851703407 -15.0012548022884 0.158981392827267 -10.3719962852544 107.737288334158 2.71627115035016e-80 NA 10.3719962852544 0.0303735470941884 1.5655360998826
-4.57915831663327 -15.0012548022884 0.158981392827267 -10.4220964856552 108.779076549133 2.71627115035016e-80 NA 10.4220964856552 0.0303735470941884 1.5655360998826
-4.52905811623246 -15.0012548022884 0.158981392827267 -10.472196686056 109.825884824269 2.71627115035016e-80 NA 10.472196686056 0.0303735470941884 1.5655360998826
-4.47895791583166 -15.0012548022884 0.158981392827267 -10.5222968864568 110.877713159565 2.71627115035016e-80 NA 10.5222968864568 0.0303735470941884 1.5655360998826
-4.42885771543086 -15.0012548022884 0.158981392827267 -10.5723970868576 111.934561555022 2.71627115035016e-80 NA 10.5723970868576 0.0303735470941884 1.5655360998826
-4.37875751503006 -15.0012548022884 0.158981392827267 -10.6224972872584 112.996430010639 2.71627115035016e-80 NA 10.6224972872584 0.0303735470941884 1.5655360998826
-4.32865731462926 -15.0012548022884 0.158981392827267 -10.6725974876592 114.063318526417 2.71627115035016e-80 NA 10.6725974876592 0.0303735470941884 1.5655360998826
-4.27855711422846 -15.0012548022884 0.158981392827267 -10.72269768806 115.135227102354 2.71627115035016e-80 NA 10.72269768806 0.0303735470941884 1.5655360998826
-4.22845691382765 -15.0012548022884 0.158981392827267 -10.7727978884608 116.212155738453 2.71627115035016e-80 NA 10.7727978884608 0.0303735470941884 1.5655360998826
-4.17835671342685 -15.0012548022884 0.158981392827267 -10.8228980888616 117.294104434711 2.71627115035016e-80 NA 10.8228980888616 0.0303735470941884 1.5655360998826
-4.12825651302605 -15.0012548022884 0.158981392827267 -10.8729982892624 118.38107319113 2.71627115035016e-80 NA 10.8729982892624 0.0303735470941884 1.5655360998826
-4.07815631262525 -15.0012548022884 0.158981392827267 -10.9230984896632 119.47306200771 2.71627115035016e-80 NA 10.9230984896632 0.0303735470941884 1.5655360998826
-4.02805611222445 -15.0012548022884 0.158981392827267 -10.973198690064 120.57007088445 2.71627115035016e-80 NA 10.973198690064 0.0303735470941884 1.5655360998826
-3.97795591182365 -15.0012548022884 0.158981392827267 -11.0232988904648 121.67209982135 2.71627115035016e-80 NA 11.0232988904648 0.0303735470941884 1.5655360998826
-3.92785571142285 -15.0012548022884 0.158981392827267 -11.0733990908656 122.77914881841 2.71627115035016e-80 NA 11.0733990908656 0.0303735470941884 1.5655360998826
-3.87775551102204 -15.0012548022884 0.158981392827267 -11.1234992912664 123.891217875631 2.71627115035016e-80 NA 11.1234992912664 0.0303735470941884 1.5655360998826
-3.82765531062124 -15.0012548022884 0.158981392827267 -11.1735994916672 125.008306993013 2.71627115035016e-80 NA 11.1735994916672 0.0303735470941884 1.5655360998826
-3.77755511022044 -15.0012548022884 0.158981392827267 -11.223699692068 126.130416170555 2.71627115035016e-80 NA 11.223699692068 0.0303735470941884 1.5655360998826
-3.72745490981964 -15.0012548022884 0.158981392827267 -11.2737998924688 127.257545408257 2.71627115035016e-80 NA 11.2737998924688 0.0303735470941884 1.5655360998826
-3.67735470941884 -15.0012548022884 0.158981392827267 -11.3239000928696 128.38969470612 2.71627115035016e-80 NA 11.3239000928696 0.0303735470941884 1.5655360998826
-3.62725450901804 -15.0012548022884 0.158981392827267 -11.3740002932704 129.526864064143 2.71627115035016e-80 NA 11.3740002932704 0.0303735470941884 1.5655360998826
-3.57715430861723 -15.0012548022884 0.158981392827267 -11.4241004936712 130.669053482326 2.71627115035016e-80 NA 11.4241004936712 0.0303735470941884 1.5655360998826
-3.52705410821643 -15.0012548022884 0.158981392827267 -11.474200694072 131.81626296067 2.71627115035016e-80 NA 11.474200694072 0.0303735470941884 1.5655360998826
-3.47695390781563 -15.0012548022884 0.158981392827267 -11.5243008944728 132.968492499174 2.71627115035016e-80 NA 11.5243008944728 0.0303735470941884 1.5655360998826
-3.42685370741483 -15.0012548022884 0.158981392827267 -11.5744010948736 134.125742097839 2.71627115035016e-80 NA 11.5744010948736 0.0303735470941884 1.5655360998826
-3.37675350701403 -15.0012548022884 0.158981392827267 -11.6245012952744 135.288011756664 2.71627115035016e-80 NA 11.6245012952744 0.0303735470941884 1.5655360998826
-3.32665330661323 -15.0012548022884 0.158981392827267 -11.6746014956752 136.455301475649 2.71627115035016e-80 NA 11.6746014956752 0.0303735470941884 1.5655360998826
-3.27655310621243 -15.0012548022884 0.158981392827267 -11.724701696076 137.627611254795 2.71627115035016e-80 NA 11.724701696076 0.0303735470941884 1.5655360998826
-3.22645290581162 -15.0012548022884 0.158981392827267 -11.7748018964768 138.804941094101 2.71627115035016e-80 NA 11.7748018964768 0.0303735470941884 1.5655360998826
-3.17635270541082 -15.0012548022884 0.158981392827267 -11.8249020968776 139.987290993568 2.71627115035016e-80 NA 11.8249020968776 0.0303735470941884 1.5655360998826
-3.12625250501002 -15.0012548022884 0.158981392827267 -11.8750022972784 141.174660953195 2.71627115035016e-80 NA 11.8750022972784 0.0303735470941884 1.5655360998826
-3.07615230460922 -15.0012548022884 0.158981392827267 -11.9251024976792 142.367050972983 2.71627115035016e-80 NA 11.9251024976792 0.0303735470941884 1.5655360998826
-3.02605210420842 -15.0012548022884 0.158981392827267 -11.97520269808 143.564461052931 2.71627115035016e-80 NA 11.97520269808 0.0303735470941884 1.5655360998826
-2.97595190380762 -15.0012548022884 0.158981392827267 -12.0253028984808 144.766891193039 2.71627115035016e-80 NA 12.0253028984808 0.0303735470941884 1.5655360998826
-2.92585170340681 -15.0012548022884 0.158981392827267 -12.0754030988816 145.974341393307 2.71627115035016e-80 NA 12.0754030988816 0.0303735470941884 1.5655360998826
-2.87575150300601 -15.0012548022884 0.158981392827267 -12.1255032992824 147.186811653736 2.71627115035016e-80 NA 12.1255032992824 0.0303735470941884 1.5655360998826
-2.82565130260521 -15.0012548022884 0.158981392827267 -12.1756034996832 148.404301974326 2.71627115035016e-80 NA 12.1756034996832 0.0303735470941884 1.5655360998826
-2.77555110220441 -15.0012548022884 0.158981392827267 -12.225703700084 149.626812355076 2.71627115035016e-80 NA 12.225703700084 0.0303735470941884 1.5655360998826
-2.72545090180361 -15.0012548022884 0.158981392827267 -12.2758039004848 150.854342795986 2.71627115035016e-80 NA 12.2758039004848 0.0303735470941884 1.5655360998826
-2.67535070140281 -15.0012548022884 0.158981392827267 -12.3259041008856 152.086893297057 2.71627115035016e-80 NA 12.3259041008856 0.0303735470941884 1.5655360998826
-2.625250501002 -15.0012548022884 0.158981392827267 -12.3760043012864 153.324463858288 2.71627115035016e-80 NA 12.3760043012864 0.0303735470941884 1.5655360998826
-2.5751503006012 -15.0012548022884 0.158981392827267 -12.4261045016872 154.567054479679 2.71627115035016e-80 NA 12.4261045016872 0.0303735470941884 1.5655360998826
-2.5250501002004 -15.0012548022884 0.158981392827267 -12.476204702088 155.814665161231 2.71627115035016e-80 NA 12.476204702088 0.0303735470941884 1.5655360998826
-2.4749498997996 -15.0012548022884 0.158981392827267 -12.5263049024888 157.067295902943 2.71627115035016e-80 NA 12.5263049024888 0.0303735470941884 1.5655360998826
-2.4248496993988 -15.0012548022884 0.158981392827267 -12.5764051028896 158.324946704816 2.71627115035016e-80 NA 12.5764051028896 0.0303735470941884 1.5655360998826
-2.374749498998 -15.0012548022884 0.158981392827267 -12.6265053032905 159.587617566849 2.71627115035016e-80 NA 12.6265053032905 0.0303735470941884 1.5655360998826
-2.32464929859719 -15.0012548022884 0.158981392827267 -12.6766055036913 160.855308489043 2.71627115035016e-80 NA 12.6766055036913 0.0303735470941884 1.5655360998826
-2.27454909819639 -15.0012548022884 0.158981392827267 -12.7267057040921 162.128019471396 2.71627115035016e-80 NA 12.7267057040921 0.0303735470941884 1.5655360998826
-2.22444889779559 -15.0012548022884 0.158981392827267 -12.7768059044929 163.405750513911 2.71627115035016e-80 NA 12.7768059044929 0.0303735470941884 1.5655360998826
-2.17434869739479 -15.0012548022884 0.158981392827267 -12.8269061048937 164.688501616585 2.71627115035016e-80 NA 12.8269061048937 0.0303735470941884 1.5655360998826
-2.12424849699399 -15.0012548022884 0.158981392827267 -12.8770063052945 165.976272779421 2.71627115035016e-80 NA 12.8770063052945 0.0303735470941884 1.5655360998826
-2.07414829659319 -15.0012548022884 0.158981392827267 -12.9271065056953 167.269064002416 2.71627115035016e-80 NA 12.9271065056953 0.0303735470941884 1.5655360998826
-2.02404809619238 -15.0012548022884 0.158981392827267 -12.9772067060961 168.566875285572 2.71627115035016e-80 NA 12.9772067060961 0.0303735470941884 1.5655360998826
-1.97394789579158 -15.0012548022884 0.158981392827267 -13.0273069064969 169.869706628888 2.71627115035016e-80 NA 13.0273069064969 0.0303735470941884 1.5655360998826
-1.92384769539078 -15.0012548022884 0.158981392827267 -13.0774071068977 171.177558032365 2.71627115035016e-80 NA 13.0774071068977 0.0303735470941884 1.5655360998826
-1.87374749498998 -15.0012548022884 0.158981392827267 -13.1275073072985 172.490429496002 2.71627115035016e-80 NA 13.1275073072985 0.0303735470941884 1.5655360998826
-1.82364729458918 -15.0012548022884 0.158981392827267 -13.1776075076993 173.808321019799 2.71627115035016e-80 NA 13.1776075076993 0.0303735470941884 1.5655360998826
-1.77354709418838 -15.0012548022884 0.158981392827267 -13.2277077081001 175.131232603757 2.71627115035016e-80 NA 13.2277077081001 0.0303735470941884 1.5655360998826
-1.72344689378757 -15.0012548022884 0.158981392827267 -13.2778079085009 176.459164247876 2.71627115035016e-80 NA 13.2778079085009 0.0303735470941884 1.5655360998826
-1.67334669338677 -15.0012548022884 0.158981392827267 -13.3279081089017 177.792115952154 2.71627115035016e-80 NA 13.3279081089017 0.0303735470941884 1.5655360998826
-1.62324649298597 -15.0012548022884 0.158981392827267 -13.3780083093025 179.130087716593 2.71627115035016e-80 NA 13.3780083093025 0.0303735470941884 1.5655360998826
-1.57314629258517 -15.0012548022884 0.158981392827267 -13.4281085097033 180.473079541193 2.71627115035016e-80 NA 13.4281085097033 0.0303735470941884 1.5655360998826
-1.52304609218437 -15.0012548022884 0.158981392827267 -13.4782087101041 181.821091425953 2.71627115035016e-80 NA 13.4782087101041 0.0303735470941884 1.5655360998826
-1.47294589178357 -15.0012548022884 0.158981392827267 -13.5283089105049 183.174123370873 2.71627115035016e-80 NA 13.5283089105049 0.0303735470941884 1.5655360998826
-1.42284569138276 -15.0012548022884 0.158981392827267 -13.5784091109057 184.532175375954 2.71627115035016e-80 NA 13.5784091109057 0.0303735470941884 1.5655360998826
-1.37274549098196 -15.0012548022884 0.158981392827267 -13.6285093113065 185.895247441195 2.71627115035016e-80 NA 13.6285093113065 0.0303735470941884 1.5655360998826
-1.32264529058116 -15.0012548022884 0.158981392827267 -13.6786095117073 187.263339566596 2.71627115035016e-80 NA 13.6786095117073 0.0303735470941884 1.5655360998826
-1.27254509018036 -15.0012548022884 0.158981392827267 -13.7287097121081 188.636451752158 2.71627115035016e-80 NA 13.7287097121081 0.0303735470941884 1.5655360998826
-1.22244488977956 -15.0012548022884 0.158981392827267 -13.7788099125089 190.01458399788 2.71627115035016e-80 NA 13.7788099125089 0.0303735470941884 1.5655360998826
-1.17234468937876 -15.0012548022884 0.158981392827267 -13.8289101129097 191.397736303763 2.71627115035016e-80 NA 13.8289101129097 0.0303735470941884 1.5655360998826
-1.12224448897796 -15.0012548022884 0.158981392827267 -13.8790103133105 192.785908669806 2.71627115035016e-80 NA 13.8790103133105 0.0303735470941884 1.5655360998826
-1.07214428857715 -15.0012548022884 0.158981392827267 -13.9291105137113 194.17910109601 2.71627115035016e-80 NA 13.9291105137113 0.0303735470941884 1.5655360998826
-1.02204408817635 -15.0012548022884 0.158981392827267 -13.9792107141121 195.577313582374 2.71627115035016e-80 NA 13.9792107141121 0.0303735470941884 1.5655360998826
-0.97194388777555 -15.0012548022884 0.158981392827267 -14.0293109145129 196.980546128898 2.71627115035016e-80 NA 14.0293109145129 0.0303735470941884 1.5655360998826
-0.921843687374748 -15.0012548022884 0.158981392827267 -14.0794111149137 198.388798735583 2.71627115035016e-80 NA 14.0794111149137 0.0303735470941884 1.5655360998826
-0.871743486973948 -15.0012548022884 0.158981392827267 -14.1295113153145 199.802071402428 2.71627115035016e-80 NA 14.1295113153145 0.0303735470941884 1.5655360998826
-0.821643286573146 -15.0012548022884 0.158981392827267 -14.1796115157153 201.220364129433 2.71627115035016e-80 NA 14.1796115157153 0.0303735470941884 1.5655360998826
-0.771543086172345 -15.0012548022884 0.158981392827267 -14.2297117161161 202.643676916599 2.71627115035016e-80 NA 14.2297117161161 0.0303735470941884 1.5655360998826
-0.721442885771543 -15.0012548022884 0.158981392827267 -14.2798119165169 204.072009763925 2.71627115035016e-80 NA 14.2798119165169 0.0303735470941884 1.5655360998826
-0.671342685370741 -15.0012548022884 0.158981392827267 -14.3299121169177 205.505362671412 2.71627115035016e-80 NA 14.3299121169177 0.0303735470941884 1.5655360998826
-0.62124248496994 -15.0012548022884 0.158981392827267 -14.3800123173185 206.943735639059 2.71627115035016e-80 NA 14.3800123173185 0.0303735470941884 1.5655360998826
-0.571142284569138 -15.0012548022884 0.158981392827267 -14.4301125177193 208.387128666867 2.71627115035016e-80 NA 14.4301125177193 0.0303735470941884 1.5655360998826
-0.521042084168336 -15.0012548022884 0.158981392827267 -14.4802127181201 209.835541754835 2.71627115035016e-80 NA 14.4802127181201 0.0303735470941884 1.5655360998826
-0.470941883767535 -15.0012548022884 0.158981392827267 -14.5303129185209 211.288974902963 2.71627115035016e-80 NA 14.5303129185209 0.0303735470941884 1.5655360998826
-0.420841683366733 -15.0012548022884 0.158981392827267 -14.5804131189217 212.747428111252 2.71627115035016e-80 NA 14.5804131189217 0.0303735470941884 1.5655360998826
-0.370741482965931 -15.0012548022884 0.158981392827267 -14.6305133193225 214.210901379701 2.71627115035016e-80 NA 14.6305133193225 0.0303735470941884 1.5655360998826
-0.320641282565131 -15.0012548022884 0.158981392827267 -14.6806135197233 215.67939470831 2.71627115035016e-80 NA 14.6806135197233 0.0303735470941884 1.5655360998826
-0.270541082164328 -15.0012548022884 0.158981392827267 -14.7307137201241 217.15290809708 2.71627115035016e-80 NA 14.7307137201241 0.0303735470941884 1.5655360998826
-0.220440881763526 -15.0012548022884 0.158981392827267 -14.7808139205249 218.631441546011 2.71627115035016e-80 NA 14.7808139205249 0.0303735470941884 1.5655360998826
-0.170340681362726 -15.0012548022884 0.158981392827267 -14.8309141209257 220.114995055101 2.71627115035016e-80 NA 14.8309141209257 0.0303735470941884 1.5655360998826
-0.120240480961924 -15.0012548022884 0.158981392827267 -14.8810143213265 221.603568624352 2.71627115035016e-80 NA 14.8810143213265 0.0303735470941884 1.5655360998826
-0.0701402805611213 -15.0012548022884 0.158981392827267 -14.9311145217273 223.097162253764 2.71627115035016e-80 NA 14.9311145217273 0.0303735470941884 1.5655360998826
-0.0200400801603209 -15.0012548022884 0.158981392827267 -14.9812147221281 224.595775943336 2.71627115035016e-80 NA 14.9812147221281 0.0303735470941884 1.5655360998826
0.0300601202404813 -15.0012548022884 0.158981392827267 -15.0313149225289 226.099409693068 2.71627115035016e-80 NA 15.0313149225289 0.0303735470941884 1.5655360998826
0.0801603206412835 -15.0012548022884 0.158981392827267 -15.0814151229297 227.608063502961 2.71627115035016e-80 NA 15.0814151229297 0.0303735470941884 1.5655360998826
0.130260521042084 -15.0012548022884 0.158981392827267 -15.1315153233305 229.121737373014 2.71627115035016e-80 NA 15.1315153233305 0.0303735470941884 1.5655360998826
0.180360721442886 -15.0012548022884 0.158981392827267 -15.1816155237313 230.640431303227 2.71627115035016e-80 NA 15.1816155237313 0.0303735470941884 1.5655360998826
0.230460921843688 -15.0012548022884 0.158981392827267 -15.2317157241321 232.164145293601 2.71627115035016e-80 NA 15.2317157241321 0.0303735470941884 1.5655360998826
0.280561122244489 -15.0012548022884 0.158981392827267 -15.2818159245329 233.692879344136 2.71627115035016e-80 NA 15.2818159245329 0.0303735470941884 1.5655360998826
0.330661322645291 -15.0012548022884 0.158981392827267 -15.3319161249337 235.22663345483 2.71627115035016e-80 NA 15.3319161249337 0.0303735470941884 1.5655360998826
0.380761523046093 -15.0012548022884 0.158981392827267 -15.3820163253345 236.765407625686 2.71627115035016e-80 NA 15.3820163253345 0.0303735470941884 1.5655360998826
0.430861723446894 -15.0012548022884 0.158981392827267 -15.4321165257353 238.309201856701 2.71627115035016e-80 NA 15.4321165257353 0.0303735470941884 1.5655360998826
0.480961923847696 -15.0012548022884 0.158981392827267 -15.4822167261361 239.858016147877 2.71627115035016e-80 NA 15.4822167261361 0.0303735470941884 1.5655360998826
0.531062124248498 -15.0012548022884 0.158981392827267 -15.5323169265369 241.411850499213 2.71627115035016e-80 NA 15.5323169265369 0.0303735470941884 1.5655360998826
0.581162324649299 -15.0012548022884 0.158981392827267 -15.5824171269377 242.97070491071 2.71627115035016e-80 NA 15.5824171269377 0.0303735470941884 1.5655360998826
0.631262525050101 -15.0012548022884 0.158981392827267 -15.6325173273385 244.534579382367 2.71627115035016e-80 NA 15.6325173273385 0.0303735470941884 1.5655360998826
0.681362725450903 -15.0012548022884 0.158981392827267 -15.6826175277393 246.103473914185 2.71627115035016e-80 NA 15.6826175277393 0.0303735470941884 1.5655360998826
0.731462925851703 -15.0012548022884 0.158981392827267 -15.7327177281402 247.677388506163 2.71627115035016e-80 NA 15.7327177281402 0.0303735470941884 1.5655360998826
0.781563126252506 -15.0012548022884 0.158981392827267 -15.782817928541 249.256323158301 2.71627115035016e-80 NA 15.782817928541 0.0303735470941884 1.5655360998826
0.831663326653308 -15.0012548022884 0.158981392827267 -15.8329181289418 250.8402778706 2.71627115035016e-80 NA 15.8329181289418 0.0303735470941884 1.5655360998826
0.881763527054108 -15.0012548022884 0.158981392827267 -15.8830183293426 252.429252643059 2.71627115035016e-80 NA 15.8830183293426 0.0303735470941884 1.5655360998826
0.93186372745491 -15.0012548022884 0.158981392827267 -15.9331185297434 254.023247475678 2.71627115035016e-80 NA 15.9331185297434 0.0303735470941884 1.5655360998826
0.981963927855713 -15.0012548022884 0.158981392827267 -15.9832187301442 255.622262368458 2.71627115035016e-80 NA 15.9832187301442 0.0303735470941884 1.5655360998826
1.03206412825651 -15.0012548022884 0.158981392827267 -16.033318930545 257.226297321399 2.71627115035016e-80 NA 16.033318930545 0.0303735470941884 1.5655360998826
1.08216432865731 -15.0012548022884 0.158981392827267 -16.0834191309458 258.835352334499 2.71627115035016e-80 NA 16.0834191309458 0.0303735470941884 1.5655360998826
1.13226452905812 -15.0012548022884 0.158981392827267 -16.1335193313466 260.449427407761 2.71627115035016e-80 NA 16.1335193313466 0.0303735470941884 1.5655360998826
1.18236472945892 -15.0012548022884 0.158981392827267 -16.1836195317474 262.068522541182 2.71627115035016e-80 NA 16.1836195317474 0.0303735470941884 1.5655360998826
1.23246492985972 -15.0012548022884 0.158981392827267 -16.2337197321482 263.692637734764 2.71627115035016e-80 NA 16.2337197321482 0.0303735470941884 1.5655360998826
1.28256513026052 -15.0012548022884 0.158981392827267 -16.283819932549 265.321772988506 2.71627115035016e-80 NA 16.283819932549 0.0303735470941884 1.5655360998826
1.33266533066132 -15.0012548022884 0.158981392827267 -16.3339201329498 266.955928302409 2.71627115035016e-80 NA 16.3339201329498 0.0303735470941884 1.5655360998826
1.38276553106212 -15.0012548022884 0.158981392827267 -16.3840203333506 268.595103676472 2.71627115035016e-80 NA 16.3840203333506 0.0303735470941884 1.5655360998826
1.43286573146293 -15.0012548022884 0.158981392827267 -16.4341205337514 270.239299110696 2.71627115035016e-80 NA 16.4341205337514 0.0303735470941884 1.5655360998826
1.48296593186373 -15.0012548022884 0.158981392827267 -16.4842207341522 271.88851460508 2.71627115035016e-80 NA 16.4842207341522 0.0303735470941884 1.5655360998826
1.53306613226453 -15.0012548022884 0.158981392827267 -16.534320934553 273.542750159624 2.71627115035016e-80 NA 16.534320934553 0.0303735470941884 1.5655360998826
1.58316633266533 -15.0012548022884 0.158981392827267 -16.5844211349538 275.202005774329 2.71627115035016e-80 NA 16.5844211349538 0.0303735470941884 1.5655360998826
1.63326653306613 -15.0012548022884 0.158981392827267 -16.6345213353546 276.866281449194 2.71627115035016e-80 NA 16.6345213353546 0.0303735470941884 1.5655360998826
1.68336673346693 -15.0012548022884 0.158981392827267 -16.6846215357554 278.53557718422 2.71627115035016e-80 NA 16.6846215357554 0.0303735470941884 1.5655360998826
1.73346693386774 -15.0012548022884 0.158981392827267 -16.7347217361562 280.209892979405 2.71627115035016e-80 NA 16.7347217361562 0.0303735470941884 1.5655360998826
1.78356713426854 -15.0012548022884 0.158981392827267 -16.784821936557 281.889228834752 2.71627115035016e-80 NA 16.784821936557 0.0303735470941884 1.5655360998826
1.83366733466934 -15.0012548022884 0.158981392827267 -16.8349221369578 283.573584750259 2.71627115035016e-80 NA 16.8349221369578 0.0303735470941884 1.5655360998826
1.88376753507014 -15.0012548022884 0.158981392827267 -16.8850223373586 285.262960725926 2.71627115035016e-80 NA 16.8850223373586 0.0303735470941884 1.5655360998826
1.93386773547094 -15.0012548022884 0.158981392827267 -16.9351225377594 286.957356761753 2.71627115035016e-80 NA 16.9351225377594 0.0303735470941884 1.5655360998826
1.98396793587174 -15.0012548022884 0.158981392827267 -16.9852227381602 288.656772857741 2.71627115035016e-80 NA 16.9852227381602 0.0303735470941884 1.5655360998826
2.03406813627254 -15.0012548022884 0.158981392827267 -17.035322938561 290.36120901389 2.71627115035016e-80 NA 17.035322938561 0.0303735470941884 1.5655360998826
2.08416833667335 -15.0012548022884 0.158981392827267 -17.0854231389618 292.070665230198 2.71627115035016e-80 NA 17.0854231389618 0.0303735470941884 1.5655360998826
2.13426853707415 -15.0012548022884 0.158981392827267 -17.1355233393626 293.785141506668 2.71627115035016e-80 NA 17.1355233393626 0.0303735470941884 1.5655360998826
2.18436873747495 -15.0012548022884 0.158981392827267 -17.1856235397634 295.504637843297 2.71627115035016e-80 NA 17.1856235397634 0.0303735470941884 1.5655360998826
2.23446893787575 -15.0012548022884 0.158981392827267 -17.2357237401642 297.229154240087 2.71627115035016e-80 NA 17.2357237401642 0.0303735470941884 1.5655360998826
2.28456913827655 -15.0012548022884 0.158981392827267 -17.285823940565 298.958690697037 2.71627115035016e-80 NA 17.285823940565 0.0303735470941884 1.5655360998826
2.33466933867735 -15.0012548022884 0.158981392827267 -17.3359241409658 300.693247214148 2.71627115035016e-80 NA 17.3359241409658 0.0303735470941884 1.5655360998826
2.38476953907816 -15.0012548022884 0.158981392827267 -17.3860243413666 302.432823791419 2.71627115035016e-80 NA 17.3860243413666 0.0303735470941884 1.5655360998826
2.43486973947896 -15.0012548022884 0.158981392827267 -17.4361245417674 304.177420428851 2.71627115035016e-80 NA 17.4361245417674 0.0303735470941884 1.5655360998826
2.48496993987976 -15.0012548022884 0.158981392827267 -17.4862247421682 305.927037126443 2.71627115035016e-80 NA 17.4862247421682 0.0303735470941884 1.5655360998826
2.53507014028056 -15.0012548022884 0.158981392827267 -17.536324942569 307.681673884195 2.71627115035016e-80 NA 17.536324942569 0.0303735470941884 1.5655360998826
2.58517034068136 -15.0012548022884 0.158981392827267 -17.5864251429698 309.441330702108 2.71627115035016e-80 NA 17.5864251429698 0.0303735470941884 1.5655360998826
2.63527054108216 -15.0012548022884 0.158981392827267 -17.6365253433706 311.206007580181 2.71627115035016e-80 NA 17.6365253433706 0.0303735470941884 1.5655360998826
2.68537074148297 -15.0012548022884 0.158981392827267 -17.6866255437714 312.975704518415 2.71627115035016e-80 NA 17.6866255437714 0.0303735470941884 1.5655360998826
2.73547094188377 -15.0012548022884 0.158981392827267 -17.7367257441722 314.750421516809 2.71627115035016e-80 NA 17.7367257441722 0.0303735470941884 1.5655360998826
2.78557114228457 -15.0012548022884 0.158981392827267 -17.786825944573 316.530158575363 2.71627115035016e-80 NA 17.786825944573 0.0303735470941884 1.5655360998826
2.83567134268537 -15.0012548022884 0.158981392827267 -17.8369261449738 318.314915694078 2.71627115035016e-80 NA 17.8369261449738 0.0303735470941884 1.5655360998826
2.88577154308617 -15.0012548022884 0.158981392827267 -17.8870263453746 320.104692872953 2.71627115035016e-80 NA 17.8870263453746 0.0303735470941884 1.5655360998826
2.93587174348697 -15.0012548022884 0.158981392827267 -17.9371265457754 321.899490111989 2.71627115035016e-80 NA 17.9371265457754 0.0303735470941884 1.5655360998826
2.98597194388778 -15.0012548022884 0.158981392827267 -17.9872267461762 323.699307411185 2.71627115035016e-80 NA 17.9872267461762 0.0303735470941884 1.5655360998826
3.03607214428858 -15.0012548022884 0.158981392827267 -18.037326946577 325.504144770541 2.71627115035016e-80 NA 18.037326946577 0.0303735470941884 1.5655360998826
3.08617234468938 -15.0012548022884 0.158981392827267 -18.0874271469778 327.314002190058 2.71627115035016e-80 NA 18.0874271469778 0.0303735470941884 1.5655360998826
3.13627254509018 -15.0012548022884 0.158981392827267 -18.1375273473786 329.128879669735 2.71627115035016e-80 NA 18.1375273473786 0.0303735470941884 1.5655360998826
3.18637274549098 -15.0012548022884 0.158981392827267 -18.1876275477794 330.948777209572 2.71627115035016e-80 NA 18.1876275477794 0.0303735470941884 1.5655360998826
3.23647294589178 -15.0012548022884 0.158981392827267 -18.2377277481802 332.77369480957 2.71627115035016e-80 NA 18.2377277481802 0.0303735470941884 1.5655360998826
3.28657314629259 -15.0012548022884 0.158981392827267 -18.287827948581 334.603632469729 2.71627115035016e-80 NA 18.287827948581 0.0303735470941884 1.5655360998826
3.33667334669339 -15.0012548022884 0.158981392827267 -18.3379281489818 336.438590190048 2.71627115035016e-80 NA 18.3379281489818 0.0303735470941884 1.5655360998826
3.38677354709419 -15.0012548022884 0.158981392827267 -18.3880283493826 338.278567970527 2.71627115035016e-80 NA 18.3880283493826 0.0303735470941884 1.5655360998826
3.43687374749499 -15.0012548022884 0.158981392827267 -18.4381285497834 340.123565811166 2.71627115035016e-80 NA 18.4381285497834 0.0303735470941884 1.5655360998826
3.48697394789579 -15.0012548022884 0.158981392827267 -18.4882287501842 341.973583711966 2.71627115035016e-80 NA 18.4882287501842 0.0303735470941884 1.5655360998826
3.53707414829659 -15.0012548022884 0.158981392827267 -18.538328950585 343.828621672927 2.71627115035016e-80 NA 18.538328950585 0.0303735470941884 1.5655360998826
3.5871743486974 -15.0012548022884 0.158981392827267 -18.5884291509858 345.688679694048 2.71627115035016e-80 NA 18.5884291509858 0.0303735470941884 1.5655360998826
3.6372745490982 -15.0012548022884 0.158981392827267 -18.6385293513866 347.553757775329 2.71627115035016e-80 NA 18.6385293513866 0.0303735470941884 1.5655360998826
3.687374749499 -15.0012548022884 0.158981392827267 -18.6886295517874 349.42385591677 2.71627115035016e-80 NA 18.6886295517874 0.0303735470941884 1.5655360998826
3.7374749498998 -15.0012548022884 0.158981392827267 -18.7387297521882 351.298974118372 2.71627115035016e-80 NA 18.7387297521882 0.0303735470941884 1.5655360998826
3.7875751503006 -15.0012548022884 0.158981392827267 -18.788829952589 353.179112380135 2.71627115035016e-80 NA 18.788829952589 0.0303735470941884 1.5655360998826
3.8376753507014 -15.0012548022884 0.158981392827267 -18.8389301529898 355.064270702057 2.71627115035016e-80 NA 18.8389301529898 0.0303735470941884 1.5655360998826
3.88777555110221 -15.0012548022884 0.158981392827267 -18.8890303533907 356.954449084141 2.71627115035016e-80 NA 18.8890303533907 0.0303735470941884 1.5655360998826
3.93787575150301 -15.0012548022884 0.158981392827267 -18.9391305537915 358.849647526384 2.71627115035016e-80 NA 18.9391305537915 0.0303735470941884 1.5655360998826
3.98797595190381 -15.0012548022884 0.158981392827267 -18.9892307541923 360.749866028788 2.71627115035016e-80 NA 18.9892307541923 0.0303735470941884 1.5655360998826
4.03807615230461 -15.0012548022884 0.158981392827267 -19.0393309545931 362.655104591353 2.71627115035016e-80 NA 19.0393309545931 0.0303735470941884 1.5655360998826
4.08817635270541 -15.0012548022884 0.158981392827267 -19.0894311549939 364.565363214077 2.71627115035016e-80 NA 19.0894311549939 0.0303735470941884 1.5655360998826
4.13827655310621 -15.0012548022884 0.158981392827267 -19.1395313553947 366.480641896963 2.71627115035016e-80 NA 19.1395313553947 0.0303735470941884 1.5655360998826
4.18837675350701 -15.0012548022884 0.158981392827267 -19.1896315557955 368.400940640008 2.71627115035016e-80 NA 19.1896315557955 0.0303735470941884 1.5655360998826
4.23847695390782 -15.0012548022884 0.158981392827267 -19.2397317561963 370.326259443214 2.71627115035016e-80 NA 19.2397317561963 0.0303735470941884 1.5655360998826
4.28857715430862 -15.0012548022884 0.158981392827267 -19.2898319565971 372.256598306581 2.71627115035016e-80 NA 19.2898319565971 0.0303735470941884 1.5655360998826
4.33867735470942 -15.0012548022884 0.158981392827267 -19.3399321569979 374.191957230107 2.71627115035016e-80 NA 19.3399321569979 0.0303735470941884 1.5655360998826
4.38877755511022 -15.0012548022884 0.158981392827267 -19.3900323573987 376.132336213795 2.71627115035016e-80 NA 19.3900323573987 0.0303735470941884 1.5655360998826
4.43887775551102 -15.0012548022884 0.158981392827267 -19.4401325577995 378.077735257642 2.71627115035016e-80 NA 19.4401325577995 0.0303735470941884 1.5655360998826
4.48897795591182 -15.0012548022884 0.158981392827267 -19.4902327582003 380.02815436165 2.71627115035016e-80 NA 19.4902327582003 0.0303735470941884 1.5655360998826
4.53907815631263 -15.0012548022884 0.158981392827267 -19.5403329586011 381.983593525819 2.71627115035016e-80 NA 19.5403329586011 0.0303735470941884 1.5655360998826
4.58917835671343 -15.0012548022884 0.158981392827267 -19.5904331590019 383.944052750147 2.71627115035016e-80 NA 19.5904331590019 0.0303735470941884 1.5655360998826
4.63927855711423 -15.0012548022884 0.158981392827267 -19.6405333594027 385.909532034637 2.71627115035016e-80 NA 19.6405333594027 0.0303735470941884 1.5655360998826
4.68937875751503 -15.0012548022884 0.158981392827267 -19.6906335598035 387.880031379286 2.71627115035016e-80 NA 19.6906335598035 0.0303735470941884 1.5655360998826
4.73947895791583 -15.0012548022884 0.158981392827267 -19.7407337602043 389.855550784096 2.71627115035016e-80 NA 19.7407337602043 0.0303735470941884 1.5655360998826
4.78957915831663 -15.0012548022884 0.158981392827267 -19.7908339606051 391.836090249067 2.71627115035016e-80 NA 19.7908339606051 0.0303735470941884 1.5655360998826
4.83967935871744 -15.0012548022884 0.158981392827267 -19.8409341610059 393.821649774198 2.71627115035016e-80 NA 19.8409341610059 0.0303735470941884 1.5655360998826
4.88977955911824 -15.0012548022884 0.158981392827267 -19.8910343614067 395.812229359489 2.71627115035016e-80 NA 19.8910343614067 0.0303735470941884 1.5655360998826
4.93987975951904 -15.0012548022884 0.158981392827267 -19.9411345618075 397.80782900494 2.71627115035016e-80 NA 19.9411345618075 0.0303735470941884 1.5655360998826
4.98997995991984 -15.0012548022884 0.158981392827267 -19.9912347622083 399.808448710552 2.71627115035016e-80 NA 19.9912347622083 0.0303735470941884 1.5655360998826
5.04008016032064 -15.0012548022884 0.158981392827267 -20.0413349626091 401.814088476325 2.71627115035016e-80 NA 20.0413349626091 0.0303735470941884 1.5655360998826
5.09018036072144 -15.0012548022884 0.158981392827267 -20.0914351630099 403.824748302258 2.71627115035016e-80 NA 20.0914351630099 0.0303735470941884 1.5655360998826
5.14028056112225 -15.0012548022884 0.158981392827267 -20.1415353634107 405.840428188351 2.71627115035016e-80 NA 20.1415353634107 0.0303735470941884 1.5655360998826
5.19038076152305 -15.0012548022884 0.158981392827267 -20.1916355638115 407.861128134604 2.71627115035016e-80 NA 20.1916355638115 0.0303735470941884 1.5655360998826
5.24048096192385 -15.0012548022884 0.158981392827267 -20.2417357642123 409.886848141018 2.71627115035016e-80 NA 20.2417357642123 0.0303735470941884 1.5655360998826
5.29058116232465 -15.0012548022884 0.158981392827267 -20.2918359646131 411.917588207593 2.71627115035016e-80 NA 20.2918359646131 0.0303735470941884 1.5655360998826
5.34068136272545 -15.0012548022884 0.158981392827267 -20.3419361650139 413.953348334328 2.71627115035016e-80 NA 20.3419361650139 0.0303735470941884 1.5655360998826
5.39078156312625 -15.0012548022884 0.158981392827267 -20.3920363654147 415.994128521223 2.71627115035016e-80 NA 20.3920363654147 0.0303735470941884 1.5655360998826
5.44088176352706 -15.0012548022884 0.158981392827267 -20.4421365658155 418.039928768279 2.71627115035016e-80 NA 20.4421365658155 0.0303735470941884 1.5655360998826
5.49098196392786 -15.0012548022884 0.158981392827267 -20.4922367662163 420.090749075495 2.71627115035016e-80 NA 20.4922367662163 0.0303735470941884 1.5655360998826
5.54108216432866 -15.0012548022884 0.158981392827267 -20.5423369666171 422.146589442871 2.71627115035016e-80 NA 20.5423369666171 0.0303735470941884 1.5655360998826
5.59118236472946 -15.0012548022884 0.158981392827267 -20.5924371670179 424.207449870408 2.71627115035016e-80 NA 20.5924371670179 0.0303735470941884 1.5655360998826
5.64128256513026 -15.0012548022884 0.158981392827267 -20.6425373674187 426.273330358105 2.71627115035016e-80 NA 20.6425373674187 0.0303735470941884 1.5655360998826
5.69138276553106 -15.0012548022884 0.158981392827267 -20.6926375678195 428.344230905963 2.71627115035016e-80 NA 20.6926375678195 0.0303735470941884 1.5655360998826
5.74148296593187 -15.0012548022884 0.158981392827267 -20.7427377682203 430.420151513981 2.71627115035016e-80 NA 20.7427377682203 0.0303735470941884 1.5655360998826
5.79158316633266 -15.0012548022884 0.158981392827267 -20.7928379686211 432.501092182159 2.71627115035016e-80 NA 20.7928379686211 0.0303735470941884 1.5655360998826
5.84168336673347 -15.0012548022884 0.158981392827267 -20.8429381690219 434.587052910498 2.71627115035016e-80 NA 20.8429381690219 0.0303735470941884 1.5655360998826
5.89178356713427 -15.0012548022884 0.158981392827267 -20.8930383694227 436.678033698997 2.71627115035016e-80 NA 20.8930383694227 0.0303735470941884 1.5655360998826
5.94188376753507 -15.0012548022884 0.158981392827267 -20.9431385698235 438.774034547657 2.71627115035016e-80 NA 20.9431385698235 0.0303735470941884 1.5655360998826
5.99198396793587 -15.0012548022884 0.158981392827267 -20.9932387702243 440.875055456477 2.71627115035016e-80 NA 20.9932387702243 0.0303735470941884 1.5655360998826
6.04208416833668 -15.0012548022884 0.158981392827267 -21.0433389706251 442.981096425457 2.71627115035016e-80 NA 21.0433389706251 0.0303735470941884 1.5655360998826
6.09218436873747 -15.0012548022884 0.158981392827267 -21.0934391710259 445.092157454598 2.71627115035016e-80 NA 21.0934391710259 0.0303735470941884 1.5655360998826
6.14228456913828 -15.0012548022884 0.158981392827267 -21.1435393714267 447.208238543899 2.71627115035016e-80 NA 21.1435393714267 0.0303735470941884 1.5655360998826
6.19238476953908 -15.0012548022884 0.158981392827267 -21.1936395718275 449.329339693361 2.71627115035016e-80 NA 21.1936395718275 0.0303735470941884 1.5655360998826
6.24248496993988 -15.0012548022884 0.158981392827267 -21.2437397722283 451.455460902983 2.71627115035016e-80 NA 21.2437397722283 0.0303735470941884 1.5655360998826
6.29258517034068 -15.0012548022884 0.158981392827267 -21.2938399726291 453.586602172765 2.71627115035016e-80 NA 21.2938399726291 0.0303735470941884 1.5655360998826
6.34268537074148 -15.0012548022884 0.158981392827267 -21.3439401730299 455.722763502708 2.71627115035016e-80 NA 21.3439401730299 0.0303735470941884 1.5655360998826
6.39278557114228 -15.0012548022884 0.158981392827267 -21.3940403734307 457.863944892811 2.71627115035016e-80 NA 21.3940403734307 0.0303735470941884 1.5655360998826
6.44288577154309 -15.0012548022884 0.158981392827267 -21.4441405738315 460.010146343075 2.71627115035016e-80 NA 21.4441405738315 0.0303735470941884 1.5655360998826
6.49298597194389 -15.0012548022884 0.158981392827267 -21.4942407742323 462.161367853499 2.71627115035016e-80 NA 21.4942407742323 0.0303735470941884 1.5655360998826
6.54308617234469 -15.0012548022884 0.158981392827267 -21.5443409746331 464.317609424084 2.71627115035016e-80 NA 21.5443409746331 0.0303735470941884 1.5655360998826
6.59318637274549 -15.0012548022884 0.158981392827267 -21.5944411750339 466.478871054828 2.71627115035016e-80 NA 21.5944411750339 0.0303735470941884 1.5655360998826
6.64328657314629 -15.0012548022884 0.158981392827267 -21.6445413754347 468.645152745734 2.71627115035016e-80 NA 21.6445413754347 0.0303735470941884 1.5655360998826
6.69338677354709 -15.0012548022884 0.158981392827267 -21.6946415758355 470.816454496799 2.71627115035016e-80 NA 21.6946415758355 0.0303735470941884 1.5655360998826
6.7434869739479 -15.0012548022884 0.158981392827267 -21.7447417762363 472.992776308025 2.71627115035016e-80 NA 21.7447417762363 0.0303735470941884 1.5655360998826
6.7935871743487 -15.0012548022884 0.158981392827267 -21.7948419766371 475.174118179412 2.71627115035016e-80 NA 21.7948419766371 0.0303735470941884 1.5655360998826
6.8436873747495 -15.0012548022884 0.158981392827267 -21.8449421770379 477.360480110959 2.71627115035016e-80 NA 21.8449421770379 0.0303735470941884 1.5655360998826
6.8937875751503 -15.0012548022884 0.158981392827267 -21.8950423774387 479.551862102666 2.71627115035016e-80 NA 21.8950423774387 0.0303735470941884 1.5655360998826
6.9438877755511 -15.0012548022884 0.158981392827267 -21.9451425778396 481.748264154534 2.71627115035016e-80 NA 21.9451425778396 0.0303735470941884 1.5655360998826
6.9939879759519 -15.0012548022884 0.158981392827267 -21.9952427782403 483.949686266562 2.71627115035016e-80 NA 21.9952427782403 0.0303735470941884 1.5655360998826
7.04408817635271 -15.0012548022884 0.158981392827267 -22.0453429786412 486.15612843875 2.71627115035016e-80 NA 22.0453429786412 0.0303735470941884 1.5655360998826
7.09418837675351 -15.0012548022884 0.158981392827267 -22.095443179042 488.367590671099 2.71627115035016e-80 NA 22.095443179042 0.0303735470941884 1.5655360998826
7.14428857715431 -15.0012548022884 0.158981392827267 -22.1455433794428 490.584072963608 2.71627115035016e-80 NA 22.1455433794428 0.0303735470941884 1.5655360998826
7.19438877755511 -15.0012548022884 0.158981392827267 -22.1956435798436 492.805575316278 2.71627115035016e-80 NA 22.1956435798436 0.0303735470941884 1.5655360998826
7.24448897795591 -15.0012548022884 0.158981392827267 -22.2457437802444 495.032097729108 2.71627115035016e-80 NA 22.2457437802444 0.0303735470941884 1.5655360998826
7.29458917835671 -15.0012548022884 0.158981392827267 -22.2958439806452 497.263640202098 2.71627115035016e-80 NA 22.2958439806452 0.0303735470941884 1.5655360998826
7.34468937875751 -15.0012548022884 0.158981392827267 -22.345944181046 499.500202735249 2.71627115035016e-80 NA 22.345944181046 0.0303735470941884 1.5655360998826
7.39478957915832 -15.0012548022884 0.158981392827267 -22.3960443814468 501.74178532856 2.71627115035016e-80 NA 22.3960443814468 0.0303735470941884 1.5655360998826
7.44488977955912 -15.0012548022884 0.158981392827267 -22.4461445818476 503.988387982032 2.71627115035016e-80 NA 22.4461445818476 0.0303735470941884 1.5655360998826
7.49498997995992 -15.0012548022884 0.158981392827267 -22.4962447822484 506.240010695664 2.71627115035016e-80 NA 22.4962447822484 0.0303735470941884 1.5655360998826
7.54509018036072 -15.0012548022884 0.158981392827267 -22.5463449826492 508.496653469457 2.71627115035016e-80 NA 22.5463449826492 0.0303735470941884 1.5655360998826
7.59519038076152 -15.0012548022884 0.158981392827267 -22.59644518305 510.758316303409 2.71627115035016e-80 NA 22.59644518305 0.0303735470941884 1.5655360998826
7.64529058116232 -15.0012548022884 0.158981392827267 -22.6465453834508 513.024999197523 2.71627115035016e-80 NA 22.6465453834508 0.0303735470941884 1.5655360998826
7.69539078156313 -15.0012548022884 0.158981392827267 -22.6966455838516 515.296702151796 2.71627115035016e-80 NA 22.6966455838516 0.0303735470941884 1.5655360998826
7.74549098196393 -15.0012548022884 0.158981392827267 -22.7467457842524 517.573425166231 2.71627115035016e-80 NA 22.7467457842524 0.0303735470941884 1.5655360998826
7.79559118236473 -15.0012548022884 0.158981392827267 -22.7968459846532 519.855168240825 2.71627115035016e-80 NA 22.7968459846532 0.0303735470941884 1.5655360998826
7.84569138276553 -15.0012548022884 0.158981392827267 -22.846946185054 522.14193137558 2.71627115035016e-80 NA 22.846946185054 0.0303735470941884 1.5655360998826
7.89579158316633 -15.0012548022884 0.158981392827267 -22.8970463854548 524.433714570495 2.71627115035016e-80 NA 22.8970463854548 0.0303735470941884 1.5655360998826
7.94589178356713 -15.0012548022884 0.158981392827267 -22.9471465858556 526.730517825571 2.71627115035016e-80 NA 22.9471465858556 0.0303735470941884 1.5655360998826
7.99599198396794 -15.0012548022884 0.158981392827267 -22.9972467862564 529.032341140807 2.71627115035016e-80 NA 22.9972467862564 0.0303735470941884 1.5655360998826
8.04609218436874 -15.0012548022884 0.158981392827267 -23.0473469866572 531.339184516203 2.71627115035016e-80 NA 23.0473469866572 0.0303735470941884 1.5655360998826
8.09619238476954 -15.0012548022884 0.158981392827267 -23.097447187058 533.65104795176 2.71627115035016e-80 NA 23.097447187058 0.0303735470941884 1.5655360998826
8.14629258517034 -15.0012548022884 0.158981392827267 -23.1475473874588 535.967931447477 2.71627115035016e-80 NA 23.1475473874588 0.0303735470941884 1.5655360998826
8.19639278557114 -15.0012548022884 0.158981392827267 -23.1976475878596 538.289835003355 2.71627115035016e-80 NA 23.1976475878596 0.0303735470941884 1.5655360998826
8.24649298597194 -15.0012548022884 0.158981392827267 -23.2477477882604 540.616758619393 2.71627115035016e-80 NA 23.2477477882604 0.0303735470941884 1.5655360998826
8.29659318637275 -15.0012548022884 0.158981392827267 -23.2978479886612 542.948702295592 2.71627115035016e-80 NA 23.2978479886612 0.0303735470941884 1.5655360998826
8.34669338677355 -15.0012548022884 0.158981392827267 -23.347948189062 545.285666031951 2.71627115035016e-80 NA 23.347948189062 0.0303735470941884 1.5655360998826
8.39679358717435 -15.0012548022884 0.158981392827267 -23.3980483894628 547.62764982847 2.71627115035016e-80 NA 23.3980483894628 0.0303735470941884 1.5655360998826
8.44689378757515 -15.0012548022884 0.158981392827267 -23.4481485898636 549.974653685149 2.71627115035016e-80 NA 23.4481485898636 0.0303735470941884 1.5655360998826
8.49699398797595 -15.0012548022884 0.158981392827267 -23.4982487902644 552.32667760199 2.71627115035016e-80 NA 23.4982487902644 0.0303735470941884 1.5655360998826
8.54709418837675 -15.0012548022884 0.158981392827267 -23.5483489906652 554.68372157899 2.71627115035016e-80 NA 23.5483489906652 0.0303735470941884 1.5655360998826
8.59719438877756 -15.0012548022884 0.158981392827267 -23.598449191066 557.045785616151 2.71627115035016e-80 NA 23.598449191066 0.0303735470941884 1.5655360998826
8.64729458917836 -15.0012548022884 0.158981392827267 -23.6485493914668 559.412869713472 2.71627115035016e-80 NA 23.6485493914668 0.0303735470941884 1.5655360998826
8.69739478957916 -15.0012548022884 0.158981392827267 -23.6986495918676 561.784973870954 2.71627115035016e-80 NA 23.6986495918676 0.0303735470941884 1.5655360998826
8.74749498997996 -15.0012548022884 0.158981392827267 -23.7487497922684 564.162098088596 2.71627115035016e-80 NA 23.7487497922684 0.0303735470941884 1.5655360998826
8.79759519038076 -15.0012548022884 0.158981392827267 -23.7988499926692 566.544242366398 2.71627115035016e-80 NA 23.7988499926692 0.0303735470941884 1.5655360998826
8.84769539078156 -15.0012548022884 0.158981392827267 -23.84895019307 568.931406704361 2.71627115035016e-80 NA 23.84895019307 0.0303735470941884 1.5655360998826
8.89779559118237 -15.0012548022884 0.158981392827267 -23.8990503934708 571.323591102485 2.71627115035016e-80 NA 23.8990503934708 0.0303735470941884 1.5655360998826
8.94789579158317 -15.0012548022884 0.158981392827267 -23.9491505938716 573.720795560768 2.71627115035016e-80 NA 23.9491505938716 0.0303735470941884 1.5655360998826
8.99799599198397 -15.0012548022884 0.158981392827267 -23.9992507942724 576.123020079213 2.71627115035016e-80 NA 23.9992507942724 0.0303735470941884 1.5655360998826
9.04809619238477 -15.0012548022884 0.158981392827267 -24.0493509946732 578.530264657817 2.71627115035016e-80 NA 24.0493509946732 0.0303735470941884 1.5655360998826
9.09819639278557 -15.0012548022884 0.158981392827267 -24.099451195074 580.942529296582 2.71627115035016e-80 NA 24.099451195074 0.0303735470941884 1.5655360998826
9.14829659318637 -15.0012548022884 0.158981392827267 -24.1495513954748 583.359813995507 2.71627115035016e-80 NA 24.1495513954748 0.0303735470941884 1.5655360998826
9.19839679358718 -15.0012548022884 0.158981392827267 -24.1996515958756 585.782118754593 2.71627115035016e-80 NA 24.1996515958756 0.0303735470941884 1.5655360998826
9.24849699398798 -15.0012548022884 0.158981392827267 -24.2497517962764 588.209443573839 2.71627115035016e-80 NA 24.2497517962764 0.0303735470941884 1.5655360998826
9.29859719438878 -15.0012548022884 0.158981392827267 -24.2998519966772 590.641788453245 2.71627115035016e-80 NA 24.2998519966772 0.0303735470941884 1.5655360998826
9.34869739478958 -15.0012548022884 0.158981392827267 -24.349952197078 593.079153392812 2.71627115035016e-80 NA 24.349952197078 0.0303735470941884 1.5655360998826
9.39879759519038 -15.0012548022884 0.158981392827267 -24.4000523974788 595.52153839254 2.71627115035016e-80 NA 24.4000523974788 0.0303735470941884 1.5655360998826
9.44889779559118 -15.0012548022884 0.158981392827267 -24.4501525978796 597.968943452427 2.71627115035016e-80 NA 24.4501525978796 0.0303735470941884 1.5655360998826
9.49899799599199 -15.0012548022884 0.158981392827267 -24.5002527982804 600.421368572475 2.71627115035016e-80 NA 24.5002527982804 0.0303735470941884 1.5655360998826
9.54909819639279 -15.0012548022884 0.158981392827267 -24.5503529986812 602.878813752684 2.71627115035016e-80 NA 24.5503529986812 0.0303735470941884 1.5655360998826
9.59919839679359 -15.0012548022884 0.158981392827267 -24.600453199082 605.341278993053 2.71627115035016e-80 NA 24.600453199082 0.0303735470941884 1.5655360998826
9.64929859719439 -15.0012548022884 0.158981392827267 -24.6505533994828 607.808764293582 2.71627115035016e-80 NA 24.6505533994828 0.0303735470941884 1.5655360998826
9.69939879759519 -15.0012548022884 0.158981392827267 -24.7006535998836 610.281269654272 2.71627115035016e-80 NA 24.7006535998836 0.0303735470941884 1.5655360998826
9.74949899799599 -15.0012548022884 0.158981392827267 -24.7507538002844 612.758795075122 2.71627115035016e-80 NA 24.7507538002844 0.0303735470941884 1.5655360998826
9.79959919839679 -15.0012548022884 0.158981392827267 -24.8008540006852 615.241340556132 2.71627115035016e-80 NA 24.8008540006852 0.0303735470941884 1.5655360998826
9.8496993987976 -15.0012548022884 0.158981392827267 -24.850954201086 617.728906097303 2.71627115035016e-80 NA 24.850954201086 0.0303735470941884 1.5655360998826
9.8997995991984 -15.0012548022884 0.158981392827267 -24.9010544014868 620.221491698635 2.71627115035016e-80 NA 24.9010544014868 0.0303735470941884 1.5655360998826
9.9498997995992 -15.0012548022884 0.158981392827267 -24.9511546018876 622.719097360126 2.71627115035016e-80 NA 24.9511546018876 0.0303735470941884 1.5655360998826
10 -15.0012548022884 0.158981392827267 -25.0012548022884 625.221723081778 2.71627115035016e-80 NA 25.0012548022884 0.0303735470941884 1.5655360998826
