-10.8416833667335 -10.7630434551864 0.181007177963513 0.0786399115470253 0.187191413651637 21.4057364308289 88.3942845803897 0.0786399115470253 0.9274 1.60745086043009
-12.8957915831663 -12.8969600053512 0.159136221715074 -0.00116842218487534 0.159137586925476 0.000145501723152136 100.542791751379 0.00116842218487534 0.949 1.56587819579416
1.68336673346693 1.72094235565865 0.129699363810931 0.0375756221917194 0.131111291194026 36.524334147983 123.362208802535 0.0375756221917194 0.9629 1.48610103567737
-8.7374749498998 -8.82974873403114 0.158140359032632 -0.0922737841313399 0.166654810270549 39.2791992141574 101.175943306784 0.0922737841313399 0.9347 1.55631816877697
-15 -15.0012548022868 0.158981392831435 -0.00125480228681774 0.158982967360214 7.79356537710311e-16 100.640708419032 0.00125480228681774 0.9496 1.565532703178
-2.4749498997996 -2.47620470166219 0.158981393871178 -0.00125480186259397 0.158982968398893 1.84813098795752e-12 100.640707760838 0.00125480186259397 0.9496 1.56542587249565
-6.63326653306613 -6.63494727225816 0.159704301282023 -0.00168073919203149 0.159707126166255 0.00157814544847982 100.185153884775 0.00168073919203149 0.9498 1.56720150764122
5.89178356713427 5.89052859919889 0.158981859843715 -0.00125496793538105 0.158983434788234 3.66647691589548e-09 100.640412785009 0.00125496793538105 0.9487 1.56541910771812
-0.370741482965931 -0.370748114796257 0.160772558063689 -6.63183032578729e-06 0.16077255810767 0.0109185083104046 99.5194714365475 6.63183032578729e-06 0.9494 1.57030327427946
-4.57915831663327 -4.58041311919934 0.158981393734772 -0.00125480256607169 0.158982968264252 1.08719473658894e-13 100.640707847188 0.00125480256607169 0.949 1.56543332324318
7.94589178356713 7.94463698127869 0.158981392827267 -0.00125480228844754 0.15898296735605 7.05245491305605e-23 100.64070842167 0.00125480228844754 0.9499 1.56554719078629
3.7875751503006 3.77494867149734 0.170335995356222 -0.0126264788032588 0.170495423323191 0.47319060305466 93.9319957977137 0.0126264788032588 0.9449 1.59290151823188
3.8376753507014 3.82667090704639 0.169127518339651 -0.0110044436550103 0.169248616119807 0.356628010872152 94.6031737299422 0.0110044436550103 0.9455 1.59025381244689
-14.9498997995992 -14.9511546018848 0.158981392834579 -0.00125480228557961 0.158982967363355 1.69795100562962e-15 100.640708417041 0.00125480228557961 0.9496 1.56553084582983
5.94188376753507 5.94062885086501 0.158981719783438 -0.00125491667006195 0.158983294599287 1.98538785166792e-09 100.640501447556 0.00125491667006195 0.9487 1.56542582765923
-2.4248496993988 -2.42610450099217 0.158981394522468 -0.00125480159337332 0.158982969049507 3.7086941377308e-12 100.640707348549 0.00125480159337332 0.9496 1.56540096873985
-10.7915831663327 -10.7098343982816 0.178469942049857 0.0817487680511082 0.185152803127731 23.9898859243668 89.6509508336716 0.0817487680511082 0.9277 1.6013837772476
-12.8456913827655 -12.8468312798525 0.159183845413962 -0.00113989708698625 0.159185144779331 0.000228042149527191 100.512711942544 0.00113989708698625 0.9491 1.56599815806319
7.99599198396794 7.99473718167949 0.158981392827267 -0.00125480228844754 0.15898296735605 2.76865384692233e-23 100.64070842167 0.00125480228844754 0.9499 1.56554720493562
-6.58316633266533 -6.58475277768043 0.159558010855593 -0.00158644501509553 0.159560527663379 0.00104322719513153 100.277008432254 0.00158644501509553 0.9498 1.56680563609425
-4.52905811623246 -4.53031291869582 0.158981393402102 -0.00125480246335297 0.158982967931324 5.2111278407145e-14 100.64070805778 0.00125480246335297 0.949 1.56542224256964
-0.320641282565131 -0.320338621538088 0.161159579251627 0.000302661027042128 0.161159670855324 0.0157599903872574 99.2804776129279 0.000302661027042128 0.9497 1.57130033236718
1.73346693386774 1.76572786710741 0.127044726922873 0.0322609332396757 0.128085494736368 37.2387303792585 125.93989839274 0.0322609332396757 0.9649 1.48000837780006
-8.687374749499 -8.7795079206061 0.162103160895333 -0.0921331711071023 0.170591682113583 36.4912806098259 98.702578725969 0.0921331711071023 0.9326 1.565535328174
-2.374749498998 -2.37600430015994 0.158981395560134 -0.00125480116194421 0.15898297008609 7.38418805618177e-12 100.640706691671 0.00125480116194421 0.9496 1.56538951468971
-10.7414829659319 -10.6570539161974 0.17558222704795 0.0844290497344975 0.18271049148702 26.6697725118743 91.1253961691155 0.0844290497344975 0.9274 1.59455652631398
-12.7955911823647 -12.7966940376675 0.159244397054515 -0.00110285530275611 0.159245613344333 0.000354617700645069 100.474492641161 0.00110285530275611 0.9494 1.56615554904033
5.99198396793587 5.99072908706843 0.158981620415398 -0.00125488086744152 0.15898319514139 1.06668264017827e-09 100.640564350735 0.00125488086744152 0.9487 1.56540252129792
-6.53306613226453 -6.53457785059364 0.159438845646619 -0.00151171832910713 0.159441130938926 0.000684245537236566 100.351955855617 0.00151171832910713 0.9499 1.56651376701104
-14.8997995991984 -14.9010544014818 0.158981392840002 -0.00125480228343555 0.158982967368772 3.67035110656375e-15 100.640708413609 0.00125480228343555 0.9496 1.56554924153001
3.88777555110221 3.87821317721298 0.167974812491715 -0.00956237388922521 0.168066251486112 0.266607336239919 95.2523760119644 0.00956237388922521 0.9465 1.58767732651581
-8.6372745490982 -8.72864358232628 0.165936227347815 -0.0913690332280837 0.174284527580849 33.6820213027553 96.4225850842253 0.0913690332280837 0.9298 1.57439900083915
-0.270541082164328 -0.269864150987064 0.161611728836917 0.000676931177263917 0.161612187072736 0.0225701007080271 99.0027154288143 0.000676931177263917 0.9494 1.57242463747076
8.04609218436874 8.04483738208029 0.158981392827267 -0.00125480228844665 0.15898296735605 1.07842628804805e-23 100.64070842167 0.00125480228844665 0.9499 1.56554398507353
-4.47895791583166 -4.48021271822956 0.158981393188809 -0.00125480239790043 0.158982967717867 2.47827567819467e-14 100.640708192802 0.00125480239790043 0.949 1.56541446593751
1.78356713426854 1.81009165895092 0.124770646072589 0.0265245246823791 0.125474196482216 37.8244125501341 128.235290139409 0.0265245246823791 0.9654 1.47477825961551
-2.32464929859719 -2.32590409907273 0.158981397201121 -0.00125480047553461 0.158982971725354 1.45874016541267e-11 100.64070565287 0.00125480047553461 0.9496 1.56537769585445
-12.7454909819639 -12.7465460380303 0.159320838417307 -0.00105505606638978 0.15932195156061 0.000547147852230265 100.426285468643 0.00105505606638978 0.9495 1.56632779815814
-10.6913827655311 -10.6047561316819 0.172380597770081 0.0866266338491233 0.179884771462111 29.4197212541474 92.817870496891 0.0866266338491233 0.9285 1.58710379786513
6.04208416833668 6.04082931234613 0.158981550323385 -0.00125485599054453 0.158983124986942 5.6861531940682e-10 100.640608721291 0.00125485599054453 0.9487 1.56540959280256
3.93787575150301 3.92958529044713 0.166890874492257 -0.0082904610558745 0.166959606236776 0.19771059185514 95.871029789243 0.0082904610558745 0.9468 1.58519305681973
-6.48296593186373 -6.48441876503283 0.159342380384531 -0.00145283316910394 0.159344491108749 0.000445292426179094 100.412708542374 0.00145283316910394 0.95 1.56625468647969
-14.8496993987976 -14.8509542010773 0.15898139284928 -0.00125480227975316 0.158982967378041 7.87197225955655e-15 100.640708407735 0.00125480227975316 0.9496 1.56558808192978
-8.5871743486974 -8.67718673587543 0.169585572131666 -0.0900123871780298 0.177687801977153 30.8763292547899 94.3476487939531 0.0900123871780298 0.9288 1.58268246293967
-0.220440881763526 -0.219314160076829 0.162135348639792 0.00112672168669742 0.162136618141552 0.0320695467701105 98.6829839034445 0.00112672168669742 0.9496 1.57393188483996
8.09619238476954 8.09493758248109 0.158981392827267 -0.00125480228844665 0.15898296735605 4.16778907954175e-24 100.64070842167 0.00125480228844665 0.9499 1.56554403866245
-4.42885771543086 -4.43011251778734 0.158981393053039 -0.00125480235647757 0.158982967581993 1.16939436968306e-14 100.640708278749 0.00125480235647757 0.949 1.56539481246572
1.83366733466934 1.85410255925944 0.122914218608164 0.0204352245900963 0.123331817012212 38.2527241812124 130.172084085781 0.0204352245900963 0.9678 1.47054629786667
-2.27454909819639 -2.27580389758764 0.158981399776994 -0.00125479939124906 0.158982974298507 2.85921356516308e-11 100.640704022253 0.00125479939124906 0.9496 1.5653981778917
-10.6412825651303 -10.5529895716469 0.16890822416425 0.0882929934833374 0.176703876862498 32.2132138438572 94.7259973821126 0.0882929934833374 0.9295 1.5790156682258
3.98797595190381 3.98079865935494 0.165884783771813 -0.00717729254886779 0.165936297300145 0.145448313466956 96.4524872999151 0.00717729254886779 0.9478 1.58276277728957
6.09218436873747 6.09092952994292 0.158981501171847 -0.00125483879455768 0.158983075792247 3.00742874856046e-10 100.640639835859 0.00125483879455768 0.9492 1.56539985101398
-12.6953907815631 -12.6963845445725 0.159416648278554 -0.000993763009406123 0.159417635843473 0.000837623386518906 100.365928984046 0.000993763009406123 0.9495 1.56660452516772
-8.53707414829659 -8.62517609749007 0.172999758864832 -0.0881019491934776 0.180761712316522 28.1002937187344 92.4856780436387 0.0881019491934776 0.9261 1.59042448317992
-6.43286573146293 -6.43427242073356 0.159264765323238 -0.00140668927063547 0.159266744097942 0.000287526618161735 100.461643022718 0.00140668927063547 0.9496 1.5660728462615
-14.7995991983968 -14.8008540006703 0.158981392865037 -0.00125480227347374 0.158982967393782 1.67514725455114e-14 100.640708397761 0.00125480227347374 0.9496 1.56555068112826
-0.170340681362726 -0.168677167376227 0.162736265331142 0.0016635139864985 0.162739032609926 0.0452095087578236 98.318589083033 0.0016635139864985 0.949 1.5754437931848
8.14629258517034 8.14503778288189 0.158981392827267 -0.00125480228844665 0.15898296735605 1.598138672356e-24 100.640708421671 0.00125480228844665 0.9499 1.56554208236705
-4.37875751503006 -4.3800123173605 0.158981392967242 -0.00125480233044062 0.158982967496131 5.47476995152035e-15 100.640708333061 0.00125480233044062 0.949 1.56537553748206
1.88376753507014 1.89783600969189 0.121505297196995 0.0140684746217437 0.121703219175177 38.5124532660379 131.681501704896 0.0140684746217437 0.9686 1.46736324121721
-2.22444889779559 -2.22570369548624 0.1589814037905 -0.00125479769064629 0.158982978307745 5.56043427896127e-11 100.640701481566 0.00125479769064629 0.9496 1.56539716715898
-8.48697394789579 -8.57265736245373 0.176131516848984 -0.0856834145579395 0.183473164379292 25.3805020226764 90.8412093771864 0.0856834145579395 0.9259 1.59755354076127
-10.5911823647295 -10.5017961915046 0.165213457812093 0.0893861732248862 0.173203345775883 35.0238039265864 96.8444109329017 0.0893861732248862 0.9325 1.57042754316459
6.14228456913828 6.14102974216769 0.158981466910237 -0.00125482697058388 0.158983041500963 1.57821293893967e-10 100.640661524615 0.00125482697058388 0.949 1.56540231422574
-14.749498997996 -14.7507538002588 0.158981392891594 -0.00125480226284402 0.158982967420313 3.53684411821093e-14 100.640708380949 0.00125480226284402 0.9496 1.56551434938475
4.03807615230461 4.031865748638 0.164962106310616 -0.00621040366660708 0.165000675424318 0.106151081598047 96.9919720221851 0.00621040366660708 0.9485 1.58063083495823
-12.6452905811623 -12.6462062428601 0.159535867914776 -0.000915661697757031 0.15953670635112 0.00127231189749521 100.290926480227 0.000915661697757031 0.9496 1.56690206457349
-6.38276553106212 -6.3841362586884 0.159202687665657 -0.0013707276262771 0.159204566559882 0.000184208412349111 100.500815875683 0.0013707276262771 0.9491 1.56591271309452
-0.120240480961924 -0.117940861320434 0.16341944093349 0.0022996196414891 0.163424729183986 0.0632323015257267 97.9075678426279 0.0022996196414891 0.949 1.57712598065127
8.19639278557114 8.1951379832827 0.158981392827267 -0.00125480228844665 0.15898296735605 6.08018300619496e-25 100.640708421671 0.00125480228844665 0.9499 1.56554189054642
-4.32865731462926 -4.32991211694345 0.158981392913422 -0.00125480231418962 0.15898296744227 2.55144559877781e-15 100.640708367131 0.00125480231418962 0.949 1.56538343651641
1.93386773547094 1.94137266238574 0.120566265693278 0.00750492691479843 0.120622589621275 38.6849907745229 132.707104329698 0.00750492691479843 0.9701 1.46529971352688
-2.17434869739479 -2.17560349243709 0.158981409997917 -0.00125479504229897 0.158982984508515 1.07291246347858e-10 100.640697552058 0.00125479504229897 0.9496 1.56538996725399
-8.43687374749499 -8.5196822829932 0.178939281517724 -0.0828085354982075 0.185796535069082 22.7431904166023 89.4158055419216 0.0828085354982075 0.9247 1.60399766237278
-10.5410821643287 -10.4512105945188 0.161348284227421 0.0898715698098638 0.169425183287511 37.8258923594929 99.1643640749715 0.0898715698098638 0.9356 1.5613988579152
4.08817635270541 4.08279958646761 0.164125355306194 -0.00537676623780303 0.16415426492137 0.0768581758495315 97.4864607004218 0.00537676623780303 0.9493 1.57861482342902
6.19238476953908 6.19112995065495 0.158981443172737 -0.00125481888412615 0.158983017743169 8.21730324638642e-11 100.64067655126 0.00125481888412615 0.949 1.56540532814986
-14.6993987975952 -14.7006535998402 0.158981392936016 -0.00125480224498453 0.15898296746469 7.40921755760874e-14 100.640708352829 0.00125480224498453 0.9496 1.56548926908811
-12.5951903807615 -12.5960071516336 0.159683137959945 -0.00081677087206522 0.159683805074602 0.00191752070994351 100.198431746835 0.00081677087206522 0.9501 1.56728711234941
-6.33266533066132 -6.33400818300264 0.159153325489958 -0.00134285234131681 0.159155128742369 0.000117095133745666 100.531986691095 0.00134285234131681 0.9493 1.56578849463421
-0.0701402805611213 -0.0670922673190358 0.164188569840722 0.00304801324208549 0.164197860225446 0.087743193609284 97.4489272640688 0.00304801324208549 0.9488 1.57909333100754
8.24649298597194 8.2452381836835 0.158981392827267 -0.00125480228844665 0.15898296735605 2.29515649636758e-25 100.640708421671 0.00125480228844665 0.9499 1.56554099793263
1.98396793587174 1.98479687613666 0.120111909137543 0.000828940264917311 0.120112596279506 38.7297499105349 133.209105698903 0.000828940264917311 0.9699 1.46437071482778
-4.27855711422846 -4.27981191653257 0.15898139287991 -0.00125480230411679 0.158982967408732 1.18161845076389e-15 100.640708388346 0.00125480230411679 0.949 1.56543744412469
-2.12424849699399 -2.1255032879411 0.158981419527936 -0.001254790947113 0.158982994028257 2.05406097004546e-10 100.640691519228 0.001254790947113 0.9496 1.56538874320712
-8.38677354709419 -8.46630756914886 0.181388570308339 -0.0795340220546716 0.187714230972532 20.2132848502775 88.2084244492469 0.0795340220546716 0.9234 1.60970196764902
-10.4909819639279 -10.4012594615496 0.157366735023685 0.0897225023782404 0.165416862456698 40.5953196141888 101.673330120193 0.0897225023782404 0.9376 1.55204492264508
4.13827655310621 4.13361334583319 0.163374477643444 -0.00466320727302261 0.163396223145515 0.0552097689488362 97.9345135836891 0.00466320727302261 0.9488 1.576655869102
6.24248496993988 6.24123015655576 0.158981426828191 -0.00125481338412481 0.15898300138482 4.24508597832365e-11 100.640686897916 0.00125481338412481 0.949 1.56541189981692
-14.6492985971944 -14.6505533994096 0.158981393009763 -0.00125480221519858 0.158982967538362 1.54000552266164e-13 100.640708306144 0.00125480221519858 0.9496 1.56547172903146
-12.5450901803607 -12.5457825294079 0.159863722182747 -0.000692349047168861 0.15986420152995 0.00286740663290931 100.085246243108 0.000692349047168861 0.9499 1.56773017709399
-6.28256513026052 -6.28388648994842 0.159114297790222 -0.00132135968790426 0.159116043781647 7.38525726135643e-05 100.556645268262 0.00132135968790426 0.9494 1.56570495628782
-0.0200400801603209 -0.0161179812019482 0.16504562920521 0.00392209895837273 0.165061012065449 0.120793674053288 96.9428883215462 0.00392209895837273 0.9479 1.58118115299219
8.29659318637275 8.2953383840843 0.158981392827267 -0.00125480228844665 0.15898296735605 8.59609917929669e-26 100.640708421671 0.00125480228844665 0.9499 1.56553625099764
2.03406813627254 2.02819514065972 0.120149344974802 -0.00587299561281984 0.12018383705227 38.7203008218016 133.167600733533 0.00587299561281984 0.9697 1.46458139949004
-4.22845691382765 -4.22971171612557 0.158981392859197 -0.00125480229791819 0.158982967388004 5.47108421348618e-16 100.640708401457 0.00125480229791819 0.949 1.56543963730948
-2.07414829659319 -2.07540308125229 0.158981434051759 -0.00125478465910112 0.1589830085363 3.90171759899614e-10 100.640682325151 0.00125478465910112 0.9492 1.56538303335855
-8.33667334669339 -8.4125936469387 0.183453111936586 -0.0759203002453184 0.189217003925926 17.8134111134997 87.2157459260253 0.0759203002453184 0.9252 1.61458245767871
-10.4408817635271 -10.351961195376 0.153323340813814 0.088920568151055 0.161230208254121 43.3097603635506 104.354626732464 0.088920568151055 0.94 1.54247724469794
4.18837675350701 4.1843199983005 0.162707340200229 -0.00405675520651272 0.162723797463035 0.0393468611557235 98.3360675696023 0.00405675520651272 0.9495 1.5749004753305
6.29258517034068 6.29133036067642 0.158981415644744 -0.0012548096642675 0.158982990192038 2.17589096615784e-11 100.640693977422 0.0012548096642675 0.949 1.56543076484317
-14.5991983967936 -14.6004531989595 0.158981393131276 -0.00125480216588514 0.158982967659752 3.17589194416609e-13 100.640708229222 0.00125480216588514 0.9496 1.5654520840333
-12.4949899799599 -12.4955267788437 0.160083513067382 -0.000536798883791434 0.160083801220424 0.00425443988397537 99.9478315625503 0.000536798883791434 0.9498 1.56828302484643
8.34669338677355 8.3454385844851 0.158981392827267 -0.00125480228844665 0.15898296735605 3.19436099075123e-26 100.640708421671 0.00125480228844665 0.9499 1.56553625099764
-6.23246492985972 -6.23376980463798 0.159083613501258 -0.00130487477825803 0.159085316199445 4.62156735343264e-05 100.576040786712 0.00130487477825803 0.9492 1.56563459057804
2.08416833667335 2.07165445789384 0.120677991687853 -0.0125138787795036 0.120834588849961 38.5797983717332 132.584241552393 0.0125138787795036 0.9693 1.46598416031205
0.0300601202404813 0.0349955251714514 0.165990394471249 0.00493540493097012 0.166014752693082 0.164975684109481 96.3911198052565 0.00493540493097012 0.9473 1.58356134315849
-4.17835671342685 -4.17961151572098 0.158981392846491 -0.001254802294131 0.158982967375289 2.53358533818758e-16 100.640708409501 0.001254802294131 0.949 1.56543959416208
-2.02404809619238 -2.02530287126391 0.158981456024335 -0.00125477507152238 0.158983030484815 7.35346105237634e-10 100.640668415761 0.00125477507152238 0.9487 1.56538524151704
-8.28657314629259 -8.35860331643017 0.185115661223455 -0.0720301701375874 0.190304006633505 15.562967646001 86.4324492819989 0.0720301701375874 0.9263 1.61859965922846
4.23847695390782 4.23493203908358 0.162120195523951 -0.00354491482423303 0.162132761945062 0.0278213926012844 98.6922076443972 0.00354491482423303 0.95 1.57342323188558
-10.3907815631263 -10.3033257735665 0.149271697477606 0.0874557895597103 0.156920212605118 45.9489298536775 107.187097556791 0.0874557895597103 0.9421 1.53277413898709
8.39679358717435 8.3955387848859 0.158981392827267 -0.00125480228844665 0.15898296735605 1.17776876270453e-26 100.640708421671 0.00125480228844665 0.9499 1.56553653626216
6.34268537074148 6.3414305635787 0.158981408041513 -0.00125480716278759 0.158982982582528 1.10657595564081e-11 100.640698790529 0.00125480716278759 0.949 1.56544324378662
-14.5490981963928 -14.5503529984776 0.158981393329993 -0.0012548020848353 0.158982967858265 6.49834360400677e-13 100.640708103427 0.0012548020848353 0.9496 1.56546085350715
-12.4448897795591 -12.445233352178 0.160349013469045 -0.000343572618891841 0.160349131511189 0.00626326174114198 99.7823413680606 0.000343572618891841 0.9499 1.5691144693517
2.13426853707415 2.11526070953658 0.12168956310521 -0.0190078275375716 0.122050860612908 38.3050108691885 131.482105709976 0.0190078275375716 0.9695 1.46848934218563
-6.18236472945892 -6.18365702535616 0.159059621673708 -0.00129229589724034 0.159061291702394 2.86952076415202e-05 100.591211217779 0.00129229589724034 0.9492 1.56555193109904
0.0801603206412835 0.0862615226844594 0.167019937308863 0.00610120204317584 0.167057161975235 0.223525219029567 95.7969465071218 0.00610120204317584 0.9462 1.58606754172313
-4.12825651302605 -4.12951131531789 0.158981392838756 -0.00125480229183328 0.158982967367547 1.18502682061857e-16 100.640708414398 0.00125480229183328 0.949 1.56550088144982
-1.97394789579158 -1.97520265634615 0.158981489023466 -0.00125476055457052 0.158983063447516 1.37505864992371e-09 100.640647526193 0.00125476055457052 0.9487 1.5653958771312
4.28857715430862 4.28546127950367 0.16160811181462 -0.00311587480494691 0.16161782049042 0.0195176308113583 99.0049312521734 0.00311587480494691 0.9495 1.57209914213321
-8.23647294589178 -8.30440035850017 0.186368451471328 -0.0679274126083858 0.190982584854998 13.4773544482426 85.8514403789072 0.0679274126083858 0.9266 1.62185457541754
-10.3406813627255 -10.2553547952966 0.145263206084966 0.0853265674288028 0.152543829194148 48.4877624258103 110.144890996289 0.0853265674288028 0.9451 1.5230455747626
8.44689378757515 8.4456389852867 0.158981392827267 -0.00125480228844665 0.15898296735605 4.30853406914e-27 100.640708421671 0.00125480228844665 0.9499 1.56553653626216
2.18436873747495 2.15909704038659 0.123168090103701 -0.0252716970883586 0.123806748777426 38.0275836301893 129.903776104094 0.0252716970883586 0.9683 1.47212292872493
-14.498997995992 -14.5002527979446 0.158981393652538 -0.00125480195259087 0.158982968180478 1.31926835571682e-12 100.640707899245 0.00125480195259087 0.9496 1.56541950759082
6.39278557114228 6.39153076565183 0.158981402905854 -0.0012548054904542 0.158982977442673 5.58365776495631e-12 100.640702041577 0.0012548054904542 0.949 1.56544439065869
-12.3947895791583 -12.3948946619748 0.160667288129256 -0.000105082816482138 0.160667299171654 0.00914881784015465 99.584677044702 0.000105082816482138 0.9499 1.56991982012482
-6.13226452905812 -6.1335472753042 0.159040964333817 -0.00128274624608693 0.159042609771748 1.76776891115815e-05 100.603011727325 0.00128274624608693 0.9489 1.56552579835057
0.130260521042084 0.137692567769582 0.16812812886176 0.00743204672749839 0.16818336418032 0.300432197464699 95.1655151836945 0.00743204672749839 0.9459 1.58867879711907
-4.07815631262525 -4.0794111149157 0.158981392834082 -0.00125480229045039 0.15898296736287 5.69070869569653e-17 100.640708417356 0.00125480229045039 0.949 1.56548302608371
-1.92384769539078 -1.92510243411663 0.158981538222257 -0.00125473872585213 0.158983112591528 2.55119767315679e-09 100.640616381708 0.00125473872585213 0.9487 1.56539971207158
4.33867735470942 4.33591870082843 0.16116535710508 -0.00275865388098406 0.161172967276315 0.0135849640292106 99.2769183613572 0.00275865388098406 0.9501 1.57104012498334
-8.18637274549098 -8.25004814250181 0.187213259967539 -0.0636753970108259 0.191267816152026 11.567436625962 85.4640317826537 0.0636753970108259 0.9268 1.62418311965974
-10.2905811623246 -10.2080417009304 0.141346031402362 0.0825394613942105 0.148158794089609 50.9130084586903 113.197376970943 0.0825394613942105 0.9493 1.513415021464
8.49699398797595 8.4957391856875 0.158981392827267 -0.00125480228844665 0.15898296735605 1.56384063301491e-27 100.640708421671 0.00125480228844665 0.9499 1.56553653626216
2.23446893787575 2.20324228768192 0.125089984659946 -0.0312266501938385 0.126065088342274 37.5770352305052 127.907921993081 0.0312266501938385 0.9675 1.47678105946622
-14.4488977955912 -14.4501525973296 0.158981394172166 -0.00125480173837644 0.158982968699569 2.65740132901552e-12 100.640707570303 0.00125480173837644 0.9496 1.56540810032629
6.44288577154309 6.44163096716399 0.158981399459767 -0.00125480437910053 0.158982973993796 2.79543768535397e-12 100.640704223069 0.00125480437910053 0.949 1.56544732877476
-12.3446893787575 -12.3445020025035 0.16104587854443 0.000187376254023874 0.161045913654291 0.0132597941643913 99.3505710584567 0.000187376254023874 0.9496 1.5710335120319
-6.08216432865731 -6.0834398613009 0.159026533023116 -0.00127553264359115 0.159028160006641 1.08053119156088e-05 100.612141231012 0.00127553264359115 0.9489 1.56549176954901
0.180360721442886 0.189299972713266 0.169305176598162 0.00893925127037967 0.169385086811437 0.400551552540292 94.5039030789662 0.00893925127037967 0.9456 1.59141886225018
-4.02805611222445 -4.02931091451407 0.158981392831279 -0.00125480228962349 0.158982967360065 2.97756707617219e-17 100.640708419131 0.00125480228962349 0.949 1.56551548528139
4.38877755511022 4.38631436213596 0.160785731842846 -0.00246319297426112 0.160791799162474 0.00938157676197634 99.5113174323119 0.00246319297426112 0.9502 1.57002837452205
-1.87374749498998 -1.87500220111843 0.158981611041411 -0.00125470612844825 0.15898318532888 4.69635004449963e-09 100.640570284776 0.00125470612844825 0.9487 1.5653941015996
-8.13627254509018 -8.19560828733055 0.187661087201843 -0.0593357422403678 0.191181817509058 9.83929336190218 85.2600836890115 0.0593357422403678 0.9289 1.62562504796845
-10.2404809619238 -10.1613721386547 0.137564306808801 0.0791088232691592 0.143822512727832 53.2033944511535 116.309240174039 0.0791088232691592 0.9518 1.50402300441563
8.54709418837675 8.54583938608831 0.158981392827267 -0.00125480228844665 0.15898296735605 5.63182195811404e-28 100.640708421671 0.00125480228844665 0.9499 1.56553653626216
2.28456913827655 2.2477694874198 0.127424172669033 -0.0367996508567559 0.128778386972212 36.96048769339 125.564872542338 0.0367996508567559 0.9652 1.48237945367301
-14.3987975951904 -14.4000523965843 0.158981395003074 -0.00125480139389111 0.158982969529613 5.31098025424925e-12 100.640707044309 0.00125480139389111 0.9496 1.56538990703665
-12.2945891783567 -12.2940454881171 0.161492674668191 0.000543690239585004 0.161492970267268 0.019068519131309 99.0757013150856 0.000543690239585004 0.9492 1.57218813972021
6.49298597194389 6.49173116829885 0.158981397162841 -0.00125480364503794 0.158982971695029 1.3885908576145e-12 100.640705677102 0.00125480364503794 0.949 1.56546348439312
-6.03206412825651 -6.03333423885443 0.159015429575206 -0.00127011059792093 0.159017042756137 6.55306576933717e-06 100.619166597496 0.00127011059792093 0.9489 1.56546588110559
0.230460921843688 0.241093211354254 0.170537227606057 0.0106322895105652 0.170650273186294 0.529708116398865 93.8211569673231 0.0106322895105652 0.9447 1.5941440490793
-3.97795591182365 -3.97921071411278 0.158981392829611 -0.00125480228913277 0.158982967358396 1.58455580295382e-17 100.640708420186 0.00125480228913277 0.949 1.56551334439726
4.43887775551102 4.43665735415488 0.160462847665317 -0.00222040135614243 0.160467777847499 0.00642807910470204 99.7115546233592 0.00222040135614243 0.9497 1.56919955834332
-1.82364729458918 -1.82490195237218 0.158981718041715 -0.00125465778299794 0.158983292207868 8.57768851146837e-09 100.640502550122 0.00125465778299794 0.9487 1.5653891696564
-8.08617234468938 -8.14113942531629 0.187731474504778 -0.0549670806269109 0.190752854457423 8.29426774779476 85.2281166075473 0.0549670806269109 0.9299 1.62638132657475
8.59719438877756 8.59593958648911 0.158981392827267 -0.00125480228844665 0.15898296735605 2.01232814901986e-28 100.640708421671 0.00125480228844665 0.9499 1.56553653626216
2.33466933867735 2.29274448946972 0.130132330285752 -0.0419248492076334 0.131890023266834 36.2127200382014 122.951767365314 0.0419248492076334 0.963 1.48882868547432
-10.190380761523 -10.1153244498307 0.133957595983261 0.0750563116923821 0.139591045908125 55.3150233883331 119.440781857561 0.0750563116923821 0.9547 1.49496221293826
-14.3486973947896 -14.3499521956335 0.158981396321867 -0.0012548008438884 0.158982970847025 1.05313918343798e-11 100.640706209468 0.0012548008438884 0.9496 1.5653889510992
-12.2444889779559 -12.2435140160167 0.162015737297505 0.000974961939242291 0.162016687848288 0.0272086060154793 98.7558385801722 0.000974961939242291 0.9496 1.57353985538736
6.54308617234469 6.54183136918151 0.158981395642231 -0.00125480316318516 0.158982970173209 6.84372026254776e-13 100.640706639701 0.00125480316318516 0.949 1.56546997195673
-5.98196392785571 -5.98322998294518 0.159006931347964 -0.00126605508946476 0.159008534243454 3.94318264736731e-06 100.624544253271 0.00126605508946476 0.9489 1.56544727874998
0.280561122244489 0.293079272989992 0.171806074348098 0.0125181507455036 0.171962778446185 0.694785108649192 93.1282555678575 0.0125181507455036 0.9444 1.59690532268706
-3.92785571142285 -3.92911051371169 0.158981392828626 -0.00125480228884367 0.15898296735741 9.62203148890605e-18 100.64070842081 0.00125480228884367 0.949 1.56553806267186
4.48897795591182 4.48695579088712 0.160190353011466 -0.00202216502470076 0.160194442162853 0.00436994691839621 99.8811707397558 0.00202216502470076 0.9505 1.56838319957568
2.38476953907816 2.33822471385494 0.133169262654179 -0.0465448252232119 0.135335683409239 35.2026128571862 120.147845539624 0.0465448252232119 0.9604 1.49598448509804
-1.77354709418838 -1.77480168075793 0.158981874134014 -0.00125458656955102 0.158983448121475 1.55443850169809e-08 100.640403738811 0.00125458656955102 0.9487 1.56538958710765
8.64729458917836 8.64603978688991 0.158981392827267 -0.00125480228844665 0.15898296735605 7.13414857520759e-29 100.640708421671 0.00125480228844665 0.9499 1.5655360998826
-8.03607214428858 -8.08669611212503 0.187451506033223 -0.050623967836458 0.19001429215273 6.9292967909478 85.3554091860122 0.050623967836458 0.9316 1.62640913660935
-10.1402805611222 -10.0698702437847 0.130560605257229 0.0704103173375437 0.135518218044803 57.2632719410569 122.548451490991 0.0704103173375437 0.9569 1.48630833698881
-14.2985971943888 -14.2998519943608 0.158981398399514 -0.00125479997203293 0.158982972922484 2.07200315788923e-11 100.640704894246 0.00125479997203293 0.9496 1.56539675419882
-12.1943887775551 -12.1928952616573 0.162623065865558 0.00149351589779911 0.162625296455295 0.0385216722468485 98.3870271713321 0.00149351589779911 0.9494 1.57510987492263
6.59318637274549 6.59193156989661 0.158981394642458 -0.00125480284888191 0.158982969172648 3.34659886301126e-13 100.640707272591 0.00125480284888191 0.949 1.56544456983114
-5.93186372745491 -5.93312676383522 0.15900046088067 -0.00126303638031189 0.159002056141568 2.35420452709781e-06 100.628639133367 0.00126303638031189 0.9489 1.56543893169049
0.330661322645291 0.345261982512156 0.17308900015057 0.0146006598668653 0.173302179419118 0.903783054656456 92.4379942462062 0.0146006598668653 0.9433 1.59954868433385
-3.87775551102204 -3.87901031331072 0.158981392828049 -0.00125480228867492 0.158982967356833 6.15552900635573e-18 100.640708421175 0.00125480228867492 0.949 1.56553812355108
4.53907815631263 4.53721683110099 0.159962108367128 -0.00186132521164062 0.159965572898671 0.00294755427894556 100.023687880373 0.00186132521164062 0.95 1.56793259426603
2.43486973947896 2.38425808048739 0.136483462989272 -0.0506116589915737 0.139045003015151 33.944486033563 117.230319700033 0.0506116589915737 0.9581 1.50376891593865
8.69739478957916 8.69613998729071 0.158981392827267 -0.00125480228844665 0.15898296735605 2.50945238094694e-29 100.640708421671 0.00125480228844665 0.9499 1.5655360998826
-7.98597194388778 -8.03232791696343 0.186854557851304 -0.0463559730756549 0.189003434091095 5.7374706569611 85.6280959051186 0.0463559730756549 0.9321 1.62575674693916
-10.0901803607214 -10.0249750332444 0.127403126244618 0.0652053274770097 0.131654860976002 59.0074374720319 125.585615295495 0.0652053274770097 0.96 1.47812773112463
-1.72344689378757 -1.724701376169 0.158982100204452 -0.00125448238142445 0.158983673930497 2.79492578271541e-08 100.640260629492 0.00125448238142445 0.9487 1.56539493424669
-14.248496993988 -14.2497517925878 0.15898140164849 -0.0012547985998328 0.158982976168016 4.04472149483854e-11 100.640702837532 0.0012547985998328 0.9496 1.56539378518869
-12.1442885771543 -12.1421757156686 0.163322307869632 0.00211286148569023 0.163326772053289 0.0541144556142814 97.9657966428667 0.00211286148569023 0.9494 1.57694847883949
6.64328657314629 6.64203177050111 0.158981393989689 -0.00125480264518529 0.158982968519368 1.62371024458315e-13 100.640707685817 0.00125480264518529 0.949 1.56544754292156
-5.88176352705411 -5.88302432723126 0.158995559773326 -0.00126080017714969 0.158997149390412 1.39455686174071e-06 100.631741054974 0.00126080017714969 0.9488 1.56542807113563
0.380761523046093 0.397641310007797 0.174358800561905 0.0168797869617036 0.174643727769778 1.16583304172484 91.7647973514206 0.0168797869617036 0.9433 1.6021540471012
-3.82765531062124 -3.82891011290982 0.158981392827714 -0.00125480228857677 0.158982967356497 4.13611208838413e-18 100.640708421388 0.00125480228857677 0.949 1.56553577179068
4.58917835671343 4.58744672236987 0.159772315465757 -0.0017316343435585 0.159775314023257 0.00197259977658536 100.142505623442 0.0017316343435585 0.9502 1.56743588297197
2.48496993987976 2.430882143463 0.140017883653193 -0.0540877964167574 0.142943373374414 32.49533637422 114.271117249779 0.0540877964167574 0.9553 1.51201851279148
8.74749498997996 8.74624018769151 0.158981392827267 -0.00125480228844665 0.15898296735605 8.75808649896308e-30 100.640708421671 0.00125480228844665 0.9499 1.5655360998826
-10.0400801603206 -9.98059890332903 0.124510177149739 0.0594812569916101 0.128048197083041 60.4888111919067 128.503551808122 0.0594812569916101 0.9619 1.47053279585894
-7.93587174348697 -7.97807871668779 0.185978868376154 -0.0422069732008206 0.187760296962929 4.70875053005224 86.0312794657884 0.0422069732008206 0.9333 1.62448951552074
-1.67334669338677 -1.67460102436318 0.158982425277129 -0.00125433097641103 0.158983998623328 4.9860941764804e-08 100.64005484952 0.00125433097641103 0.9487 1.56540006022167
-14.1983967935872 -14.1996515900426 0.158981406691723 -0.00125479645545745 0.158982981205868 7.83394314423147e-11 100.640699644992 0.00125479645545745 0.9496 1.56539225647531
-12.0941883767535 -12.0913407714027 0.16412040842074 0.0028476053507589 0.164128517276974 0.0754275138051525 97.4893991183735 0.0028476053507589 0.9494 1.57900883889055
-5.83166332665331 -5.83292247816404 0.158991866475368 -0.00125915151073741 0.158993451937895 8.19639423980026e-07 100.634078677722 0.00125915151073741 0.9487 1.5654205265591
6.69338677354709 6.69213197103306 0.158981393566476 -0.00125480251403243 0.158982968095825 7.81640158899611e-14 100.640707953725 0.00125480251403243 0.949 1.56541907438384
0.430861723446894 0.45021269792267 0.17558401277041 0.0193509744757762 0.175958472983572 1.49114582832725 91.1244694066837 0.0193509744757762 0.9413 1.60448145991353
-3.77755511022044 -3.77880991250896 0.15898139282752 -0.00125480228852037 0.158982967356303 3.1466687716638e-18 100.64070842151 0.00125480228852037 0.949 1.56552995591802
4.63927855711423 4.63765086111699 0.159615605746623 -0.00162769599723589 0.159618255140882 0.00130980985576863 100.24082498173 0.00162769599723589 0.9499 1.56697136961072
2.53507014028056 2.4781234583718 0.143710939192008 -0.0569466819087623 0.146953863772425 30.8721675076301 111.334600483147 0.0569466819087623 0.9511 1.52057851648304
-9.98997995991984 -9.93669718973509 0.121902303498194 0.0532827701847509 0.124741357096755 61.6988171809675 131.252646921779 0.0532827701847509 0.9632 1.46362195035537
8.79759519038076 8.79634038809231 0.158981392827267 -0.00125480228844665 0.15898296735605 3.03272452455041e-30 100.640708421671 0.00125480228844665 0.9499 1.5655360998826
-7.88577154308617 -7.92398620595963 0.184866010322885 -0.0382146628734601 0.186326370781417 3.83076723108275 86.5491713271388 0.0382146628734601 0.9356 1.62259686650719
-1.62324649298597 -1.62450060541585 0.158982889364551 -0.00125411242988105 0.158984462162538 8.82559788489724e-08 100.639761070839 0.00125411242988105 0.9487 1.56540169232914
-14.1482965931864 -14.1495513863144 0.158981414462569 -0.00125479312803201 0.158982988968363 1.50544816003905e-10 100.64069472578 0.00125479312803201 0.9496 1.5653872298921
-12.0440881763527 -12.0403748719761 0.165023201499367 0.00371330437664952 0.165036990128761 0.10431639642159 96.9560634785123 0.00371330437664952 0.9486 1.5813038250042
-5.78156312625251 -5.78282106799996 0.158989097608921 -0.00125794174745053 0.158990680026361 4.7797357434817e-07 100.63583126534 0.00125794174745053 0.9488 1.56541630248226
6.7434869739479 6.74223217151775 0.158981393294038 -0.00125480243014664 0.158982967823177 3.73334959614741e-14 100.640708126188 0.00125480243014664 0.949 1.56541152665193
0.480961923847696 0.502966437950859 0.176729378216137 0.0220045141031627 0.177213576857053 1.89087709892971 90.5339008233951 0.0220045141031627 0.9412 1.60652871008192
-3.72745490981964 -3.72870971210813 0.15898139282741 -0.00125480228848796 0.158982967356193 2.58507678733352e-18 100.64070842158 0.00125480228848796 0.949 1.56553180489196
4.68937875751503 4.68783386301668 0.159487093897963 -0.00154489449834827 0.159489480596974 0.000862919041906609 100.32159724621 0.00154489449834827 0.9496 1.56663256502891
2.58517034068136 2.52599720668292 0.147497744892369 -0.0591731339984447 0.150999204679567 29.1150497603069 108.476234749727 0.0591731339984447 0.9487 1.52935180050192
-9.93987975951904 -9.89322114535419 0.119595995004884 0.0466586141648424 0.121773021280667 62.6618932884902 133.783744174265 0.0466586141648424 0.9655 1.45751468759431
8.84769539078156 8.84644058849312 0.158981392827267 -0.00125480228844665 0.15898296735605 1.04195786752747e-30 100.640708421671 0.00125480228844665 0.9499 1.5655360998826
-7.83567134268537 -7.87008162440743 0.183559344573157 -0.0344102817220637 0.184743412061349 3.08962698259495 87.1652709220871 0.0344102817220637 0.9367 1.62035178563514
-1.57314629258517 -1.57440009165418 0.158983547188346 -0.00125379906900935 0.158985119200451 1.5499627351413e-07 100.639344655236 0.00125379906900935 0.9488 1.56540460669571
-14.0981963927856 -14.0994511807867 0.158981426348493 -0.00125478800113932 0.158983000841421 2.87041578916548e-10 100.640687201582 0.00125478800113932 0.9496 1.56539049452314
-11.9939879759519 -11.9892617248249 0.166034948457512 0.00472625112702474 0.166057285907227 0.143145663231581 96.365254114524 0.00472625112702474 0.948 1.58378540314189
-5.7314629258517 -5.73271998406108 0.15898703242556 -0.00125705820937583 0.158988612620901 2.76553555014815e-07 100.637138487955 0.00125705820937583 0.9488 1.56541460335225
6.7935871743487 6.79233237197184 0.158981393119917 -0.00125480237685505 0.158982967648922 1.76922846099835e-14 100.640708236413 0.00125480237685505 0.949 1.56540701801103
0.531062124248498 0.555887132616205 0.177756553228233 0.0248250083677067 0.17837283426869 2.37688991826023 90.0107462111767 0.0248250083677067 0.9398 1.60813226376763
-3.67735470941884 -3.67860951170731 0.158981392827347 -0.00125480228846975 0.15898296735613 2.32073528133906e-18 100.64070842162 0.00125480228846975 0.949 1.56555081400296
4.73947895791583 4.73799963902507 0.159382402470147 -0.00147931889076069 0.159384590854528 0.00056405917805799 100.387494177702 0.00147931889076069 0.9501 1.5663964825946
2.63527054108216 2.57450709504441 0.151311574537245 -0.0607634460377535 0.155003770911628 27.1871071566116 105.742075904852 0.0607634460377535 0.9445 1.53817880198611
-9.88977955911824 -9.8501185788311 0.117604174584796 0.0396609802871346 0.119177167942132 63.4368277663831 136.049592257149 0.0396609802871346 0.9676 1.4522150057766
8.89779559118237 8.89654078889392 0.158981392827267 -0.00125480228844665 0.15898296735605 3.55190069472282e-31 100.640708421671 0.00125480228844665 0.9499 1.5655360998826
-7.78557114228457 -7.81638969173024 0.182102531521353 -0.0308185494456694 0.183052314511288 2.47066347774553 87.8625896429336 0.0308185494456694 0.9385 1.61763420763378
-1.52304609218437 -1.52429944492143 0.158984472988087 -0.0012533527370604 0.15898604388117 2.70079635744424e-07 100.638758611345 0.0012533527370604 0.9485 1.56541298707713
-14.0480961923848 -14.0493509725416 0.158981444395797 -0.00125478015684699 0.158983018869039 5.43022031615034e-10 100.640675777022 0.00125478015684699 0.9487 1.56539157364117
-11.9438877755511 -11.9379845902774 0.167157834042914 0.0059031852736755 0.16719268163929 0.194895328614867 95.7179188855266 0.0059031852736755 0.9468 1.58643715157044
-5.6813627254509 -5.68261914139442 0.158985499994899 -0.00125641594351489 0.158987078575922 1.58762822222127e-07 100.63810850998 0.00125641594351489 0.9488 1.56541064659439
6.8436873747495 6.84243257240627 0.158981393009436 -0.0012548023432295 0.158982967538356 8.31883741275517e-15 100.640708306351 0.0012548023432295 0.949 1.56539464078808
0.581162324649299 0.60895327759317 0.178625069073492 0.0277909529438712 0.17939740613902 2.96139908477848 89.5730934240652 0.0277909529438712 0.9384 1.6093256764444
4.78957915831663 4.78815147321307 0.159297663409955 -0.00142768510356461 0.15929970169471 0.000365824099905964 100.440895726284 0.00142768510356461 0.9499 1.56622745753798
-3.62725450901804 -3.62850931130649 0.158981392827312 -0.00125480228845909 0.158982967356096 2.24848830157723e-18 100.640708421641 0.00125480228845909 0.9487 1.56556884232702
2.68537074148297 2.6236455393974 0.155085499540508 -0.0617252020855639 0.158895500113012 25.2159034366562 103.168897462401 0.0617252020855639 0.941 1.54689380488632
-9.83967935871743 -9.80733445331129 0.115936717543704 0.0323449054061431 0.116982910449437 64.0510017680601 138.006322233235 0.0323449054061431 0.9692 1.44772493599188
8.94789579158317 8.94664098929472 0.158981392827267 -0.00125480228844665 0.15898296735605 1.20133722341575e-31 100.640708421671 0.00125480228844665 0.9499 1.5655360998826
-7.73547094188377 -7.76292873340837 0.180538166108048 -0.0274577915246024 0.181292096423457 1.95909283569645 88.6239200548007 0.0274577915246024 0.939 1.61453292992563
-1.47294589178357 -1.47419861298454 0.158985766673691 -0.00125272120096898 0.158987335984098 4.66934413657005e-07 100.637939702106 0.00125272120096898 0.9488 1.56542965517206
-13.997995991984 -13.9992507602223 0.158981471598734 -0.00125476823831505 0.158983046042066 1.0192571052015e-09 100.640658556638 0.00125476823831505 0.9487 1.56538898925446
-11.8937875751503 -11.8865266484053 0.168391435539193 0.00726092674501722 0.168444156596389 0.263278177738749 95.0167088294467 0.00726092674501722 0.9473 1.58936271010708
-5.6312625250501 -5.63251847629388 0.158984368740163 -0.0012559512437802 0.15898594615369 9.04299913120505e-08 100.638824601365 0.0012559512437802 0.9488 1.56540735315647
6.8937875751503 6.89253277282814 0.158981392939846 -0.00125480232215924 0.158982967468714 3.88092113498172e-15 100.640708350404 0.00125480232215924 0.949 1.56535172692466
0.631262525050101 0.662136999813594 0.17929352666974 0.0308744747634933 0.180246759861661 3.65648943352262 89.2391392884593 0.0308744747634933 0.9374 1.60997123665482
4.83967935871744 4.83829209941536 0.159229502007244 -0.0013872593020805 0.159231426495615 0.000235403612142754 100.483891479307 0.0013872593020805 0.9495 1.56599473359499
-3.57715430861723 -3.57840911090569 0.158981392827294 -0.00125480228845243 0.158982967356078 2.32341977463879e-18 100.640708421653 0.00125480228845243 0.9492 1.56556127910476
2.73547094188377 2.67339413443214 0.15875415082864 -0.0620768074516254 0.162607680852026 23.1939462822597 100.784766360349 0.0620768074516254 0.9385 1.55542633826964
-9.78957915831663 -9.76481143859014 0.1146009630179 0.0247677197264942 0.11521440295835 64.503836756712 139.614882621021 0.0247677197264942 0.9698 1.44411573171983
8.99799599198397 8.99674118969552 0.158981392827267 -0.00125480228844665 0.15898296735605 4.03146148015965e-32 100.640708421671 0.00125480228844665 0.9499 1.5655360998826
-7.68537074148297 -7.70971097344739 0.17890658986853 -0.024340231964425 0.179499036760612 1.540546418808 89.4321445160719 0.024340231964425 0.9405 1.61127681031057
-1.42284569138276 -1.42409752485695 0.158987561615085 -0.00125183347418467 0.158989128702132 8.00964722256204e-07 100.636803517602 0.00125183347418467 0.9488 1.56540763491555
-13.9478957915832 -13.9491505418379 0.158981512304236 -0.0012547502546969 0.158983086702438 1.89820768716196e-09 100.640632788682 0.0012547502546969 0.9487 1.565399433902
-11.8436873747495 -11.834871445453 0.169732186195381 0.00881592929648178 0.169809906804741 0.352864868125355 94.2661516277308 0.00881592929648178 0.9461 1.59252137075299
0.681362725450903 0.715403983109676 0.179720993292121 0.0340412576587729 0.180879800515112 4.47351166899593 89.0268838765731 0.0340412576587729 0.9368 1.61000798952371
-5.5811623246493 -5.58241794123843 0.158983537963801 -0.00125561658913309 0.15898511453682 5.11058012335501e-08 100.639350494534 0.00125561658913309 0.9487 1.56540707123536
6.9438877755511 6.94263297324206 0.158981392896335 -0.00125480230904795 0.15898296742517 1.79638930362948e-15 100.640708377948 0.00125480230904795 0.949 1.56539344016815
4.88977955911824 4.88842377446862 0.159175008216666 -0.00135578464962105 0.159176846368682 0.000150295922197421 100.518292282549 0.00135578464962105 0.9494 1.5659000220152
2.78557114228457 2.72372439853609 0.16225552719368 -0.0618467437484833 0.166080546905971 21.1383873398792 98.6098919200528 0.0618467437484833 0.9367 1.56358691156192
-3.52705410821643 -3.52830891050488 0.158981392827287 -0.00125480228844799 0.15898296735607 2.69400842630979e-18 100.640708421658 0.00125480228844799 0.9496 1.56555761247811
-9.73947895791583 -9.72249041479716 0.113602184998152 0.0169885431186767 0.113890795595447 64.7879768246574 140.842361441026 0.0169885431186767 0.9705 1.44142891210213
9.04809619238477 9.04684139009632 0.158981392827267 -0.00125480228844665 0.15898296735605 1.34231226087144e-32 100.640708421671 0.00125480228844665 0.9499 1.5655360998826
-7.63527054108216 -7.65674296637625 0.177244918065298 -0.021472425294089 0.177705983113308 1.20147302914409 90.2705712222765 0.021472425294089 0.9422 1.60797588465897
-1.37274549098196 -1.37399608476199 0.158990034399034 -0.00125059378003201 0.158991598383837 1.36321499496353e-06 100.635238305837 0.00125059378003201 0.9491 1.56542183109283
-13.8977955911824 -13.8990503144887 0.158981572773424 -0.00125472330629783 0.158983147104 3.50749790253486e-09 100.640594509671 0.00125472330629783 0.9487 1.56539588622872
0.731462925851703 0.768713607532058 0.179868550243447 0.0372506816803551 0.181256163529099 5.42237481557768 88.9538497883283 0.0372506816803551 0.9367 1.60933331124702
-11.7935871743487 -11.7830034174861 0.171172859535157 0.0105837568625891 0.171284875444483 0.469211761380013 93.472762232577 0.0105837568625891 0.9458 1.5957998052292
-5.5310621242485 -5.53231750096418 0.158982931040474 -0.0012553767156831 0.158984507011172 2.86564163282678e-08 100.639734689045 0.0012553767156831 0.9487 1.56540452611028
6.9939879759519 6.99273317365096 0.158981392869331 -0.00125480230094777 0.158982967398146 8.25010669924396e-16 100.640708395042 0.00125480230094777 0.949 1.5654296344516
4.93987975951904 4.93854834647856 0.15913169967286 -0.00133141304048134 0.159133472333544 9.52082547057488e-05 100.54564887381 0.00133141304048134 0.9494 1.56577073797945
2.83567134268537 2.77459877353174 0.165532761660969 -0.0610725691536338 0.169262620363995 19.0970456872378 96.6576032409215 0.0610725691536338 0.9338 1.57128980540937
-3.47695390781563 -3.47820871010407 0.158981392827287 -0.00125480228844399 0.15898296735607 3.39582534596805e-18 100.640708421657 0.00125480228844399 0.9496 1.56553465677365
-9.68937875751503 -9.68031093036041 0.112943996097573 0.00906782715461851 0.113026221586879 64.9762478496901 141.663129983266 0.00906782715461851 0.9716 1.43965252446538
9.09819639278557 9.09694159049712 0.158981392827267 -0.00125480228844665 0.15898296735605 4.43443263295739e-33 100.640708421671 0.00125480228844665 0.9499 1.5655360998826
-7.58517034068136 -7.60402613837722 0.17558630365574 -0.0188557976958528 0.175941844762487 0.929415025005551 91.1232805001129 0.0188557976958528 0.9432 1.60448547491447
0.781563126252506 0.822019320733449 0.179700923437666 0.0404561944809435 0.181337627109546 6.51077264255356 89.0368268227071 0.0404561944809435 0.9356 1.60793139395619
-1.32264529058116 -1.32389416441041 0.158993416913716 -0.00124887382924466 0.158994976599557 2.30201834885927e-06 100.633097335615 0.00124887382924466 0.9489 1.56542086370667
-13.8476953907816 -13.8489500739821 0.158981661953736 -0.00125468320049649 0.15898323618367 6.43050169679091e-09 100.640538055615 0.00125468320049649 0.9487 1.56539007374911
-11.7434869739479 -11.7309084846235 0.172702105894592 0.0125784893243974 0.172860324288276 0.618984019514027 92.6450775867523 0.0125784893243974 0.9452 1.59920275699938
4.98997995991984 4.98866731712396 0.159097480009315 -0.00131264279588184 0.159099203040424 5.98405238556886e-05 100.567274849754 0.00131264279588184 0.9494 1.5656702211829
-5.4809619238477 -5.48221712943682 0.15898248999179 -0.00125520558912307 0.158984065532861 1.59429050002629e-08 100.640013883455 0.00125520558912307 0.9487 1.56540866839635
7.04408817635271 7.04283337405673 0.158981392852697 -0.00125480229597841 0.158982967381499 3.75934455706495e-16 100.640708405572 0.00125480229597841 0.949 1.56544880344733
2.88577154308617 2.82597184777923 0.168535752446366 -0.0597996953069453 0.17211175600517 17.1019040637881 94.9353461669312 0.0597996953069453 0.9334 1.57846030333095
-3.42685370741483 -3.42810850970327 0.158981392827296 -0.00125480228843822 0.158982967356079 4.26571025809071e-18 100.640708421652 0.00125480228843822 0.9496 1.56551604828124
-9.63927855711423 -9.63821162105123 0.112628663107129 0.00106693606299935 0.112629801459692 65.0314131526115 142.059752452013 0.00106693606299935 0.9729 1.43885866607246
9.14829659318637 9.14704179089793 0.158981392827267 -0.00125480228844665 0.15898296735605 1.45350331938871e-33 100.640708421671 0.00125480228844665 0.9499 1.5655360998826
-7.53507014028056 -7.55155740669534 0.173959443823009 -0.0164872664147806 0.174231273776841 0.713171810974673 91.975460764745 0.0164872664147806 0.9447 1.60098696767061
0.831663326653308 0.875269250276437 0.17918811514675 0.0436059236231293 0.181089591721776 7.74340003553428 89.2916362611241 0.0436059236231293 0.9343 1.60575458519467
-13.7975951903808 -13.7988498143001 0.158981792531094 -0.00125462391933873 0.158983366612273 1.16973120842715e-08 100.640455395989 0.00125462391933873 0.9487 1.56539819909468
-1.27254509018036 -1.27379159321045 0.158998011141922 -0.00124650303008833 0.158999564911726 3.85697360315012e-06 100.630189554499 0.00124650303008833 0.9489 1.56540694747569
-11.6933867735471 -11.6785747044607 0.174304076113715 0.0148120690863465 0.174523473504334 0.810063704240396 91.793607795848 0.0148120690863465 0.9443 1.60265300667147
5.04008016032064 5.03878189747741 0.15907059536895 -0.00129826284323364 0.15907228085536 3.73172451536106e-05 100.584271800137 0.00129826284323364 0.9497 1.56565360100869
2.93587174348697 2.87779176128675 0.171222568230762 -0.0580799822002245 0.174595852563141 15.17155535644 93.4456255698505 0.0580799822002245 0.9327 1.58500001098587
-5.43086172344689 -5.43211680753317 0.158982171194454 -0.00125508408627439 0.158983746430517 8.80049071583374e-09 100.64021569079 0.00125508408627439 0.9487 1.56541005720134
7.09418837675351 7.09293357446056 0.158981392842527 -0.00125480229295238 0.158982967371321 1.69964476453359e-16 100.64070841201 0.00125480229295238 0.949 1.56546690168611
-3.37675350701403 -3.37800830930246 0.158981392827316 -0.00125480228842934 0.158982967356099 5.92964561398588e-18 100.640708421639 0.00125480228842934 0.9496 1.5655138794135
-9.58917835671343 -9.59613060020128 0.112657319044812 -0.0069522434878504 0.112705652734327 65.016951166933 142.023617601228 0.0069522434878504 0.9721 1.43907521088124
9.19839679358718 9.19714199129873 0.158981392827267 -0.00125480228844665 0.15898296735605 4.72702017794683e-34 100.640708421671 0.00125480228844665 0.9499 1.5655360998826
-7.48496993987976 -7.49932984710968 0.172388320307263 -0.0143599072299194 0.172594527242914 0.542869169768094 92.8137125037347 0.0143599072299194 0.9454 1.59752098926344
0.881763527054108 0.928407054897122 0.17830694671614 0.0466435278430141 0.180482565405782 9.12123072890623 89.7329032585117 0.0466435278430141 0.9353 1.60275647077341
5.09018036072144 5.08889305719949 0.159049591303002 -0.00128730352194939 0.15905124845336 2.30896415222364e-05 100.597554944475 0.00128730352194939 0.9492 1.56555592914108
-13.74749498998 -13.7487495268674 0.158981982350725 -0.00125453688742994 0.158983556213527 2.11115987337374e-08 100.64033523436 0.00125453688742994 0.9487 1.56539481318008
2.98597194388778 2.93000174302962 0.173560548669363 -0.0559702008581557 0.176693212053465 13.3329105964132 92.1868484668161 0.0559702008581557 0.9321 1.59082254255273
-1.22244488977956 -1.22368814597209 0.159004207047679 -0.00124325619253307 0.15900575273364 6.41177110167499e-06 100.626268304978 0.00124325619253307 0.9485 1.56545189038806
-11.6432865731463 -11.6259929682364 0.175958169185189 0.0172936049099341 0.17625723795597 1.05162958375358 90.930702871548 0.0172936049099341 0.9432 1.60627843300294
-5.38076152304609 -5.38201652127688 0.158981942009279 -0.00125499823078989 0.158983517029838 4.81992326842911e-09 100.640360771704 0.00125499823078989 0.9487 1.56541515805752
7.14428857715431 7.14303377486319 0.158981392836356 -0.00125480229112274 0.158982967365146 7.62425918136229e-17 100.640708415917 0.00125480229112274 0.949 1.56548763009916
-3.32665330661323 -3.32790810890164 0.158981392827356 -0.00125480228841335 0.158982967356139 9.34942829312705e-18 100.640708421614 0.00125480228841335 0.9496 1.5655106812658
-9.53907815631263 -9.55400583255999 0.113030061772934 -0.0149276762473693 0.11325289729108 64.8573428666962 141.55526192795 0.0149276762473693 0.9721 1.44023359403798
9.24849699398798 9.24724219169953 0.158981392827267 -0.00125480228844665 0.15898296735605 1.52528973065579e-34 100.640708421671 0.00125480228844665 0.9499 1.5655360998826
-7.43486973947896 -7.44733338102645 0.170892152797388 -0.0124636415474955 0.171047495158012 0.409954707261009 93.6263002021504 0.0124636415474955 0.946 1.59423585471864
0.93186372745491 0.981373001214661 0.177042420406051 0.0495092737597504 0.179493588594269 10.6409360048409 90.3738209368333 0.0495092737597504 0.9349 1.59891823726862
5.14028056112225 5.13900156725192 0.159033271629762 -0.00127899387032571 0.159034907455082 1.41748425598266e-05 100.607878062453 0.00127899387032571 0.9489 1.5655205232145
3.03607214428858 2.98254172442554 0.17552703920675 -0.0535304198630366 0.178392545057462 11.6056832655173 91.1540471046968 0.0535304198630366 0.9322 1.59590413342141
-13.6973947895792 -13.6986491995525 0.158982256318233 -0.00125440997331872 0.158983829862614 3.78050697256545e-08 100.640161805057 0.00125440997331872 0.9487 1.56540136089637
-11.5931863727455 -11.5731577182159 0.177638940361472 0.0200286545295416 0.178040087363736 1.35419235637343 90.0703413758385 0.0200286545295416 0.9432 1.60978287100101
-1.17234468937876 -1.17358352761102 0.159012503921083 -0.00123883823225968 0.159014038641249 1.05755462250994e-05 100.621017878825 0.00123883823225968 0.9495 1.56547387050145
-5.33066132264529 -5.33191626050404 0.158981778151722 -0.00125493785874742 0.158983353020752 2.61919072356624e-09 100.640464498583 0.00125493785874742 0.9487 1.5654259646303
7.19438877755511 7.19313397526509 0.15898139283264 -0.00125480229002495 0.158982967361427 3.39336521712233e-17 100.640708418269 0.00125480229002495 0.949 1.56547689332735
-3.27655310621243 -3.27780790850081 0.158981392827431 -0.00125480228838448 0.158982967356214 1.54799779353406e-17 100.640708421567 0.00125480228838448 0.9496 1.56550049579056
-9.48897795591182 -9.51177550562267 0.11374593442186 -0.0227975497108464 0.114265662694679 64.5561920100777 140.664368193234 0.0227975497108464 0.9712 1.44234289870052
9.29859719438878 9.29734239210033 0.158981392827267 -0.00125480228844665 0.15898296735605 4.88326956003504e-35 100.640708421671 0.00125480228844665 0.9499 1.5655360998826
0.981963927855713 1.03410524076525 0.175388814520584 0.0521413129095372 0.178107531032514 12.2945212341906 91.2258860049608 0.0521413129095372 0.9341 1.59433414691924
-7.38476953907816 -7.39555545648351 0.169485535809662 -0.0107859174053502 0.169601871823937 0.307139143334894 94.4033360933441 0.0107859174053502 0.9464 1.5910484274515
5.19038076152305 5.18910803648311 0.159020660289099 -0.00127272503993758 0.159022280118126 8.63401392304111e-06 100.615856901311 0.00127272503993758 0.9493 1.56551515673135
3.08617234468938 3.03534996948567 0.177109722498931 -0.0508223752037118 0.179692636320278 10.0053469921001 90.3394786816209 0.0508223752037118 0.9325 1.60019637507726
-13.6472945891784 -13.6485488153167 0.158982648919737 -0.00125422613832171 0.158984222002943 6.71696206465051e-08 100.639913278069 0.00125422613832171 0.9488 1.56541581020045
-11.5430861723447 -11.520067660015 0.17931620331515 0.0230185123296511 0.17984605522502 1.72956648331883 89.2278539484792 0.0230185123296511 0.9421 1.61315578428177
-1.12224448897796 -1.12347735430795 0.159023535493535 -0.00123286532999778 0.159025055450457 1.7306970630357e-05 100.614037729342 0.00123286532999778 0.9492 1.56552064663789
-5.28056112224449 -5.28181601785984 0.158981661654473 -0.00125489561535286 0.158983236417478 1.41217283186706e-09 100.640538245059 0.00125489561535286 0.9487 1.56542131771005
7.24448897795591 7.24323417566654 0.15898139283042 -0.00125480228937036 0.158982967359205 1.49850093502011e-17 100.640708419675 0.00125480228937036 0.949 1.56551953809832
-3.22645290581162 -3.22770770809996 0.158981392827566 -0.00125480228833208 0.158982967356349 2.87400602235442e-17 100.640708421481 0.00125480228833208 0.9496 1.56548567449716
-9.43887775551102 -9.4693784125648 0.114802787995937 -0.0305006570537731 0.115733078076649 64.2419946066375 139.369437618242 0.0305006570537731 0.9704 1.44540223254633
9.34869739478958 9.34744259250113 0.158981392827267 -0.00125480228844665 0.15898296735605 1.55118112748869e-35 100.640708421671 0.00125480228844665 0.9499 1.5655360998826
1.03206412825651 1.08654125124724 0.173350439602661 0.0544771229907208 0.176318196532007 14.0692414446672 92.2985833590837 0.0544771229907208 0.9345 1.58892456058613
-7.33466933867735 -7.34398170084727 0.168178724032892 -0.00931236216991937 0.168265444122076 0.22830114969738 95.1368854295195 0.00931236216991937 0.9472 1.58806061617945
3.13627254509018 3.08836466203711 0.178306534654774 -0.0479078830530701 0.1806016999134 8.54272173373774 89.7331106287172 0.0479078830530701 0.9327 1.60367656271274
5.24048096192385 5.23921294257744 0.159010966792967 -0.00126801934640763 0.15901257466603 5.21795942991851e-06 100.621990562651 0.00126801934640763 0.9494 1.5654520938763
-13.5971943887776 -13.5984483504008 0.158983207531331 -0.00125396162319724 0.158984779951084 1.18410371556844e-07 100.639559664481 0.00125396162319724 0.9487 1.56541516446475
-11.4929859719439 -11.4667264395667 0.180955354098744 0.0262595323772015 0.181644917139414 2.19075840476643 88.4195998493035 0.0262595323772015 0.9406 1.61632077489968
-1.07214428857715 -1.07336913053932 0.159038099040614 -0.00122484196216743 0.159039599278446 2.81017101336602e-05 100.604824230916 0.00122484196216743 0.9488 1.56552131552389
-5.23046092184369 -5.23171578804862 0.158981579298995 -0.00125486620493298 0.158983153988188 7.55444002704731e-10 100.640590378769 0.00125486620493298 0.9487 1.56541294613651
7.29458917835671 7.29333437606773 0.158981392829103 -0.00125480228898311 0.158982967357887 6.56563740348167e-18 100.640708420508 0.00125480228898311 0.949 1.565533511397
-3.17635270541082 -3.17760750769906 0.158981392827809 -0.00125480228823749 0.158982967356592 5.71682807035565e-17 100.640708421327 0.00125480228823749 0.9496 1.56550358675785
-9.38877755511022 -9.42675436016827 0.116197031836946 -0.0379768050580473 0.117639269559363 63.7636261567946 137.697148946559 0.0379768050580473 0.9697 1.44939519575985
9.39879759519038 9.39754279290193 0.158981392827267 -0.00125480228844665 0.15898296735605 4.88886210848277e-36 100.640708421671 0.00125480228844665 0.9499 1.5655360998826
1.08216432865731 1.13861939621148 0.170942003700379 0.0564550675541657 0.174129178352925 15.9478291105193 93.5989964645798 0.0564550675541657 0.9354 1.58276970113537
-7.28456913827655 -7.29259652703639 0.166978028938477 -0.00802738875983522 0.167042467908778 0.168370624429823 95.8209897536593 0.00802738875983522 0.9479 1.58525014277108
3.18637274549098 3.14152539380703 0.179125180572768 -0.0448473516839485 0.181136465525831 7.22387492755398 89.3230083500191 0.0448473516839485 0.9328 1.6063194464927
5.29058116232465 5.28931665793752 0.159003555535087 -0.00126450438713022 0.159005154506432 3.12883101286121e-06 100.626680618279 0.00126450438713022 0.9492 1.56543753353787
-13.5470941883768 -13.5483477719111 0.158983996723705 -0.00125358353434635 0.158985568195383 2.07109806421694e-07 100.639060092357 0.00125358353434635 0.9488 1.56541013082716
-11.4428857715431 -11.4131432516133 0.182517935663737 0.0297425199297656 0.183402553155509 2.75175138133468 87.6626176042103 0.0297425199297656 0.9394 1.61914318217168
-1.02204408817635 -1.02325822137325 0.159057188542158 -0.0012141331969 0.159058662661578 4.52728543924448e-05 100.592749982873 0.0012141331969 0.9492 1.56560266502194
-5.18036072144289 -5.1816155672763 0.158981521415718 -0.00125484583341251 0.158983096053783 4.00968608898388e-10 100.640627020809 0.00125484583341251 0.9487 1.56540298053407
7.34468937875751 7.34343457646876 0.158981392828328 -0.00125480228875663 0.158982967357112 2.85423832109925e-18 100.640708420999 0.00125480228875663 0.949 1.56555159710296
-3.12625250501002 -3.12750730729809 0.158981392828244 -0.00125480228806785 0.158982967357027 1.19305628549982e-16 100.640708421052 0.00125480228806785 0.9496 1.56548563760018
-9.33867735470942 -9.38384461335952 0.117923283211052 -0.045167258650098 0.119963364465017 63.0815122467157 135.681432574805 0.045167258650098 0.9682 1.45428973683166
9.44889779559118 9.44764299330274 0.158981392827267 -0.00125480228844665 0.15898296735605 1.52878539733342e-36 100.640708421671 0.00125480228844665 0.9499 1.5655360998826
3.23647294589178 3.1947745039308 0.179582286563643 -0.0416984419609814 0.181321046625616 6.05032538907084 89.0956469380385 0.0416984419609814 0.9338 1.60819243128373
1.13226452905812 1.19028054983778 0.168188559690812 0.0580160207796654 0.171554418357918 17.9090308532841 95.1313218295793 0.0580160207796654 0.9362 1.57593544338369
-7.23446893787575 -7.24138367949114 0.165886290120976 -0.00691474161538608 0.165934103772584 0.123202235297679 96.451611452228 0.00691474161538608 0.9475 1.5826720627856
5.34068136272545 5.33941947110003 0.158997918975859 -0.00126189162541923 0.158999511346333 1.86147400410362e-06 100.630247886636 0.00126189162541923 0.9491 1.56543487638415
-11.3927855711423 -11.3593333453905 0.183962449599336 0.0334522257518266 0.185081501007087 3.42717043583445 86.9742712974712 0.0334522257518266 0.9387 1.62182922978004
-13.496993987976 -13.4982470346331 0.158985103806846 -0.00125304665714054 0.158986673932771 3.59422894801133e-07 100.638359298357 0.00125304665714054 0.9489 1.56541617595148
-0.97194388777555 -0.973143819428989 0.1590820317588 -0.00119993165343812 0.159083471594773 7.23663091427391e-05 100.577040807846 0.00119993165343812 0.9491 1.5656767428156
-5.13026052104208 -5.13151535283824 0.158981480971902 -0.00125483179615671 0.158983055574739 2.11160225039154e-10 100.640652623105 0.00125483179615671 0.949 1.56539401200754
7.39478957915832 7.39353477686969 0.158981392827875 -0.00125480228862429 0.158982967356659 1.23111049256039e-18 100.640708421285 0.00125480228862429 0.949 1.56555234084725
-3.07615230460922 -3.07740710689699 0.158981392829015 -0.0012548022877672 0.158982967357796 2.47006066190939e-16 100.640708420564 0.0012548022877672 0.9496 1.56550048947361
9.49899799599199 9.49774319370354 0.158981392827267 -0.00125480228844665 0.15898296735605 4.74327959785036e-37 100.640708421671 0.00125480228844665 0.9499 1.5655360998826
-9.28857715430862 -9.34059238526868 0.119973933184623 -0.0520152309600661 0.122679517436452 62.2674584738685 133.362302754368 0.0520152309600661 0.9667 1.46002949015319
3.28657314629259 3.24805823006359 0.179702248402839 -0.0385149162289911 0.181185647174965 5.01950405534891 89.036170344028 0.0385149162289911 0.9344 1.60924370570074
1.18236472945892 1.24146972856594 0.165125034914674 0.0591049991070263 0.168618435834115 19.9284110965046 96.8962702007469 0.0591049991070263 0.9383 1.56853719874123
-7.18436873747495 -7.19032671057659 0.164903387732882 -0.00595797310164148 0.164938885176362 0.0894481177582149 97.026508793849 0.00595797310164148 0.949 1.58039333382782
5.39078156312625 5.3895216042813 0.158993654547777 -0.00125995884495289 0.158995242044068 1.09881683132069e-06 100.63294692803 0.00125995884495289 0.9489 1.56540769367464
-11.3426853707415 -11.3053183939166 0.185245406885393 0.0373669768248845 0.186641697842424 4.23181768107513 86.3719120976578 0.0373669768248845 0.937 1.62385295933199
-13.4468937875751 -13.4481460768589 0.158986645901254 -0.00125228928377652 0.158988214129704 6.18878032282995e-07 100.637383154416 0.00125228928377652 0.9489 1.5654263369903
-0.921843687374748 -0.923024905937056 0.159114130802141 -0.00118121856230802 0.159115526079433 0.000114769995496752 100.556750801072 0.00118121856230802 0.9489 1.56578406549194
-5.08016032064128 -5.0814151428162 0.158981452882465 -0.00125482217491513 0.158983027461156 1.10333522502422e-10 100.640670404671 0.00125482217491513 0.949 1.56540425578191
7.44488977955912 7.44363497727057 0.158981392827613 -0.00125480228854791 0.158982967356396 5.26862507760929e-19 100.640708421451 0.00125480228854791 0.949 1.56554354564447
-3.02605210420842 -3.02730690649565 0.158981392830369 -0.00125480228723696 0.158982967359149 5.3261505221164e-16 100.640708419707 0.00125480228723696 0.9496 1.56553162707884
9.54909819639279 9.54784339410434 0.158981392827267 -0.00125480228844665 0.15898296735605 1.46017324616459e-37 100.640708421671 0.00125480228844665 0.9499 1.5655360998826
-9.23847695390782 -9.29694337815751 0.122338652041418 -0.0584664242496977 0.125756974805964 61.1417524624542 130.784504594535 0.0584664242496977 0.9644 1.4665742538543
3.33667334669339 3.30132764285606 0.179515847741967 -0.0353457038373235 0.180765166521723 4.12540240567001 89.1286212401598 0.0353457038373235 0.9358 1.6096545607575
1.23246492985972 1.29213766971593 0.161795370217693 0.0596727398562107 0.16535620609964 21.9793473757185 98.8903451221891 0.0596727398562107 0.94 1.5605544921896
-7.13426853707415 -7.13940938240715 0.164026766799429 -0.00514084533300263 0.164053195090167 0.0644359896561434 97.545055067535 0.00514084533300263 0.9489 1.57819333334095
-11.2925851703407 -11.251126696209 0.186322592575901 0.041458474131689 0.188041397653229 5.18007920911881 85.8725706786319 0.041458474131689 0.9351 1.6255429956068
5.44088176352706 5.43962322761925 0.158990445017303 -0.00125853590780434 0.158992028929934 6.43557107926703e-07 100.634978399228 0.00125853590780434 0.9488 1.56542148320032
-13.3967935871743 -13.3980448149711 0.158988778864197 -0.00125122779672537 0.158990344435196 1.05730129725712e-06 100.636033022599 0.00125122779672537 0.9492 1.56542973908806
-0.871743486973948 -0.872900205423285 0.15915530541573 -0.00115671844933696 0.159156643413301 0.000180598303463506 100.530736051848 0.00115671844933696 0.949 1.56590332248151
-5.03006012024048 -5.03131493585664 0.158981433492419 -0.00125481561615803 0.15898300805465 5.72000564868546e-11 100.640682679232 0.00125481561615803 0.949 1.5654032488678
7.49498997995992 7.49373517767142 0.158981392827462 -0.0012548022885035 0.158982967356245 2.23712895320133e-19 100.640708421547 0.0012548022885035 0.949 1.56554958989253
-2.97595190380762 -2.97720670609392 0.15898139283273 -0.00125480228630837 0.158982967361508 1.15630208304607e-15 100.640708418212 0.00125480228630837 0.9496 1.56554364376072
9.59919839679359 9.59794359450514 0.158981392827267 -0.00125480228844665 0.15898296735605 4.45988345832585e-38 100.640708421671 0.00125480228844665 0.9499 1.5655360998826
3.38677354709419 3.35453934800403 0.179058718800251 -0.0322341990901558 0.180097762391235 3.35932907271831 89.3561626443267 0.0322341990901558 0.9376 1.60938777202746
-9.18837675350701 -9.25284637626875 0.125003863506738 -0.0644696227617345 0.129160195765778 59.7522444017579 127.996043891376 0.0644696227617345 0.9618 1.47377744500861
1.28256513026052 1.3422422991007 0.158251319353365 0.0596771688401789 0.161812683834144 24.0284817328165 101.105002254503 0.0596771688401789 0.942 1.55219535276208
-7.08416833667335 -7.08861599298274 0.163251949454067 -0.00444765630939159 0.163271731100713 0.0460567423480614 98.0080179961455 0.00444765630939159 0.9495 1.57627140014134
-11.2424849699399 -11.1967931868301 0.187150501643178 0.0456917831097368 0.189238240686925 6.28521955502822 85.492690960058 0.0456917831097368 0.9334 1.62658446515353
5.49098196392786 5.48972447063329 0.158988041977069 -0.00125749329456415 0.158989623266455 3.73974801724896e-07 100.636499456404 0.00125749329456415 0.9491 1.5654051761985
-13.3466933867735 -13.34794313647 0.158991708439525 -0.00124974969647873 0.158993270313829 1.79220201985659e-06 100.634178706783 0.00124974969647873 0.9494 1.56542541909901
-0.821643286573146 -0.822768133683499 0.159207737743285 -0.00112484711035388 0.159209003024306 0.00028196309918293 100.497627984635 0.00112484711035388 0.9496 1.56600369831328
-4.97995991983968 -4.9812147310095 0.158981420190555 -0.00125481116981696 0.158982994741627 2.94224627540843e-11 100.640691099768 0.00125481116981696 0.949 1.565427801116
7.54509018036072 7.54383537807225 0.158981392827376 -0.00125480228847863 0.158982967356159 9.42493153951553e-20 100.640708421601 0.00125480228847863 0.949 1.56555020179552
-2.92585170340681 -2.92710650569151 0.158981392836818 -0.00125480228469543 0.158982967365592 2.4742556767708e-15 100.640708415624 0.00125480228469543 0.9496 1.56554755871446
9.64929859719439 9.64804379490594 0.158981392827267 -0.00125480228844665 0.15898296735605 1.35156238196819e-38 100.640708421671 0.00125480228844665 0.9499 1.5655360998826
3.43687374749499 3.407655952278 0.178369750312275 -0.0292177952169905 0.179223429869617 2.71069724074368 89.7013085009566 0.0292177952169905 0.9379 1.60853620855423
-9.13827655310621 -9.20825388676358 0.12795222259953 -0.0699773336573628 0.132849049825324 58.1372562533367 125.046675039616 0.0699773336573628 0.9594 1.4816553074373
1.33266533066132 1.39175003492839 0.154550978522711 0.0590847042670628 0.158041980801037 26.0500580521167 103.525711405631 0.0590847042670628 0.9439 1.54352933799354
-11.1923847695391 -11.1423592342684 0.187687886322418 0.0500255352706347 0.190190440501532 7.55859745389562 85.247909779934 0.0500255352706347 0.9315 1.62687710204279
-7.03406813627254 -7.03793162885127 0.162573016628586 -0.00386349257872709 0.162587943203492 0.0326638108725078 98.4173163038094 0.00386349257872709 0.9503 1.57453144069587
5.54108216432866 5.53982543136957 0.15898625211509 -0.00125673295908957 0.158987831492821 2.15620997711674e-07 100.637632418793 0.00125673295908957 0.9489 1.56542938837502
-0.771543086172345 -0.772626738930001 0.159274016841673 -0.00108365275765576 0.159275191144972 0.000436781378280767 100.455807653202 0.00108365275765576 0.9492 1.56621652868743
-13.2965931863727 -13.2978408910772 0.158995704033717 -0.00124770470447366 0.158997260800747 3.01418435364798e-06 100.631649749524 0.00124770470447366 0.9492 1.56542700891198
-4.92985971943888 -4.93111452761144 0.158981411122848 -0.00125480817256651 0.158982985666398 1.5016031178543e-11 100.640696839937 0.00125480817256651 0.949 1.5654327484115
7.59519038076152 7.59393557847306 0.158981392827328 -0.00125480228846442 0.158982967356111 3.93966098776065e-20 100.640708421632 0.00125480228846442 0.949 1.56555289554988
-2.87575150300601 -2.87700630528792 0.158981392843841 -0.00125480228191366 0.158982967372608 5.30627974010814e-15 100.640708411178 0.00125480228191366 0.9496 1.56556382432206
9.69939879759519 9.69814399530674 0.158981392827267 -0.00125480228844665 0.15898296735605 4.06389185873418e-39 100.640708421671 0.00125480228844665 0.9499 1.5655360998826
3.48697394789579 3.46064630092547 0.177489505063385 -0.0263276469703206 0.178182650058379 2.16777706371272 90.1461750895415 0.0263276469703206 0.9389 1.60713165854147
-9.08817635270541 -9.16312281961284 0.131162136557815 -0.0749464669074325 0.136779109459722 56.3291187102883 121.986423977985 0.0749464669074325 0.957 1.4900695739882
-11.1422845691383 -11.0878722184354 0.187897341052503 0.0544123507029113 0.19085804496152 9.00885495762875 85.1528814105422 0.0544123507029113 0.9305 1.62655152003387
1.38276553106212 1.44063688353641 0.150757128280932 0.0578713524742873 0.154106221718135 28.0140925661578 106.130968282869 0.0578713524742873 0.9477 1.53469887721655
-6.98396793587174 -6.98734234914485 0.16198304601394 -0.00337441327310462 0.161994432678878 0.022985289920868 98.7757694013425 0.00337441327310462 0.9501 1.57302789314426
5.59118236472946 5.58992618364181 0.158984925905057 -0.00125618108765302 0.158986503895982 1.2334831566443e-07 100.638471911198 0.00125618108765302 0.9488 1.56540101473855
-0.721442885771543 -0.722473636288162 0.159357180607755 -0.00103075051661872 0.159358243054383 0.00067131920102384 100.403382759279 0.00103075051661872 0.9495 1.56639270373376
-13.2464929859719 -13.2477378794821 0.15900111554411 -0.00124489351016521 0.159002665303962 5.02976259274725e-06 100.628224809915 0.00124489351016521 0.9492 1.5654397365634
-4.87975951903808 -4.88101432520188 0.15898140498116 -0.00125480616379914 0.158982979519668 7.60369807415055e-12 100.640700727837 0.00125480616379914 0.949 1.56544200301608
7.64529058116232 7.64403577887387 0.1589813928273 -0.00125480228845642 0.158982967356083 1.63392817402608e-20 100.640708421649 0.00125480228845642 0.949 1.56555212479461
9.74949899799599 9.74824419570755 0.158981392827267 -0.00125480228844665 0.15898296735605 1.21238806326805e-39 100.640708421671 0.00125480228844665 0.9499 1.5655360998826
-2.82565130260521 -2.82690610488236 0.158981392855815 -0.00125480227715169 0.158982967384569 1.13376895926592e-14 100.640708403599 0.00125480227715169 0.9496 1.5655773576277
3.53707414829659 3.51348550296606 0.176458731557885 -0.0235886453305301 0.177015155746414 1.71836454915321 90.6727587733534 0.0235886453305301 0.9394 1.6053814884804
-9.03807615230461 -9.117415191819 0.134607371447477 -0.0793390395143891 0.140902054638543 54.3195008505053 118.864218414986 0.0793390395143891 0.9533 1.49892762900258
-11.0921843687375 -11.0333848875585 0.187746841360535 0.0587994811789336 0.191204220347447 10.6411476728655 85.2211407875289 0.0587994811789336 0.9303 1.62543314863416
1.43286573146293 1.48888929287248 0.146935475579211 0.0560235614095503 0.15007411501222 29.8606188904492 108.891334355635 0.0560235614095503 0.9511 1.52583493286081
-6.93386773547094 -6.93683530773719 0.161474497881987 -0.00296757226624944 0.161483304367142 0.0160487981330109 99.0868540225687 0.00296757226624944 0.9498 1.57176633897004
5.64128256513026 5.64002678272129 0.158983948375853 -0.00125578240897184 0.158985525365312 7.00114153636952e-08 100.639090697222 0.00125578240897184 0.9487 1.56539360025359
-0.671342685370741 -0.672305936213999 0.159460752145744 -0.000963250843258434 0.159461679997931 0.00102373363791505 100.338169641745 0.000963250843258434 0.9494 1.56668002593062
-13.1963927855711 -13.1976338392383 0.159008393671486 -0.00124105366718652 0.159009933885691 8.32760643495314e-06 100.623618857859 0.00124105366718652 0.9492 1.56547777635717
-4.82965931863727 -4.83091412346272 0.158981400848413 -0.00125480482544837 0.158982975383563 3.82021774290481e-12 100.640703344008 0.00125480482544837 0.949 1.56544223309905
7.69539078156313 7.69413597927467 0.158981392827285 -0.00125480228845198 0.158982967356068 6.72357932171962e-21 100.640708421659 0.00125480228845198 0.9499 1.5655522496883
9.79959919839679 9.79834439610835 0.158981392827267 -0.00125480228844665 0.15898296735605 3.58867907820156e-40 100.640708421671 0.00125480228844665 0.9499 1.5655360998826
3.5871743486974 3.56615476786096 0.175317030306276 -0.0210195808364388 0.175758853084816 1.35033719678052 91.2632387854634 0.0210195808364388 0.9412 1.60326204391403
-2.77555110220441 -2.77680590447347 0.158981392876074 -0.00125480226906083 0.158982967404808 2.40354603876918e-14 100.640708390774 0.00125480226906083 0.9496 1.56550861250843
-8.98797595190381 -9.07109883595993 0.138256788217599 -0.0831228840561185 0.145166202071406 52.0860943278018 115.726686597247 0.0831228840561185 0.9509 1.50816636523531
-11.0420841683367 -10.9789545054108 0.187211149333238 0.0631296629258653 0.191196503674371 12.4564930381877 85.4649953113628 0.0631296629258653 0.9283 1.62347949360571
1.48296593186373 1.53650474107743 0.14315288246866 0.0535388092136977 0.14601928656068 31.5939446232044 111.768619143962 0.0535388092136977 0.9539 1.51708772169487
-6.88376753507014 -6.88639882146273 0.161039544461731 -0.00263128639259413 0.161046468129811 0.0111184400825878 99.3544787615949 0.00263128639259413 0.9497 1.57064562983419
5.69138276553106 5.69012726977586 0.158983231642975 -0.0012554957552009 0.158984807912567 3.9427383150272e-08 100.639544401329 0.0012554957552009 0.9487 1.56539543183924
-0.62124248496994 -0.622120167901802 0.159588766927758 -0.000877682931861967 0.159589537255087 0.00154895067977797 100.257682968644 0.000877682931861967 0.9493 1.56703502223066
-13.1462925851703 -13.147528427251 0.15901811413054 -0.00123584208066063 0.159019641436189 1.36800650563091e-05 100.617467937429 0.00123584208066063 0.949 1.56547737799759
-4.77955911823647 -4.7808139221756 0.158981398085881 -0.00125480393912714 0.158982972618807 1.90434185280943e-12 100.640705092786 0.00125480393912714 0.949 1.56543739876556
9.8496993987976 9.84844459650915 0.158981392827267 -0.00125480228844665 0.15898296735605 1.053952541993e-40 100.640708421671 0.00125480228844665 0.9499 1.5655360998826
7.74549098196393 7.74423617967548 0.158981392827277 -0.00125480228845021 0.15898296735606 2.74512146796442e-21 100.640708421664 0.00125480228845021 0.9499 1.56555071279453
3.6372745490982 3.61864108182816 0.174101722048214 -0.0186334672700417 0.174448928150718 1.05208404749596 91.9002972042352 0.0186334672700417 0.9417 1.60088627354301
-2.72545090180361 -2.72670570405902 0.158981392910094 -0.0012548022554153 0.158982967438794 5.04886005838152e-14 100.640708369238 0.0012548022554153 0.9496 1.56550002572181
-8.93787575150301 -9.02414808812445 0.142074250564243 -0.0862723366214446 0.149517166630367 49.7507130809944 112.617169799992 0.0862723366214446 0.9476 1.51765172452519
-10.9919839679359 -10.9246418105238 0.186273001622856 0.067342157412094 0.190807967787772 14.4513125956141 85.895432298852 0.067342157412094 0.9284 1.62066205032913
1.53306613226453 1.58349204893172 0.139475660627482 0.0504259166671941 0.142018433699209 33.1709227772492 114.715355553924 0.0504259166671941 0.9562 1.50861101233826
-6.83366733466934 -6.83602239289864 0.160670341933902 -0.00235505822929927 0.160675888233166 0.00764281124063189 99.5827842737908 0.00235505822929927 0.9496 1.56968779412014
5.74148296593187 5.74022767530898 0.158982708915014 -0.00125529062288887 0.158984284669562 2.20303050568887e-08 100.639875299603 0.00125529062288887 0.9487 1.56540649561469
-0.571142284569138 -0.571912199363204 0.159745786424261 -0.000769914794065629 0.159746379193051 0.00232530848711074 100.159136326178 0.000769914794065629 0.9497 1.56746081734243
-13.0961923847695 -13.0974211982398 0.159031006119426 -0.00122881347023096 0.159032516101971 2.22972688548515e-05 100.609311293576 0.00122881347023096 0.949 1.56552293544208
-4.72945891783567 -4.73071372119143 0.158981396251662 -0.00125480335575912 0.158982970783123 9.4187927223098e-13 100.64070625391 0.00125480335575912 0.949 1.56546317108116
9.8997995991984 9.89854479690995 0.158981392827267 -0.00125480228844665 0.15898296735605 3.07114944690883e-41 100.640708421671 0.00125480228844665 0.9499 1.5655360998826
3.687374749499 3.67093675488012 0.172846948337542 -0.0164379946188786 0.173117156004632 0.812811768584277 92.5674427803877 0.0164379946188786 0.9426 1.59831975834176
7.79559118236473 7.79433638007628 0.158981392827272 -0.00125480228844843 0.158982967356055 1.11202886748252e-21 100.640708421667 0.00125480228844843 0.9499 1.5655451122739
-2.67535070140281 -2.67660550363538 0.158981392966794 -0.00125480223257046 0.158982967495437 1.05369347979259e-13 100.640708333345 0.00125480223257046 0.9496 1.5654932184637
-8.88777555110221 -8.97654442627044 0.146018742519117 -0.0887688751682365 0.153898655717751 47.2866131458812 109.574974581809 0.0887688751682365 0.9443 1.52732270174703
-10.9418837675351 -10.8705098191306 0.184924006423662 0.071373948404478 0.190018246934507 16.6172309906173 86.5220276665643 0.071373948404478 0.9281 1.61717691994811
1.58316633266533 1.62987141535634 0.135967998399027 0.0467050826910089 0.138149363148201 34.514565497852 117.67474838487 0.0467050826910089 0.9583 1.50053337345422
-6.78356713426854 -6.78569669624653 0.160359246749815 -0.00212956197798952 0.160363781784033 0.00521277836597642 99.7759737856743 0.00212956197798952 0.9506 1.5688850471104
-0.521042084168336 -0.521677156588663 0.159936893239803 -0.000635072420327343 0.159937296556782 0.0034635020918308 100.039457287758 0.000635072420327343 0.9498 1.5679822380735
5.79158316633266 5.79032802180614 0.158982329721429 -0.00125514452652808 0.158983905109212 1.22133985811172e-08 100.640115338827 0.00125514452652808 0.9487 1.56540949214289
-13.0460921843687 -13.0473115785158 0.159047985313518 -0.0012193941470322 0.159049472235604 3.60587801019369e-05 100.598570729837 0.0012193941470322 0.949 1.56555302421852
9.9498997995992 9.94864499731075 0.158981392827267 -0.00125480228844665 0.15898296735605 8.87920958195661e-42 100.640708421671 0.00125480228844665 0.9499 1.5655360998826
-4.67935871743487 -4.68061352040906 0.158981395042091 -0.00125480297419056 0.158982969572595 4.62209738258008e-13 100.64070701961 0.00125480297419056 0.949 1.5654411102175
3.7374749498998 3.72303887074838 0.171583017791319 -0.0144360791514164 0.171791418172585 0.622738207310673 93.2493215584968 0.0144360791514164 0.9436 1.59560207760534
7.84569138276553 7.84443658047709 0.158981392827269 -0.00125480228844754 0.158982967356053 4.46955224829229e-22 100.640708421669 0.00125480228844754 0.9499 1.56554819669379
-2.625250501002 -2.62650530319661 0.158981393060582 -0.00125480219460394 0.158982967589129 2.18186921114129e-13 100.640708273974 0.00125480219460394 0.9496 1.56543783653484
-10.8917835671343 -10.8166225123806 0.183165192831786 0.0751610547537158 0.188814376983477 18.9411692916625 87.3528411847003 0.0751610547537158 0.9277 1.61270334672422
-8.8376753507014 -8.92827702731998 0.150044725821781 -0.0906016766185722 0.158253389627877 44.6952594227251 106.634871118392 0.0906016766185722 0.9411 1.53713949547854
1.63326653306613 1.67567418397338 0.132690570732571 0.0424076509072497 0.134488979588042 35.6419075789937 120.581288569833 0.0424076509072497 0.961 1.49302872877353
-6.73346693386774 -6.73541353447908 0.160098979941756 -0.00194660061134755 0.160102769195696 0.00352769535348194 99.9381757823865 0.00194660061134755 0.9497 1.56820972388556
-0.470941883767535 -0.471409345044973 0.160167662227613 -0.000467461277437353 0.160167880747659 0.00511848634639745 99.8953207999158 0.000467461277437353 0.9498 1.56860971279603
5.84168336673347 5.84042832575826 0.158982056141181 -0.00125504097520768 0.15898363126903 6.7180930031257e-09 100.640288522823 0.00125504097520768 0.9487 1.56540254244561
-12.9959919839679 -12.9971988343827 0.159070191498267 -0.00120685041478019 0.159071647986191 5.78584246684727e-05 100.584527178207 0.00120685041478019 0.949 1.56563301101703
10 9.99874519771155 0.158981392827267 -0.00125480228844665 0.15898296735605 2.54707143658836e-42 100.640708421671 0.00125480228844665 0.9499 1.5655360998826
-4.62925851703407 -4.63051331976027 0.158981394249939 -0.00125480272620226 0.158982968779821 2.25048675159773e-13 100.64070752107 0.00125480272620226 0.949 1.56546634017716
7.89579158316633 7.89453678087788 0.158981392827268 -0.00125480228844754 0.158982967356051 1.78240108337536e-22 100.64070842167 0.00125480228844754 0.9499 1.56555306842973
-2.5751503006012 -2.57640510273317 0.158981393214553 -0.00125480213196738 0.158982967742944 4.48266822862576e-13 100.640708176505 0.00125480213196738 0.9496 1.5654539830623
-8.7875751503006 -8.87934321031808 0.154102755716698 -0.0917680600174755 0.162524132556069 42.0176335422677 103.826825974575 0.0917680600174755 0.9382 1.54682726978326
-6.68336673346693 -6.68516577525484 0.159882744445025 -0.00179904178790302 0.15988598099638 0.00236873994115948 100.073338467751 0.00179904178790302 0.9499 1.56766442279645
-0.420841683366733 -0.421102177702882 0.160444101629456 -0.000260494336149164 0.160444169486755 0.00750512496689494 99.7232047641853 0.000260494336149164 0.9499 1.56945331567
-12.9458917835671 -12.9470820344712 0.15909903074125 -0.00119025090405955 0.159100447438465 9.21125516884639e-05 100.566294624519 0.00119025090405955 0.949 1.56573908282591
-2.5250501002004 -2.52630490222978 0.158981393465437 -0.00125480202938366 0.15898296799357 9.13772201755319e-13 100.640708017686 0.00125480202938366 0.9496 1.56543083391114
