7.94589178356713 7.90017122175167 0.166628105744965 -0.0457205618154672 0.168718475517687 -0.255208380209909 96.0222162309703 0.0457205618154672 0.94 1.567920872
5.89178356713427 5.83914226601 0.166684932036359 -0.052641301124269 0.169456038620415 0.114984277602515 95.9894802999346 0.052641301124269 0.941 1.565672314
3.7875751503006 3.7287865936498 0.167839971779697 -0.0587885566508008 0.171296066172781 -1.01906231668628 95.3289006804724 0.0587885566508008 0.946 1.576494368
-15 -14.9880027985719 0.167107203878593 0.0119972014281338 0.1672511367207 -0.389994561760348 95.7469195141602 0.0119972014281338 0.941 1.567057395
1.68336673346693 1.6093799324681 0.169535789702548 -0.0739868009988329 0.175009836424589 -0.921400153640101 94.3753530040595 0.0739868009988329 0.937 1.573332099
-12.8957915831663 -12.8750971795387 0.167828067623535 0.0206944036276315 0.168256325965038 -0.22872420135695 95.3356624226323 0.0206944036276315 0.94 1.571916775
-10.8416833667335 -10.80962272378 0.168161938361104 0.0320606429534323 0.169189823187691 -1.28365756237255 95.1463818503463 0.0320606429534323 0.939 1.576619344
-8.7374749498998 -8.6859517834106 0.170530306118084 0.0515231664891989 0.173184942803158 -2.04326941198022 93.8249649825924 0.0515231664891989 0.943 1.578284981
-0.370741482965931 -0.481435476486467 0.175042748373087 -0.110693993520536 0.187295908574611 -2.88889146887212 91.4062430389719 0.110693993520536 0.936 1.593160208
-6.63326653306613 -6.52266742261753 0.185675093115435 0.110599110448599 0.197907256347456 -6.02101075686388 86.1720316469842 0.110599110448599 0.926 1.620592741
-2.4749498997996 -2.735980441573 0.206561275625866 -0.261030541773401 0.274698219364381 -13.1054036387333 77.4588554970971 0.261030541773401 0.873 1.645564507
-4.57915831663327 -4.3828249226651 0.0987803130075697 0.196333393968167 0.137327114594629 47.3234838376133 161.975595266376 0.196333393968167 0.921 1.333820442
7.99599198396794 7.95036793059483 0.166544651792306 -0.0456240533731034 0.168626206038498 -0.294328052353898 96.0703320569743 0.0456240533731034 0.942 1.568244111
5.94188376753507 5.88933170677103 0.16674575359682 -0.0525520607640377 0.169507472687367 0.126174711686922 95.9544675343693 0.0525520607640377 0.944 1.565345247
3.8376753507014 3.77914406299923 0.16792985317774 -0.0585312877021695 0.171355764817814 -1.02129137185184 95.277877621112 0.0585312877021695 0.939 1.576463358
1.73346693386774 1.6600181839238 0.16933974984796 -0.0734487499439351 0.174734468716287 -0.801047465437049 94.4846086897225 0.0734487499439351 0.935 1.572950375
-14.9498997995992 -14.9377644800856 0.167116205596859 0.0121353195135985 0.167263471576556 -0.360379595857552 95.7417621041341 0.0121353195135985 0.943 1.566540532
-12.8456913827655 -12.824731722554 0.16789125062698 0.0209596602114974 0.168330557983161 -0.255489365922279 95.2997844750632 0.0209596602114974 0.94 1.571763961
-10.7915831663327 -10.7592261367329 0.168214984130708 0.0323570295997637 0.169261961495228 -1.2431634329687 95.1163779058321 0.0323570295997637 0.946 1.576490823
-8.687374749499 -8.63513375986747 0.170526059596367 0.0522409896315317 0.173255180594049 -2.03100908364898 93.8273014568668 0.0522409896315317 0.938 1.578625041
-0.320641282565131 -0.430052517498167 0.174729171081749 -0.109411234933036 0.186699989411321 -2.7477547697434 91.5702850356579 0.109411234933036 0.931 1.592289441
-6.58316633266533 -6.46950583066157 0.186712413624341 0.113660502003763 0.199631123340088 -6.14774158686554 85.6932846050154 0.113660502003763 0.925 1.622844253
-2.4248496993988 -2.6796192416859 0.208049829744817 -0.254769542287103 0.272957349421997 -13.0324229332212 76.904653176716 0.254769542287103 0.869 1.651583725
-4.52905811623246 -4.34629158087273 0.0927030963617889 0.182766535359732 0.126106702809189 57.5002591882002 172.594019271561 0.182766535359732 0.924 1.315154206
8.04609218436874 8.00057369465707 0.166491890790499 -0.0455184897116716 0.16856382369613 -0.29170805382126 96.100776584568 0.0455184897116716 0.938 1.56856156
5.99198396793587 5.93962010200163 0.166913471220451 -0.0523638659342396 0.16965544567603 0.143573027132482 95.8580507793045 0.0523638659342396 0.938 1.565045195
3.88777555110221 3.82947237141057 0.167903065444931 -0.0583031796916385 0.171302326207087 -1.00737328461339 95.2930785248092 0.0583031796916385 0.94 1.576119306
-14.8997995991984 -14.8874016373789 0.167195219279507 0.0123979618194969 0.167348928736784 -0.363427778211772 95.6965161381331 0.0123979618194969 0.94 1.566440292
1.78356713426854 1.71054059844333 0.169224591706674 -0.073026535825204 0.174557466641304 -0.738292769387389 94.5489059163082 0.073026535825204 0.937 1.573204031
-12.7955911823647 -12.7744581669968 0.167875354440145 0.0211330153678961 0.168321958778685 -0.272548898849656 95.308808451122 0.0211330153678961 0.936 1.571824952
-10.7414829659319 -10.7087295559474 0.16816554746499 0.0327534099844637 0.1692383333306 -1.26352532838286 95.1443398555284 0.0327534099844637 0.946 1.576423407
-8.6372745490982 -8.58426791942997 0.170687306675368 0.0530066296682286 0.173497009464153 -2.05036287566266 93.7386634756067 0.0530066296682286 0.941 1.578279177
-0.270541082164328 -0.378608869645133 0.174744586562168 -0.108067787480805 0.186423233253164 -2.72451480731853 91.5622069603156 0.108067787480805 0.932 1.591889599
-6.53306613226453 -6.4162384087755 0.187827728096161 0.116827723489028 0.20147644507179 -6.3175207470111 85.1844408819583 0.116827723489028 0.934 1.625092615
-2.374749498998 -2.6233881724461 0.209638689656788 -0.248638673448104 0.27145987959082 -12.1908008489008 76.3217897717 0.248638673448104 0.873 1.655759867
-4.47895791583166 -4.31098806658053 0.086896551361483 0.167969849251129 0.11511042161893 60.7738472099276 184.126984895422 0.167969849251129 0.945 1.297056761
8.09619238476954 8.0507549423832 0.166457735359624 -0.0454374423863406 0.168522296530236 -0.331738790695513 96.1204954845313 0.0454374423863406 0.94 1.56891813
6.04208416833668 5.98984937771923 0.16698553361947 -0.0522347906174421 0.169714006970318 0.136343040722531 95.8166833569014 0.0522347906174421 0.94 1.564779942
3.93787575150301 3.87984141168147 0.167875737231467 -0.0580343398215408 0.171243721829989 -1.01457954241843 95.3085911273721 0.0580343398215408 0.941 1.575824912
-14.8496993987976 -14.8371982138425 0.167161847459796 0.0125011849550614 0.167318127085077 -0.343839745743807 95.7156207779297 0.0125011849550614 0.944 1.566201254
1.83366733466934 1.76111685054497 0.169067485256109 -0.0725504841243729 0.17433105800279 -0.741671876599898 94.6367657610965 0.0725504841243729 0.94 1.573026275
-12.7454909819639 -12.7240336556175 0.167840146179246 0.0214573263464608 0.168300563033184 -0.258881459828181 95.328801625999 0.0214573263464608 0.934 1.571259132
-10.6913827655311 -10.6583562486331 0.168270942029264 0.0330265168979942 0.169361692847677 -1.25765313301616 95.0847472953321 0.0330265168979942 0.946 1.576502415
-8.5871743486974 -8.5336015117018 0.170732630831626 0.0535728369955955 0.173602679695383 -2.05792856550267 93.7137788017742 0.0535728369955955 0.946 1.578633677
-0.220440881763526 -0.327133643781233 0.174364954336359 -0.106692762017707 0.185748299803326 -2.67688412189361 91.761558742677 0.106692762017707 0.935 1.591047358
-6.48296593186373 -6.3628206493888 0.189299121956817 0.120145282474928 0.203734010857797 -6.37075937188529 84.5223149194001 0.120145282474928 0.931 1.62719758
-2.32464929859719 -2.5668789816633 0.210194129258889 -0.242229683066106 0.268869348617196 -11.7341547862849 76.1201088556251 0.242229683066106 0.872 1.658016158
-4.42885771543086 -4.27668079090247 0.0817653981872211 0.152176924528395 0.104923214546142 64.18962050104 195.681796392213 0.152176924528395 0.957 1.281405067
8.14629258517034 8.10091055290043 0.166444612552439 -0.0453820322699059 0.168504141405386 -0.325849858487032 96.1280738056879 0.0453820322699059 0.935 1.568840896
6.09218436873747 6.04015047483887 0.167153422928169 -0.0520338938986074 0.169860949042421 0.185002941151446 95.7204448447081 0.0520338938986074 0.943 1.564843459
3.98797595190381 3.93020419359947 0.167957773344578 -0.0577717583043431 0.171295349402153 -0.992571341085324 95.2620392696848 0.0577717583043431 0.944 1.575374173
-14.7995991983968 -14.7868741271934 0.167212459147693 0.0127250712033593 0.167374386584824 -0.291177971325612 95.686649676432 0.0127250712033593 0.947 1.565993998
1.88376753507014 1.8116730106966 0.169012010703978 -0.0720945243735418 0.174209631148625 -0.716255169498964 94.6678282410576 0.0720945243735418 0.938 1.573095256
-12.6953907815631 -12.6736166227256 0.167858096891794 0.0217741588375269 0.168332210884876 -0.286912723790578 95.3186071823156 0.0217741588375269 0.936 1.57135166
-10.6412825651303 -10.6079527934308 0.168187199218832 0.0333297716994938 0.169298072900373 -1.23532958053371 95.1320913500796 0.0333297716994938 0.948 1.576132159
-8.53707414829659 -8.48273916568097 0.170846699476363 0.054334982615627 0.173798989812204 -2.09369561399228 93.6512092363458 0.054334982615627 0.945 1.578898752
-0.170340681362726 -0.275815238864333 0.174283279832178 -0.105474557501608 0.185408162112338 -2.59489836434167 91.8045610307933 0.105474557501608 0.936 1.590384607
-6.43286573146293 -6.30921768166783 0.190663060578382 0.123648049795092 0.205951900796512 -6.65075235584374 83.9176710552297 0.123648049795092 0.931 1.630050158
-2.27454909819639 -2.51012912553617 0.210247666593835 -0.235580027339775 0.265745615875244 -11.3528482778978 76.1007256784898 0.235580027339775 0.878 1.659877048
-4.37875751503006 -4.24355278852213 0.0769063417228324 0.135204726507927 0.0951866597929156 68.831487877377 208.045261828516 0.135204726507927 0.966 1.265353706
8.19639278557114 8.1510391357353 0.166459755027215 -0.0453536498358424 0.168516708580647 -0.369315397645154 96.1193292479861 0.0453536498358424 0.939 1.569072917
6.14228456913828 6.09038155302473 0.167232909486158 -0.0519030161135428 0.169926832567841 0.173499298912816 95.6749484844927 0.0519030161135428 0.944 1.564563007
4.03807615230461 3.98062047213413 0.16792449238418 -0.0574556801704751 0.171225647568031 -1.02611713359013 95.2809192562275 0.0574556801704751 0.944 1.575374733
-14.749498997996 -14.7366357476852 0.16715486727647 0.0128632503107919 0.167320330485028 -0.280483370865053 95.7196177454789 0.0128632503107919 0.947 1.565970663
1.93386773547094 1.8621908315592 0.168880486930466 -0.071676903911744 0.17401806548484 -0.695777267591485 94.7415553496582 0.071676903911744 0.936 1.573066438
-12.6452905811623 -12.6232605968467 0.16794663628776 0.0220299843156244 0.168431956496707 -0.305698379997688 95.2683563878326 0.0220299843156244 0.937 1.571342623
-10.5911823647295 -10.5574394674149 0.168279757740298 0.0337428973145588 0.169418340859479 -1.22063071484096 95.0797660684324 0.0337428973145588 0.947 1.576511177
-8.48697394789579 -8.43191929968977 0.170893306952349 0.0550546482060241 0.173924321241438 -2.11691416290283 93.6256678821327 0.0550546482060241 0.943 1.579110843
-0.120240480961924 -0.2245949983937 0.174114223484152 -0.104354517431776 0.185004088792571 -2.57577354627688 91.8936987445852 0.104354517431776 0.931 1.58985281
-6.38276553106212 -6.25523780250257 0.192169362987242 0.127527728559556 0.208432684538802 -7.02486180718699 83.2598898767344 0.127527728559556 0.926 1.633126334
-2.22444889779559 -2.4539800492222 0.210434931463491 -0.229531151426609 0.263119480938716 -11.1475929192831 76.0330040679385 0.229531151426609 0.88 1.661101165
-4.32865731462926 -4.2110637722749 0.0727521072785062 0.117593542354357 0.0865803484819522 73.6861025669133 219.924901126912 0.117593542354357 0.974 1.252303379
8.24649298597194 8.20123916330763 0.166333206445871 -0.0452538226643107 0.168381114911604 -0.352512173148323 96.1924581500015 0.0452538226643107 0.942 1.569208304
6.19238476953908 6.1407136172004 0.167386427854776 -0.0516711523386784 0.170056335838783 0.167643759362335 95.5872002590408 0.0516711523386784 0.942 1.564714916
4.08817635270541 4.0310358903813 0.167938585850461 -0.0571404623241101 0.171203618285074 -1.0039033977139 95.2729232473531 0.0571404623241101 0.945 1.575215815
1.98396793587174 1.91268989662553 0.168837270593458 -0.0712780392462093 0.173917829472242 -0.611843830685604 94.7658058185878 0.0712780392462093 0.937 1.572886708
-14.6993987975952 -14.6863035689429 0.167139446251154 0.0130952286522898 0.16731093126461 -0.296202993423816 95.7284492612081 0.0130952286522898 0.947 1.566145393
-12.5951903807615 -12.5728830475998 0.167918983435409 0.0223073331617218 0.168416600548197 -0.338560897689499 95.2840451547547 0.0223073331617218 0.938 1.571804637
-10.5410821643287 -10.5070112833267 0.168250709110038 0.0340708810019894 0.169411534042289 -1.23005771920044 95.0961816721725 0.0340708810019894 0.946 1.576462667
-8.43687374749499 -8.38103427722063 0.171025088260998 0.0558394702743552 0.174143134701518 -2.16744970133963 93.5535257586462 0.0558394702743552 0.939 1.57932501
-0.0701402805611213 -0.173273602285467 0.17397792233679 -0.103133321724345 0.184614404386687 -2.49052120528904 91.9656918825993 0.103133321724345 0.936 1.589173634
-6.33266533066132 -6.2010739108979 0.193803574252494 0.131591419763422 0.211119876007847 -7.6429162373486 82.5578169118524 0.131591419763422 0.924 1.636878301
-2.17434869739479 -2.3977984932922 0.209798352299927 -0.223449795897411 0.259728163586521 -10.9962050181183 76.2637066716639 0.223449795897411 0.887 1.661603485
-4.27855711422846 -4.17964045991137 0.0692949726922975 0.0989166543170903 0.0790794771935843 78.80870743018 230.896981099157 0.0989166543170903 0.978 1.239648025
8.29659318637275 8.2513746793788 0.166356063012149 -0.0452185069939457 0.168400776386911 -0.349195803132213 96.179241743846 0.0452185069939457 0.939 1.569346172
6.24248496993988 6.19100835563943 0.167457903376161 -0.051476614300447 0.170107745195998 0.202486020451276 95.5464010800326 0.051476614300447 0.944 1.564623485
4.13827655310621 4.08140284284573 0.167930611349058 -0.0568737102604793 0.171165230267851 -1.01329127922554 95.2774474615745 0.0568737102604793 0.949 1.575204121
2.03406813627254 1.96320996609517 0.168807958067017 -0.0708581701773781 0.173828838347904 -0.604501598885288 94.7822613531522 0.0708581701773781 0.94 1.572540338
-14.6492985971944 -14.6360583628418 0.167227903201338 0.0132402343525548 0.167403207007048 -0.278595178541224 95.6778126957463 0.0132402343525548 0.948 1.566481162
-12.5450901803607 -12.5224647895318 0.167865884770655 0.0226253908289547 0.168377793080818 -0.378531161597906 95.3141850225246 0.0226253908289547 0.939 1.571808258
-10.4909819639279 -10.4565466706846 0.168339297290559 0.0344352932432219 0.169525086711305 -1.18464197105281 95.0461375182261 0.0344352932432219 0.945 1.576703701
-8.38677354709419 -8.33014773440353 0.171231127935235 0.0566258126906547 0.174437610598112 -2.23728190754702 93.4409542992189 0.0566258126906547 0.938 1.579759626
-0.0200400801603209 -0.122018575290867 0.173767517556615 -0.101978495130546 0.184167131025706 -2.46999796028549 92.0770476840531 0.101978495130546 0.934 1.588418803
-6.28256513026052 -6.14683280771433 0.195342537577584 0.135732322546187 0.213765800961367 -8.21310519277424 81.907403264101 0.135732322546187 0.923 1.639353693
-2.12424849699399 -2.34173480522503 0.208798684133056 -0.217486308231047 0.256098978401026 -10.4412603240036 76.6288354087712 0.217486308231047 0.893 1.661008467
-4.22845691382765 -4.14858164457017 0.0660536967063844 0.0798752692574878 0.0724337553453405 81.0047001959284 242.227169678658 0.0798752692574878 0.983 1.230447392
8.34669338677355 8.3016196504834 0.166383036921533 -0.0450737362901492 0.168414678624687 -0.353931826673765 96.1636492279296 0.0450737362901492 0.938 1.569263527
6.29258517034068 6.2414550169464 0.167508809264471 -0.0511301533942827 0.170123101850594 0.173651987155499 95.5173645508901 0.0511301533942827 0.943 1.565056495
4.18837675350701 4.13188460815717 0.167996168964146 -0.0564921453498481 0.171187531450375 -0.966467863312226 95.2402670766541 0.0564921453498481 0.946 1.574769836
2.08416833667335 2.01374636532143 0.168729511784045 -0.0704219713519136 0.173688765833135 -0.600164060955871 94.8263278357506 0.0704219713519136 0.94 1.572735446
-14.5991983967936 -14.5857663597838 0.167193970436281 0.0134320370097551 0.167374390054512 -0.248397823495461 95.6972309363138 0.0134320370097551 0.947 1.566434423
-12.4949899799599 -12.4721247378639 0.167844907490571 0.0228652420960191 0.168367726786681 -0.407425930568911 95.3260974027395 0.0228652420960191 0.94 1.571776812
-10.4408817635271 -10.4061411125934 0.168296403681806 0.0347406509336547 0.1695033165091 -1.212385785404 95.0703618732748 0.0347406509336547 0.946 1.576556072
-8.33667334669339 -8.2792666963773 0.17137559162457 0.0574066503160857 0.174671115125083 -2.24032259718351 93.362186810424 0.0574066503160857 0.938 1.580268892
0.0300601202404813 -0.0707934667442 0.173559313735956 -0.100853586984681 0.183730759743632 -2.35554164937011 92.1875044075226 0.100853586984681 0.936 1.587360075
-6.23246492985972 -6.09229873369387 0.197009592032471 0.140166196165851 0.216656154580075 -8.85181188378548 81.2143197442024 0.140166196165851 0.925 1.642950549
-2.07414829659319 -2.28529680308177 0.207483391995278 -0.21114850648858 0.252067083787636 -9.86951499941644 77.1146058782582 0.21114850648858 0.896 1.65952875
-4.17835671342685 -4.11827431532753 0.0635699815633166 0.0600823980993193 0.0671798761246817 82.8706074118482 251.691122232964 0.0600823980993193 0.986 1.221618946
8.39679358717435 8.3516936814923 0.166384480065219 -0.0450999056820507 0.168418481557749 -0.337501955889785 96.1628151479535 0.0450999056820507 0.943 1.569363741
6.34268537074148 6.2917115224257 0.167582841369643 -0.0509738483157847 0.170181174581764 0.15968029926311 95.4751683957204 0.0509738483157847 0.937 1.565455796
4.23847695390782 4.18231719898257 0.168006713906372 -0.0561597549252504 0.171160631979636 -0.977506013292717 95.2342893208223 0.0561597549252504 0.946 1.574705808
2.13426853707415 2.06418778018923 0.168637993204105 -0.070080756884916 0.173549305689668 -0.577770365470071 94.8777893759382 0.070080756884916 0.944 1.572948011
-14.5490981963928 -14.5354575716889 0.167311158912227 0.0136406247038519 0.167497225554538 -0.260007546272079 95.6302024564528 0.0136406247038519 0.95 1.566497822
-12.4448897795591 -12.4217450780249 0.167867070367603 0.0231447015341839 0.168402747576709 -0.416577128463985 95.3135118457865 0.0231447015341839 0.943 1.571895253
-10.3907815631263 -10.3556194382321 0.168215052134099 0.0351621248941534 0.169451427161171 -1.24610526601663 95.1163394536479 0.0351621248941534 0.942 1.577023048
0.0801603206412835 -0.019580011837 0.173387129611251 -0.0997403324782835 0.183335263534129 -2.3363354998809 92.2790522910981 0.0997403324782835 0.935 1.586612982
-8.28657314629259 -8.2282646498085 0.171681639209904 0.0583084964840861 0.175081519972139 -2.22375441897832 93.1957550826842 0.0583084964840861 0.938 1.580489081
-6.18236472945892 -6.03759858862093 0.198766357423889 0.144766140837985 0.219723592957012 -9.02424946835547 80.4965196694652 0.144766140837985 0.92 1.645769126
-2.02404809619238 -2.22945921508473 0.206156807805771 -0.205411118892349 0.248350535570378 -9.70562885820583 77.6108253241594 0.205411118892349 0.903 1.658050826
8.44689378757515 8.40183637307737 0.166307899175124 -0.0450574144977818 0.168338069776349 -0.337284788492287 96.2070958707248 0.0450574144977818 0.942 1.569464177
6.39278557114228 6.3420828891348 0.167647835324727 -0.0507026820074836 0.170218597287479 0.136854385599139 95.4381544444557 0.0507026820074836 0.939 1.565723575
-4.12825651302605 -4.0883019526816 0.0615111164140606 0.0399545603444524 0.0631074833063791 85.3694065742091 260.115584511528 0.0399545603444524 0.992 1.214896997
4.28857715430862 4.23274920218843 0.167996584378806 -0.0558279521201861 0.17111334461674 -0.975603220385762 95.2400315706566 0.0558279521201861 0.946 1.57449724
2.18436873747495 2.1146914681646 0.168575821292586 -0.0696772693103513 0.173430743151133 -0.599079579135386 94.9127809511296 0.0696772693103513 0.945 1.572980473
-14.498997995992 -14.4851949115723 0.167253284962334 0.0138030844197168 0.167443810101832 -0.241121386826204 95.6632929727103 0.0138030844197168 0.948 1.566485022
-12.3947895791583 -12.3714332307403 0.167785053830393 0.023356348417984 0.168330572841816 -0.482003414841303 95.3601029098438 0.023356348417984 0.944 1.57215447
-10.3406813627255 -10.3052016509262 0.168251467360517 0.0354797117992511 0.169510277309875 -1.25391216867385 95.0957531069633 0.0354797117992511 0.945 1.577429676
0.130260521042084 0.0316370307174 0.173104552484241 -0.098623490324684 0.182831145328064 -2.28466044914828 92.4296892853617 0.098623490324684 0.934 1.586012295
-8.23647294589178 -8.17727290151507 0.171826399482644 0.0592000443767162 0.175331044736849 -2.25930498831032 93.1172395404593 0.0592000443767162 0.936 1.581324159
-6.13226452905812 -5.9825339678411 0.20068179901466 0.149730561217016 0.223101039977023 -9.21738410868098 79.7282069353543 0.149730561217016 0.915 1.649273066
-1.97394789579158 -2.1738785772695 0.204887207290122 -0.199930681477918 0.244859484686347 -9.48570664501355 78.0917472184773 0.199930681477918 0.902 1.655458038
8.49699398797595 8.45193043193197 0.166291945675821 -0.0450635560439849 0.16832266975915 -0.335721353078272 96.2163256613241 0.0450635560439849 0.944 1.569646439
6.44288577154309 6.39238808245333 0.167671849041979 -0.0504976890897524 0.170221865645385 0.12428849715328 95.4244859314108 0.0504976890897524 0.942 1.566098321
4.33867735470942 4.2830225514574 0.167941118159701 -0.0556548032520183 0.171038575284722 -0.995615047682602 95.2714866694233 0.0556548032520183 0.94 1.574576547
-4.07815631262525 -4.0586997187536 0.059954228069848 0.0194565938716504 0.0603327871149344 86.3811891857871 266.870252776162 0.0194565938716504 0.99 1.209834466
2.23446893787575 2.1652156558715 0.168458113838382 -0.0692532820042535 0.173254130906743 -0.627337907831382 94.9790997621542 0.0692532820042535 0.94 1.573303293
-14.4488977955912 -14.4349217389818 0.167273342664351 0.0139760566093834 0.1674686728227 -0.2084989838123 95.6518220127007 0.0139760566093834 0.945 1.566541452
-12.3446893787575 -12.3210474491953 0.16779476413932 0.023641929562249 0.168353704972746 -0.485514600422121 95.3545844059544 0.023641929562249 0.942 1.572217244
-10.2905811623246 -10.2546878272042 0.168218134880445 0.0358933351204165 0.169506466386512 -1.27554360548049 95.1145963624635 0.0358933351204165 0.943 1.577475133
0.180360721442886 0.0827165171745667 0.172866886989888 -0.0976442042683195 0.182401277617082 -2.16071103914238 92.5567659521509 0.0976442042683195 0.933 1.585229663
-8.18637274549098 -8.1263636270128 0.172113210177929 0.060009118478181 0.175714304478457 -2.29679641548292 92.9620683006223 0.060009118478181 0.938 1.581913776
-6.08216432865731 -5.9272970390586 0.20251172794423 0.154867289598713 0.226495605331882 -9.59697720057807 79.0077698828694 0.154867289598713 0.909 1.652818253
-1.92384769539078 -2.11874374113177 0.203442467153323 -0.194896045740985 0.241426935798795 -9.35090581939146 78.6463132495425 0.194896045740985 0.908 1.653603948
8.54709418837675 8.50206498448267 0.166266558478163 -0.0450292038940869 0.168294187681499 -0.324502955208822 96.2310169071152 0.0450292038940869 0.943 1.569736238
6.49298597194389 6.4427559713895 0.167654806539172 -0.0502300005543876 0.170177859494866 0.0832276854603076 95.4341860533634 0.0502300005543876 0.947 1.566337474
4.38877755511022 4.33333239177833 0.167810233573386 -0.0554451633318864 0.170884399710285 -0.976824916203511 95.3457942301414 0.0554451633318864 0.939 1.574167653
2.28456913827655 2.21570756223303 0.168384049192244 -0.0688615760435192 0.173125965847441 -0.615557153670943 95.0208768393068 0.0688615760435192 0.939 1.573309397
-14.3987975951904 -14.38469078499 0.167263151877721 0.0141068102004134 0.167462153971751 -0.231011552463656 95.6576497595655 0.0141068102004134 0.944 1.566500602
-4.02805611222445 -4.02945400835867 0.059056610813265 -0.00139789613421915 0.0590585649268671 86.714727182264 270.926485276838 0.00139789613421915 0.987 1.207640994
-12.2945891783567 -12.2706866843873 0.167764525368275 0.0239024939694126 0.168335854586232 -0.520120583204547 95.3717716238102 0.0239024939694126 0.945 1.572116953
-10.2404809619238 -10.204425079069 0.168324241273359 0.03605588285488 0.169624267961804 -1.26036027060636 95.0546390642329 0.03605588285488 0.94 1.577660805
0.230460921843688 0.1336860210428 0.172766582121269 -0.0967749008008884 0.18213196354629 -2.04187135463698 92.6105025841702 0.0967749008008884 0.935 1.584416072
-8.13627254509018 -8.07539904616133 0.172305950470185 0.0608734989288457 0.176011533342026 -2.43151755453533 92.8580815481966 0.0608734989288457 0.939 1.583291666
-6.03206412825651 -5.87180957307317 0.204235836239401 0.160254555183347 0.229917358696413 -9.7885716434784 78.3408058772073 0.160254555183347 0.907 1.655651007
-1.87374749498998 -2.0635576014526 0.202049845386496 -0.189810106462621 0.238077721901847 -9.04659883724794 79.188380319688 0.189810106462621 0.907 1.650736
8.59719438877756 8.55220863927027 0.166225099162211 -0.0449857495072887 0.168248816820944 -0.317653585776889 96.2550185299416 0.0449857495072887 0.945 1.569817023
6.54308617234469 6.49308086629977 0.16768847718591 -0.0500053060449233 0.170189007818556 0.0835243288268894 95.4150235514479 0.0500053060449233 0.938 1.566837473
4.43887775551102 4.38377701231143 0.167695337112375 -0.0551007431995894 0.170731429013522 -1.00981405000647 95.4111204015066 0.0551007431995894 0.94 1.574115577
2.33466933867735 2.2660937656037 0.168343629288903 -0.0685755730736544 0.173046238511283 -0.628195274519905 95.0436916893458 0.0685755730736544 0.942 1.573529716
-14.3486973947896 -14.3343989685566 0.167220114829608 0.0142984262330117 0.167424559822349 -0.201513260732322 95.6822689441607 0.0142984262330117 0.943 1.566805787
-12.2444889779559 -12.2202926735188 0.167766736586403 0.0241963044371456 0.168352197734818 -0.548177858180349 95.3705145939924 0.0241963044371456 0.94 1.572301435
-3.97795591182365 -3.9999262432631 0.0586023692348653 -0.0219703314394528 0.0590850646984247 87.0435656184169 273.026504028797 0.0219703314394528 0.989 1.206841476
-10.190380761523 -10.1539592907223 0.168357382899748 0.0364214708007449 0.169683906435037 -1.32587230618302 95.035927290029 0.0364214708007449 0.945 1.577928875
0.280561122244489 0.184861115108033 0.172442639587229 -0.0957000071364555 0.181601130953146 -1.97452806011874 92.7844762658398 0.0957000071364555 0.937 1.583795347
-8.08617234468938 -8.02421538432997 0.172663995622311 0.0619569603594119 0.176502660559289 -2.47314802286398 92.6655261412966 0.0619569603594119 0.935 1.583725197
-5.98196392785571 -5.8161378602233 0.205887090330184 0.165826067632411 0.233385375036613 -10.0734603886335 77.7124975361038 0.165826067632411 0.91 1.658159038
-1.82364729458918 -2.00845693332413 0.200424834437189 -0.184809638734956 0.234579437006534 -8.67722642809288 79.8304264285881 0.184809638734956 0.917 1.64821997
8.64729458917836 8.60234151750753 0.166190570356722 -0.0449530716708253 0.168211349009364 -0.289900292957185 96.2750170822364 0.0449530716708253 0.944 1.569735551
6.59318637274549 6.54343094765513 0.167658694564197 -0.0497554250903596 0.17013429689012 0.00649259337121011 95.4319729232624 0.0497554250903596 0.94 1.567185207
4.48897795591182 4.43414036565133 0.167552107394915 -0.0548375902604912 0.170559268700492 -1.01482429536379 95.4926813441298 0.0548375902604912 0.942 1.573660372
2.38476953907816 2.31647957620597 0.1682796698332 -0.06828996287219 0.172943188862285 -0.638572766740553 95.0798157368585 0.06828996287219 0.945 1.573639995
-14.2985971943888 -14.2841537595408 0.167195264927889 0.0144434348479781 0.167403877738097 -0.219416409889206 95.6964900106514 0.0144434348479781 0.945 1.567085097
-12.1943887775551 -12.1699562735 0.167793675909173 0.0244325040551434 0.168390623163577 -0.572517159837355 95.3552028305338 0.0244325040551434 0.943 1.572448848
-10.1402805611222 -10.1035212175267 0.16834500804434 0.0367593435955769 0.169696257385917 -1.34806611649651 95.0429132759662 0.0367593435955769 0.942 1.578509438
0.330661322645291 0.2358929253956 0.172237997521943 -0.094768397249691 0.181219046639219 -1.77862548309959 92.894716788388 0.094768397249691 0.935 1.583213847
-3.92785571142285 -3.97064378169137 0.0587193605196913 -0.0427880702685215 0.0605501794769952 86.7985726486943 272.482531457993 0.0427880702685215 0.987 1.208168882
-8.03607214428858 -7.97312727196193 0.172896955191475 0.0629448723266428 0.176859012143693 -2.60166179816512 92.5406695698068 0.0629448723266428 0.935 1.585163977
-5.93186372745491 -5.76013276433007 0.207592052954006 0.171730963124844 0.237083576649793 -10.3230665227703 77.0742413898905 0.171730963124844 0.903 1.660746841
-1.77354709418838 -1.9538220814162 0.198887542475725 -0.180274987227823 0.231386613495717 -7.94421261961669 80.4474719775517 0.180274987227823 0.915 1.645316615
8.69739478957916 8.65247974739597 0.166205334925276 -0.0449150421831934 0.168222695939594 -0.288992147060846 96.2664646546598 0.0449150421831934 0.943 1.570007204
6.64328657314629 6.59386088195437 0.167606907702084 -0.049425691191928 0.170049806651884 -0.0807637603954803 95.4614593119247 0.049425691191928 0.938 1.567704587
4.53907815631263 4.48443154604027 0.167489865259966 -0.0546466102723597 0.170476117274225 -0.998310813914349 95.5281680785038 0.0546466102723597 0.943 1.573633371
2.43486973947896 2.36699736624787 0.168329288827894 -0.0678723732310922 0.172935947875914 -0.683995493958833 95.0517887374847 0.0678723732310922 0.938 1.57425208
-14.248496993988 -14.2337908099792 0.167240378039263 0.0147061840087765 0.167456649887363 -0.218780258184864 95.670675871372 0.0147061840087765 0.945 1.567487484
-12.1442885771543 -12.1195746490194 0.167768505260882 0.0247139281349416 0.168379283504741 -0.651975168560109 95.3695091645467 0.0247139281349416 0.94 1.572541402
-10.0901803607214 -10.0530170364694 0.168434910237415 0.0371633242520115 0.169816022906875 -1.36018193202789 94.9921840872979 0.0371633242520115 0.947 1.578778684
0.380761523046093 0.286932478907433 0.172074485134614 -0.0938290441386599 0.180878374658588 -1.64053889285299 92.9829892414511 0.0938290441386599 0.935 1.582211194
-7.98597194388778 -7.921999731299 0.173145684550158 0.0639722125887756 0.177238128533662 -2.69977971661354 92.4077319141325 0.0639722125887756 0.935 1.585924085
-3.87775551102204 -3.9409221360183 0.0596072723257818 -0.0631666249962568 0.0635972948391996 85.9650344572577 268.423623086667 0.0631666249962568 0.984 1.211989204
-5.88176352705411 -5.7038290195725 0.20914712927844 0.177934507481608 0.240807818231163 -10.7846251048742 76.501169560396 0.177934507481608 0.902 1.663163631
8.74749498997996 8.70255757043133 0.166116994589406 -0.0449374195486261 0.168136366265095 -0.261919637694491 96.3176587654228 0.0449374195486261 0.944 1.569959856
6.69338677354709 6.6441474640888 0.167555612859321 -0.0492393094582937 0.16998012245525 -0.153641628543799 95.4906835226914 0.0492393094582937 0.939 1.567889482
-1.72344689378757 -1.89922501416893 0.197155836964233 -0.175778120381359 0.228053784569037 -7.54763004141087 81.1540771319015 0.175778120381359 0.922 1.642318787
4.58917835671343 4.53468424217757 0.167313364538592 -0.0544941145358626 0.17028297305764 -0.97223045845658 95.6289418010565 0.0544941145358626 0.94 1.573332929
2.48496993987976 2.41739035203903 0.168244507779343 -0.0675795878407279 0.172811508472066 -0.709647242664568 95.0996868259402 0.0675795878407279 0.94 1.574371007
-14.1983967935872 -14.1834974871159 0.167187564533053 0.014899306471241 0.167409553866377 -0.227171367955836 95.7008976396493 0.014899306471241 0.945 1.567573624
-12.0941883767535 -12.0691863170545 0.167836286404534 0.025002059699041 0.168461389393728 -0.673256962656288 95.3309939272334 0.025002059699041 0.945 1.57234222
-10.0400801603206 -10.0026141497485 0.168393712562704 0.0374660105721425 0.169797414510896 -1.39455081539623 95.0154240114049 0.0374660105721425 0.945 1.579140231
0.430861723446894 0.337840691299033 0.171888899695479 -0.0930210321478603 0.180541812117333 -1.56752853675773 93.0833813489167 0.0930210321478603 0.937 1.581551839
-7.93587174348697 -7.87090422538773 0.173425389454225 0.0649675180992402 0.1776461678622 -2.74717820482141 92.2586943604539 0.0649675180992402 0.937 1.586842872
-3.82765531062124 -3.91126925764357 0.0606764551268451 -0.0836139470223243 0.0676677472634972 83.756351515353 263.693717217852 0.0836139470223243 0.981 1.217591277
8.79759519038076 8.75267653033667 0.166165561479552 -0.0449186600440949 0.168183247499709 -0.297172523566724 96.2895070286207 0.0449186600440949 0.944 1.570351389
6.7434869739479 6.69451328259993 0.167520828433245 -0.0489736913479621 0.16991925087749 -0.368327839838695 95.5105114369455 0.0489736913479621 0.939 1.56869212
-5.83166332665331 -5.64749472898913 0.210517653572467 0.184168597664173 0.244435725938055 -11.3906164797864 76.0031271890093 0.184168597664173 0.897 1.664299851
-1.67334669338677 -1.8449012703674 0.195638424366649 -0.171554576980627 0.225069397249651 -7.20455989533236 81.7835251525752 0.171554576980627 0.921 1.639561245
4.63927855711423 4.58502817140077 0.167161171909703 -0.0542503857134609 0.170104276259762 -0.99407156629932 95.7160075944125 0.0542503857134609 0.94 1.573243674
2.53507014028056 2.4678530516454 0.168239901570554 -0.0672170886351635 0.172758038575141 -0.69295500331833 95.1022905424739 0.0672170886351635 0.937 1.574710186
-14.1482965931864 -14.1332334960343 0.167157619042052 0.0150630971521064 0.167384515937866 -0.239767873982322 95.7180419994785 0.0150630971521064 0.944 1.567924859
-12.0440881763527 -12.0188070383193 0.167804698295897 0.0252811380334386 0.168443834236163 -0.73246441924753 95.3489393472556 0.0252811380334386 0.939 1.572599123
-9.98997995991984 -9.95212460489153 0.168535751888226 0.0378553550283058 0.169968779792545 -1.47631114362584 94.9353464813286 0.0378553550283058 0.945 1.579593442
0.480961923847696 0.388900148084333 0.171744675640244 -0.0920617757633626 0.180220046196948 -1.51503801778228 93.1615489118008 0.0920617757633626 0.935 1.580716679
-7.88577154308617 -7.81953682849407 0.173719336410066 0.0662347145921061 0.178106373827164 -2.74761327478613 92.1025853001868 0.0662347145921061 0.942 1.587835199
-3.77755511022044 -3.88078862888013 0.0624272471464185 -0.103233518659693 0.0730844065212797 82.0063942598885 256.298342973112 0.103233518659693 0.978 1.224327782
8.84769539078156 8.80283762155723 0.166205827339067 -0.0448577692243308 0.16821804679885 -0.237918856615932 96.2661794484458 0.0448577692243308 0.944 1.570173634
6.7935871743487 6.74482847904123 0.167454464986428 -0.0487586953074644 0.169831875354514 -0.447915188434062 95.5483629612193 0.0487586953074644 0.939 1.568884846
-5.78156312625251 -5.5906417959069 0.211835928297704 0.190921330345605 0.24828688267864 -11.5807629729865 75.5301526449016 0.190921330345605 0.88 1.665155251
-1.62324649298597 -1.79069544955513 0.194393934189105 -0.167448956569161 0.222433087245206 -6.90264746019053 82.3070949551097 0.167448956569161 0.923 1.636495051
4.68937875751503 4.6353078768563 0.167145948161486 -0.0540708806587302 0.170069608296697 -1.01292417260553 95.7247254629334 0.0540708806587302 0.941 1.572861303
2.58517034068136 2.51821823213987 0.168221593465603 -0.0669521085414955 0.172704178303755 -0.730769428715211 95.1126408350876 0.0669521085414955 0.939 1.575047576
-14.0981963927856 -14.0829777040238 0.167186398691047 0.0152186887617702 0.167418007178675 -0.264223527343066 95.701564991344 0.0152186887617702 0.944 1.568538278
-11.9939879759519 -11.968430401642 0.167796702017615 0.0255575743099037 0.168449891622221 -0.768206876072713 95.3534831591648 0.0255575743099037 0.944 1.572919729
-9.93987975951904 -9.90164563408803 0.168599454890335 0.0382341254310035 0.170061303237809 -1.48346416223791 94.8994764568318 0.0382341254310035 0.945 1.579795243
0.531062124248498 0.4397246580754 0.171633562372784 -0.0913374661730981 0.179976095099706 -1.38004351137885 93.2218604496969 0.0913374661730981 0.936 1.580178993
-7.83567134268537 -7.7682106989073 0.173894588960368 0.0674606437780705 0.17844552741932 -2.91415802319943 92.0097634760017 0.0674606437780705 0.937 1.588965206
8.89779559118237 8.8529869649989 0.166189926723631 -0.0448086261834657 0.168197739704081 -0.239216922406732 96.2753899435045 0.0448086261834657 0.944 1.570586438
6.8436873747495 6.7952175755935 0.167348547560353 -0.0484697991559999 0.169697868990576 -0.529187273936904 95.6088369648365 0.0484697991559999 0.941 1.569162504
-3.72745490981964 -3.85031665323787 0.0646246502645193 -0.122861743418229 0.079719658260286 79.8331258494941 247.583544893618 0.122861743418229 0.977 1.233328702
-5.7314629258517 -5.5341204434346 0.212253628722333 0.197342482417104 0.251197684088877 -11.981542413662 75.3815145414121 0.197342482417104 0.886 1.664839487
4.73947895791583 4.68553123186033 0.167069799041229 -0.0539477260554984 0.169980156187788 -1.0086666209777 95.7683560513025 0.0539477260554984 0.938 1.572818533
-1.57314629258517 -1.7366849056746 0.192739138432858 -0.16353861308943 0.219484016404073 -6.61994909841933 83.013756988302 0.16353861308943 0.922 1.633771749
2.63527054108216 2.56874790933927 0.168180237845493 -0.0665226317428975 0.172605498379494 -0.778708405278294 95.13602908981 0.0665226317428975 0.937 1.575486006
-14.0480961923848 -14.0326069442989 0.167191978573724 0.0154892480858688 0.167431895379989 -0.278654426000041 95.698371037249 0.0154892480858688 0.943 1.56880804
-11.9438877755511 -11.9180729425512 0.167805916700341 0.0258148329999361 0.168472322303156 -0.822377878070074 95.3482470381061 0.0258148329999361 0.942 1.573295238
-9.88977955911824 -9.8511385819697 0.168706109146924 0.0386409771485354 0.170199234261918 -1.4869089051513 94.839481989747 0.0386409771485354 0.945 1.580065604
0.581162324649299 0.4907421378972 0.171596089216658 -0.0904201867520985 0.179771899388942 -1.38751995026729 93.242218240757 0.0904201867520985 0.933 1.579610672
-7.78557114228457 -7.7167820127164 0.174190720310286 0.0687891295681693 0.178922664657032 -2.9510679094889 91.8533431143703 0.0687891295681693 0.938 1.590174098
8.94789579158317 8.90312030274783 0.166174647397865 -0.0447754888353344 0.168179491798308 -0.210859596725477 96.2842422147098 0.0447754888353344 0.941 1.570702779
6.8937875751503 6.8453785827249 0.167271575516534 -0.0484089924254025 0.169615006064177 -0.5668936511385 95.6528325305244 0.0484089924254025 0.942 1.569383288
-3.67735470941884 -3.8189369443248 0.0675896443614625 -0.141582234905962 0.0876351736024296 75.022006435673 236.722654056791 0.141582234905962 0.966 1.245029274
4.78957915831663 4.7357794202144 0.166935350811104 -0.0537997381022342 0.169829762630973 -0.96501623103748 95.8454870239249 0.0537997381022342 0.938 1.572737502
-5.6813627254509 -5.47731655243483 0.212777050679479 0.204046173016068 0.254411891401982 -12.7376300527902 75.1960794122574 0.204046173016068 0.88 1.663796466
-1.52304609218437 -1.68301543892893 0.191747953297799 -0.159969346744566 0.217338145195682 -6.19267499498762 83.4428724000554 0.159969346744566 0.926 1.630602308
2.68537074148297 2.61907141526913 0.168193551415978 -0.0662993262138332 0.172589152072387 -0.843509362072892 95.1284984786879 0.0662993262138332 0.935 1.576072657
-13.997995991984 -13.9823502087694 0.167239559801727 0.015645783214568 0.167484350334124 -0.310251852456139 95.6711439504444 0.015645783214568 0.942 1.56925292
-11.8937875751503 -11.8677694452089 0.167798430220377 0.0260181299414342 0.168475373306027 -0.848710781412532 95.3525010870869 0.0260181299414342 0.942 1.57334544
-9.83967935871743 -9.8006269717645 0.168836937654821 0.0390523869529353 0.170362026581543 -1.50272906302633 94.7659926923766 0.0390523869529353 0.943 1.580391919
0.631262525050101 0.5415082170137 0.171478773302124 -0.0897543080364007 0.179534609113218 -1.36341689038693 93.3060092038913 0.0897543080364007 0.933 1.578933589
-7.73547094188377 -7.66558848944483 0.17427517346547 0.0698824524389341 0.17915873062435 -3.06706315588775 91.8088312973054 0.0698824524389341 0.939 1.591096253
8.99799599198397 8.95320964990143 0.166156351517804 -0.0447863420825367 0.168162167954938 -0.25913107095602 96.2948443068427 0.0447863420825367 0.942 1.571252571
6.9438877755511 6.89574276650083 0.167228144626211 -0.0481450090502706 0.169546086522662 -0.609559606224053 95.6776745670608 0.0481450090502706 0.943 1.56949108
4.83967935871744 4.7859436854861 0.166726101527709 -0.0537356732313361 0.169613624105333 -0.98272543374619 95.9657777240172 0.0537356732313361 0.937 1.572766832
-3.62725450901804 -3.78669348502677 0.0709001744375914 -0.159438976008731 0.0963209615083043 71.6562692188393 225.669402465063 0.159438976008731 0.965 1.257981602
-5.6312625250501 -5.42065831917627 0.212708332372827 0.210604205873834 0.257062463904576 -13.1064902376121 75.2203725237985 0.210604205873834 0.881 1.660286153
-1.47294589178357 -1.62936004617473 0.190346935768363 -0.156414154391166 0.214812323462266 -5.98677903757647 84.0570400327891 0.156414154391166 0.925 1.628084017
2.73547094188377 2.66945431268203 0.168254163768663 -0.0660166292017355 0.172612359099822 -0.845663790058421 95.0942291211219 0.0660166292017355 0.936 1.576216522
-13.9478957915832 -13.9321264224142 0.167181721663103 0.0157693691689662 0.16743039466709 -0.31139376070729 95.7042423109056 0.0157693691689662 0.941 1.569846504
-11.8436873747495 -11.8173555466432 0.167794859961657 0.0263318281063007 0.168488225133077 -0.897363119145583 95.3545299519673 0.0263318281063007 0.945 1.573560492
-9.78957915831663 -9.75009372287093 0.168968125519794 0.0394854354457017 0.170527225132131 -1.53664222244899 94.6924158078892 0.0394854354457017 0.942 1.580476331
0.681362725450903 0.592447874410867 0.17148234146403 -0.0889148510400363 0.179388192199502 -1.32531632429568 93.3040677156612 0.0889148510400363 0.936 1.578137269
-7.68537074148297 -7.61411440476423 0.174657501338797 0.071256336718732 0.17973496686137 -3.15420964557044 91.6078603973815 0.071256336718732 0.94 1.592216011
9.04809619238477 9.0033617770313 0.16621729149203 -0.044734415353469 0.168218459409047 -0.231381092942662 96.2595398852784 0.044734415353469 0.942 1.571328573
6.9939879759519 6.94594326827857 0.167182768798303 -0.0480447076733368 0.169491062733719 -0.661561603688887 95.7036428754399 0.0480447076733368 0.943 1.569668218
4.88977955911824 4.83618715978023 0.166626546707275 -0.0535923993380054 0.169498691974079 -0.998237694421239 96.0231146607652 0.0535923993380054 0.937 1.572685491
-3.57715430861723 -3.75370074598353 0.0747734053159752 -0.1765464373663 0.105942049862708 67.857509026498 213.979822537006 0.1765464373663 0.954 1.271991967
-1.42284569138276 -1.57576397366577 0.18906504226135 -0.152918282283002 0.212449043317734 -5.7026497022486 84.6269612225973 0.152918282283002 0.924 1.625014503
-5.5811623246493 -5.3637467201694 0.212636341638893 0.217415604479899 0.259905886710253 -13.3811715420294 75.2458393362119 0.217415604479899 0.872 1.656698707
2.78557114228457 2.71994168070873 0.168286527539826 -0.0656294615758375 0.172593753766561 -0.895086883623791 95.0759412170619 0.0656294615758375 0.945 1.576778441
-13.8977955911824 -13.88193167089 0.167179583618509 0.0158639202923663 0.167431247585552 -0.326739923245145 95.7054662638156 0.0158639202923663 0.939 1.570529391
-11.7935871743487 -11.7670284864127 0.167784575023062 0.0265586879359638 0.168489938927942 -0.921268218952881 95.3603750392479 0.0265586879359638 0.942 1.573998027
-9.73947895791583 -9.69944133392493 0.169029876749459 0.0400376239908979 0.170632888084296 -1.58097986490798 94.6578220826349 0.0400376239908979 0.943 1.581107037
0.731462925851703 0.643274838942033 0.171526602413756 -0.0881880869096701 0.179303741086544 -1.31050524974122 93.2799914115061 0.0881880869096701 0.939 1.577625235
-7.63527054108216 -7.56273577745147 0.174845435143601 0.0725347636306974 0.180106727078562 -3.25002809345369 91.5093950657572 0.0725347636306974 0.937 1.593282311
9.09819639278557 9.0534439992345 0.166165454744532 -0.0447523935510716 0.168168231473082 -0.225764775474813 96.2895688793976 0.0447523935510716 0.941 1.571632697
7.04408817635271 6.99620592235113 0.167116290799921 -0.0478822540015722 0.169409001048192 -0.642547901264579 95.7417132908718 0.0478822540015722 0.942 1.569432098
4.93987975951904 4.88630853186273 0.166493160724333 -0.0535712276563043 0.169363037156937 -1.00748297219607 96.1000435717091 0.0535712276563043 0.94 1.572529648
-1.37274549098196 -1.5226093144519 0.187811091341391 -0.149863823469937 0.21027025692642 -5.43828102208337 85.1919867230641 0.149863823469937 0.935 1.623251392
-3.52705410821643 -3.72003385333687 0.0793275903820975 -0.192979745120434 0.116568772408845 61.8328475134135 201.695273018287 0.192979745120434 0.938 1.288601817
-5.5310621242485 -5.30732087788177 0.21121174971472 0.223741246366729 0.261271895040458 -13.3600732866164 75.7533613618129 0.223741246366729 0.867 1.652095633
2.83567134268537 2.7703916306703 0.168400632538182 -0.065279712015073 0.172662073338953 -0.946476190175605 95.0115196056182 0.065279712015073 0.939 1.577166502
-13.8476953907816 -13.8315825327518 0.167234389111953 0.0161128580297962 0.167494013305842 -0.320773709450406 95.6741019892085 0.0161128580297962 0.94 1.570988447
-11.7434869739479 -11.7166056660549 0.167769077055758 0.0268813078929959 0.168491681769796 -1.00611908389145 95.3691841237371 0.0268813078929959 0.941 1.574728222
-9.68937875751503 -9.64891394116983 0.169103833783614 0.0404648163451959 0.170741235145465 -1.59902065249298 94.6164237794494 0.0404648163451959 0.944 1.581488725
0.781563126252506 0.694197014133267 0.171607512714823 -0.0873661121192389 0.179240350261654 -1.26354702096778 93.23601133121 0.0873661121192389 0.939 1.576802413
9.14829659318637 9.10357557902513 0.166187952422592 -0.0447210141612402 0.168187921530202 -0.222160964459645 96.2765336882802 0.0447210141612402 0.943 1.571780663
-7.58517034068136 -7.51126613752733 0.175080139511605 0.0739042031540293 0.180541970755437 -3.36925754036189 91.3867217871362 0.0739042031540293 0.938 1.594766058
7.09418837675351 7.04637665284393 0.167003161835138 -0.0478117239095743 0.169289122778343 -0.644208300501109 95.8065693139085 0.0478117239095743 0.94 1.569323286
4.98997995991984 4.93649429021067 0.166491732431963 -0.0534856697091728 0.169352449296202 -1.00044917157871 96.1008679907781 0.0534856697091728 0.945 1.572431868
-1.32264529058116 -1.46972432897147 0.186833947065249 -0.147079038390304 0.208466190599066 -5.32759119046137 85.6375420598068 0.147079038390304 0.931 1.621094915
2.88577154308617 2.8208787254085 0.168475607895702 -0.0648928176776717 0.172686685681849 -0.968529541397695 94.9692373860146 0.0648928176776717 0.936 1.577216965
-5.4809619238477 -5.25082595066993 0.209527246937899 0.230135973177762 0.262489813088374 -13.7145866242702 76.3623835745917 0.230135973177762 0.862 1.645534146
-13.7975951903808 -13.781285797641 0.167278510148633 0.0163093927397941 0.167544506440174 -0.326746159351426 95.6488671843349 0.0163093927397941 0.945 1.571564159
-3.47695390781563 -3.68525374898297 0.0843786023907171 -0.208299841167336 0.127767426221055 54.6283210652161 189.62153373804 0.208299841167336 0.927 1.30538177
-11.6933867735471 -11.6662810937375 0.167711305760354 0.0271056798096261 0.168446023638296 -1.07661624587831 95.4020358225744 0.0271056798096261 0.945 1.575029857
-9.63927855711423 -9.59824290219043 0.169211624206963 0.0410356549237942 0.170895549181987 -1.59979748029468 94.5561516532127 0.0410356549237942 0.939 1.581276352
0.831663326653308 0.745070525846967 0.171517431209341 -0.0865928008063411 0.179015744360828 -1.28250044348474 93.2849791836705 0.0865928008063411 0.945 1.576161786
9.19839679358718 9.1537308369981 0.166187629608045 -0.0446659565890748 0.168182677286062 -0.18076620161217 96.2767207025945 0.0446659565890748 0.941 1.571880037
7.14428857715431 7.09666027868567 0.167017319427872 -0.0476282984686431 0.16928577424289 -0.617665062878503 95.7984480580156 0.0476282984686431 0.944 1.569322376
-7.53507014028056 -7.45987185932643 0.175291790556202 0.075198280954127 0.180946572014658 -3.5449114538388 91.2763795111675 0.075198280954127 0.937 1.5958054
5.04008016032064 4.98656673282517 0.166395079891662 -0.0535134274954752 0.169258766813975 -0.955809594574147 96.1566893108704 0.0535134274954752 0.941 1.571991731
2.93587174348697 2.87136818731393 0.168500433077355 -0.0645035561730407 0.172661141836324 -1.0152018413932 94.955245561029 0.0645035561730407 0.943 1.577058874
-1.27254509018036 -1.41666893960813 0.185827009718134 -0.144123849427773 0.206598693692013 -5.12057174420551 86.1015846096277 0.144123849427773 0.929 1.618494098
-13.74749498998 -13.7310425545446 0.167305846980187 0.0164524354353919 0.167576529611943 -0.339308405277788 95.6332386990324 0.0164524354353919 0.948 1.572108949
-5.43086172344689 -5.19470563849823 0.207132113093502 0.23615608494866 0.26290180955178 -13.8855826297768 77.2453858604601 0.23615608494866 0.865 1.637268953
-3.42685370741483 -3.6489322875624 0.0897811093921877 -0.22207858014757 0.139100005152548 50.4528239249241 178.211208441497 0.22207858014757 0.901 1.324180311
-11.6432865731463 -11.6159245505171 0.167760261351406 0.0273620226291591 0.168508941633765 -1.09754256253901 95.3741957190024 0.0273620226291591 0.946 1.575365853
-9.58917835671343 -9.54775933364757 0.16929819661237 0.041419023065858 0.1710137320841 -1.65301990422145 94.5077993750521 0.041419023065858 0.937 1.581287784
0.881763527054108 0.796104041596233 0.171605979906931 -0.0856594854578748 0.178943527355839 -1.20578108925452 93.2368441279115 0.0856594854578748 0.941 1.575485443
9.24849699398798 9.20392408129103 0.166256548016497 -0.0445729126969443 0.168243292562787 -0.190266692757185 96.2368110663067 0.0445729126969443 0.944 1.572077924
7.19438877755511 7.1469240903881 0.166957954079942 -0.0474646871670119 0.169210850607804 -0.596848890415508 95.8325111742741 0.0474646871670119 0.938 1.569452552
-7.48496993987976 -7.4082025662256 0.175574533348658 0.0767673736541594 0.181467763006416 -3.82891405787351 91.1293892960374 0.0767673736541594 0.94 1.597181827
5.09018036072144 5.03683984958983 0.166331016369088 -0.0533405111316103 0.169176226496869 -1.00651787689759 96.1937247139526 0.0533405111316103 0.94 1.572087219
2.98597194388778 2.9218494118534 0.168525186399874 -0.0641225320343759 0.172636885514374 -1.00921133465171 94.9412983412189 0.0641225320343759 0.946 1.577628381
-1.22244488977956 -1.36378124488567 0.184484062479123 -0.141336355106109 0.204460027753803 -5.0402746746144 86.7283589974644 0.141336355106109 0.928 1.615981056
-13.6973947895792 -13.6807680839585 0.167312195491092 0.0166267056206593 0.167588642830889 -0.329765088146378 95.6296099817292 0.0166267056206593 0.946 1.572637912
-5.38076152304609 -5.13897190472733 0.20426431078271 0.241789618318758 0.26272653030944 -13.5194658344087 78.3298851311344 0.241789618318758 0.864 1.627683163
-11.5931863727455 -11.5654955623202 0.167823229756397 0.0276908104252911 0.168590010738406 -1.1370388699297 95.3384106790506 0.0276908104252911 0.941 1.575849905
-3.37675350701403 -3.61186436504613 0.0957694275119398 -0.235110858032106 0.151046543076533 42.5188366984088 167.067929877781 0.235110858032106 0.885 1.34381869
-9.53907815631263 -9.49711515303897 0.169442914416322 0.0419630032736578 0.171203808060067 -1.71429562031347 94.4270821539807 0.0419630032736578 0.942 1.581647246
0.93186372745491 0.847015992529367 0.171497338172267 -0.0848477349255438 0.178696476294262 -1.23623579168602 93.295908674269 0.0848477349255438 0.939 1.574997659
9.29859719438878 9.2540241055877 0.166246104800015 -0.04457308880108 0.168232865045284 -0.148517629804906 96.2428564521684 0.04457308880108 0.943 1.572296165
7.24448897795591 7.19711757773767 0.166961291707149 -0.047371400218247 0.169205341265787 -0.531298027309723 95.8305954416311 0.047371400218247 0.946 1.569051275
-7.43486973947896 -7.3566792865819 0.175776516110401 0.0781904528970578 0.181890263034648 -3.9877036457398 91.0246735687423 0.0781904528970578 0.936 1.598262288
5.14028056112225 5.0869740208954 0.16634102180395 -0.0533065402268464 0.169182609034906 -0.957961465411339 96.1879386484571 0.0533065402268464 0.942 1.571886427
3.03607214428858 2.97229327130137 0.168505541187418 -0.0637788729872115 0.172573285826937 -1.11273045967701 94.9523670690699 0.0637788729872115 0.945 1.578112709
-13.6472945891784 -13.6304061295365 0.167307973638114 0.0168884596418568 0.167593193707188 -0.305180542968425 95.6320231013492 0.0168884596418568 0.946 1.572728811
-1.17234468937876 -1.31107041497307 0.183599791574939 -0.138725725594309 0.202844618516607 -4.89365466933165 87.1460684282385 0.138725725594309 0.927 1.613516222
-5.33066132264529 -5.0840336518476 0.200669164187847 0.246627670797691 0.261494372190941 -13.1698947456752 79.7332268998856 0.246627670797691 0.865 1.616213759
-11.5430861723447 -11.5152276625341 0.167835788759885 0.0278585098105566 0.16861188532875 -1.26788161937905 95.331276590182 0.0278585098105566 0.941 1.576509666
-3.32665330661323 -3.57331601115223 0.102166278712115 -0.246662704539008 0.163008768522613 32.6744555805668 156.607446230717 0.246662704539008 0.875 1.364591582
-9.48897795591182 -9.44654580139383 0.169535380532548 0.0424321545179911 0.171335868269587 -1.71668043848814 94.3755807769474 0.0424321545179911 0.942 1.58173023
0.981963927855713 0.898070615512067 0.171655197546243 -0.0838933123436459 0.178693285402231 -1.22247176483552 93.210110900893 0.0838933123436459 0.941 1.574645614
9.34869739478958 9.3041095647699 0.166218294692563 -0.0445878300196778 0.168206369278427 -0.175954369435433 96.2589589166075 0.0445878300196778 0.944 1.572483397
7.29458917835671 7.24728497225403 0.166937395930722 -0.0473042061026794 0.169175083845727 -0.514654711207124 95.8443128383283 0.0473042061026794 0.94 1.568824351
-7.38476953907816 -7.3050534979333 0.176202942638704 0.0797160411448559 0.182557589854512 -4.15412130220358 90.8043858995436 0.0797160411448559 0.937 1.59983955
5.19038076152305 5.1370653384233 0.166350070212526 -0.0533154230997486 0.169192604552831 -0.940346041115381 96.1827066231994 0.0533154230997486 0.939 1.571766471
3.08617234468938 3.0227437184455 0.168513167895407 -0.0634286262438803 0.172536358522593 -1.10361101937643 94.9480696364982 0.0634286262438803 0.945 1.578291557
-13.5971943887776 -13.5800837074905 0.167399476222555 0.0171106812870558 0.167692251636662 -0.301419009818787 95.5797494774012 0.0171106812870558 0.941 1.572980666
-1.12224448897796 -1.25859214676963 0.182673325834691 -0.136347657791678 0.201264009619968 -4.72788380735031 87.5880478274045 0.136347657791678 0.929 1.611683593
-11.4929859719439 -11.4648210423048 0.167842746210952 0.0281649296390878 0.168636009472527 -1.26023381331218 95.3273248990485 0.0281649296390878 0.946 1.576809435
-5.28056112224449 -5.02917391530217 0.196286008727072 0.251387206942322 0.259481536541334 -12.8144288547711 81.5137059628503 0.251387206942322 0.86 1.604134484
-9.43887775551102 -9.39585172574107 0.169666503294595 0.0430260297699565 0.17151774253236 -1.75913735053781 94.3026448315431 0.0430260297699565 0.942 1.581805812
9.39879759519038 9.35425326519517 0.166275271232498 -0.0445443299952135 0.16825946856722 -0.144386175127453 96.2259744422711 0.0445443299952135 0.943 1.572459511
-3.27655310621243 -3.53380933561697 0.109088206997265 -0.257256229404542 0.175268974564707 28.1504242501952 146.670299571439 0.257256229404542 0.862 1.384579253
1.03206412825651 0.948919391230433 0.17157837833884 -0.0831447370260815 0.178491425633976 -1.25866739396323 93.2518430055478 0.0831447370260815 0.94 1.574444261
7.34468937875751 7.2975870007444 0.166877272870869 -0.0471023780131148 0.16909590688536 -0.456060738706809 95.8788439237073 0.0471023780131148 0.942 1.568386732
-7.33466933867735 -7.25355799262713 0.176387269134265 0.0811113460502213 0.182966319592343 -4.33712301539362 90.7094943899887 0.0811113460502213 0.941 1.601101543
5.24048096192385 5.18713474992573 0.166370026548117 -0.0533462119981136 0.169215844882664 -0.853923679389507 96.1711693624848 0.0533462119981136 0.939 1.571428209
3.13627254509018 3.0731808495088 0.168558206338682 -0.0630916955813792 0.172538768390016 -1.15741372856727 94.9226996866077 0.0630916955813792 0.941 1.578135371
-13.5470941883768 -13.5298591105766 0.167487347479866 0.0172350778001871 0.167784395386645 -0.235980685500098 95.5296041208329 0.0172350778001871 0.946 1.573207427
-1.07214428857715 -1.20614736146077 0.181829582618027 -0.134003072883614 0.199786406160278 -4.6415097500385 87.9944823588554 0.134003072883614 0.924 1.609664188
-11.4428857715431 -11.4144313851832 0.167844886384546 0.0284543863598863 0.168654538487664 -1.26323836184894 95.3261093897295 0.0284543863598863 0.944 1.576986119
-5.23046092184369 -4.97535194917397 0.191366826992274 0.25510897266972 0.256447414928874 -11.8244786959889 83.6090572826709 0.25510897266972 0.858 1.590179779
9.44889779559118 9.40438047370593 0.166241029188884 -0.0445173218852499 0.168222821136719 -0.150933620170302 96.2457949043417 0.0445173218852499 0.948 1.572619786
-9.38877755511022 -9.34529145239563 0.169601958818579 0.0434861027145867 0.171492999947883 -1.78863641925328 94.3385330656173 0.0434861027145867 0.94 1.581277497
7.39478957915832 7.34787655786773 0.166881415599535 -0.0469130212905835 0.169082247166145 -0.41315345798435 95.8764637902833 0.0469130212905835 0.948 1.568138611
1.08216432865731 0.999926827740833 0.171638254976748 -0.0822375009164802 0.178401261533736 -1.23609465301742 93.2193117563885 0.0822375009164802 0.944 1.574354997
-3.22645290581162 -3.49282268163353 0.116148799819323 -0.26636977582191 0.187101657290738 20.5417563894547 137.754329144073 0.26636977582191 0.851 1.405570341
-7.28456913827655 -7.20196817955733 0.176650527719694 0.0826009587192198 0.183473446101028 -4.47886330174128 90.5743119283998 0.0826009587192198 0.937 1.602339927
5.29058116232465 5.23732376536883 0.166292305438525 -0.0532573969558161 0.169128655769034 -0.814762146276521 96.216117503494 0.0532573969558161 0.936 1.571134354
3.18637274549098 3.12378723649743 0.168495767571577 -0.0625855089935481 0.172412713507558 -1.15890813104736 94.9578747917406 0.0625855089935481 0.946 1.578490712
-13.496993987976 -13.4795260734996 0.167516990956641 0.0174679144763186 0.167822118992793 -0.255576263172103 95.5126993902445 0.0174679144763186 0.947 1.573444567
-1.02204408817635 -1.1539356598897 0.18095316924348 -0.131891571713347 0.198348555932497 -4.56833734298824 88.4206674405983 0.131891571713347 0.931 1.608313069
-11.3927855711423 -11.3639594556644 0.167863633280266 0.0288261154778837 0.168694578213811 -1.30829730813958 95.3154634350508 0.0288261154778837 0.945 1.5772267
9.49899799599199 9.45455943272843 0.166274610342725 -0.0444385632635509 0.168249396247654 -0.131446487312886 96.2263569105398 0.0444385632635509 0.946 1.571983823
7.44488977955912 7.39807840052253 0.166883133214046 -0.0468113790365861 0.169074438421353 -0.349356846647431 95.875476999094 0.0468113790365861 0.945 1.567815427
-9.33867735470942 -9.2945671661777 0.169727126422165 0.0441101885317181 0.171672835154469 -1.84892400302007 94.2689618169988 0.0441101885317181 0.941 1.581581251
-5.18036072144289 -4.9226430447679 0.185650837149571 0.257717676674986 0.252069238020324 -10.977024304592 86.183290340401 0.257717676674986 0.861 1.574262824
1.13226452905812 1.0508763621567 0.171558919153314 -0.0813881669014156 0.178182952864886 -1.26996481617881 93.2624201584156 0.0813881669014156 0.94 1.574139263
-3.17635270541082 -3.4502144472122 0.12360324683212 -0.273861741801379 0.198603500454606 16.2089779620608 129.446437776278 0.273861741801379 0.85 1.427641735
5.34068136272545 5.2875300774473 0.166255273606694 -0.0531512852781511 0.169080332733413 -0.789222369741543 96.237548758007 0.0531512852781511 0.939 1.570905379
-7.23446893787575 -7.15012170518403 0.177083598276886 0.0843472326917176 0.184198053939637 -4.63683143445171 90.3528059949549 0.0843472326917176 0.934 1.603517248
3.23647294589178 3.17421517605613 0.168499815576186 -0.0622577698356501 0.172375845481095 -1.2096545768024 94.9555935434583 0.0622577698356501 0.943 1.578727378
-13.4468937875751 -13.4290924117835 0.167543255792218 0.0178013757916151 0.167860144772293 -0.212635355590807 95.4977263891939 0.0178013757916151 0.947 1.573596329
-0.97194388777555 -1.1016137376888 0.1802257146088 -0.12966984991325 0.197039984585325 -4.47476593620646 88.777564482015 0.12966984991325 0.932 1.606704947
-11.3426853707415 -11.3137239274104 0.167847700467148 0.0289614433310827 0.168686465666968 -1.38078849419318 95.3245111816804 0.0289614433310827 0.945 1.577638725
9.54909819639279 9.50464787846193 0.166299188842804 -0.0444503179308544 0.168275019606958 -0.128605307545815 96.2121349558964 0.0444503179308544 0.945 1.572123351
7.49498997995992 7.4483394636589 0.166908844042151 -0.0466505163010211 0.169085114713303 -0.294581446547121 95.8607082316105 0.0466505163010211 0.944 1.567635134
-9.28857715430862 -9.24404572125407 0.169733675606057 0.0445314330545497 0.171716724135949 -1.89085285666961 94.2653244435425 0.0445314330545497 0.943 1.581496266
1.18236472945892 1.10185386658213 0.171478487441296 -0.0805108628767846 0.17796048648246 -1.26692949949139 93.3061647483769 0.0805108628767846 0.943 1.574239848
-5.13026052104208 -4.8705786678442 0.179475753235361 0.259681853197884 0.246910418115648 -10.2420460322349 89.1485323870903 0.259681853197884 0.86 1.557241564
-3.12625250501002 -3.40679126150523 0.131098353250346 -0.280538756495213 0.209800347146226 9.28406259906832 122.045774056722 0.280538756495213 0.844 1.448897895
5.39078156312625 5.3376681210243 0.166214452078114 -0.0531134421019539 0.169035489810032 -0.675655049602153 96.2611842710322 0.0531134421019539 0.94 1.570359475
-7.18436873747495 -7.09837144308673 0.177493698791474 0.0859972943882159 0.184889233433568 -4.78314712873932 90.144045162963 0.0859972943882159 0.934 1.604764538
3.28657314629259 3.22479672731413 0.168421963714975 -0.0617764189784524 0.172238289656776 -1.24180198525493 94.9994860948018 0.0617764189784524 0.944 1.57906833
-13.3967935871743 -13.3787706614026 0.167525867367929 0.0180229257717492 0.167850693221303 -0.221646009141724 95.5076386195333 0.0180229257717492 0.945 1.573532562
-0.921843687374748 -1.04973129226403 0.179515516827751 -0.127887604889285 0.195870756312069 -4.39870887592217 89.1287855375329 0.127887604889285 0.937 1.60525594
-11.2925851703407 -11.2633481900831 0.167873893772546 0.0292369802576147 0.16872869478713 -1.36444546610867 95.3096377312754 0.0292369802576147 0.945 1.57788036
9.59919839679359 9.5548214430347 0.166352409827011 -0.0443769537588903 0.168321723851929 -0.0987863769638275 96.1813538898435 0.0443769537588903 0.946 1.571676492
7.54509018036072 7.49853073690717 0.166860660543432 -0.0465594434535568 0.169028442318137 -0.294499920027808 95.8883894375775 0.0465594434535568 0.939 1.567324447
-9.23847695390782 -9.1932792119804 0.169886999615596 0.0451977419274154 0.171929835490934 -1.92384689887898 94.1802494375864 0.0451977419274154 0.942 1.581389911
1.23246492985972 1.15270144079963 0.171250905646894 -0.0797634890600867 0.177613119833932 -1.28639229568838 93.4301628336541 0.0797634890600867 0.935 1.574181115
-5.08016032064128 -4.81980318592393 0.172714903736779 0.260357134717348 0.240500741335006 -7.61331963904303 92.638212764686 0.260357134717348 0.862 1.538751566
5.44088176352706 5.38774383048913 0.166251860458786 -0.0531379330379229 0.169075500386329 -0.563227352520862 96.2395245132694 0.0531379330379229 0.939 1.57010725
-3.07615230460922 -3.36158217770597 0.138670042083591 -0.285429873096748 0.220140254539617 4.35949168565027 115.381806766562 0.285429873096748 0.839 1.470249754
-7.13426853707415 -7.0464806491035 0.177901136949827 0.0877878879706486 0.185607850224174 -4.87330791096992 89.9375927232687 0.0877878879706486 0.934 1.605939987
3.33667334669339 3.27526642306907 0.168427206547571 -0.0614069236243213 0.172198016816575 -1.17549728835134 94.9965289335893 0.0614069236243213 0.944 1.578715546
-13.3466933867735 -13.3284936485352 0.16758542416146 0.0181997382383141 0.167916654633403 -0.206843700221671 95.4736969522174 0.0181997382383141 0.947 1.573241284
-0.871743486973948 -0.997580565563667 0.178849089130213 -0.125837078589719 0.194684059478208 -4.30045592191886 89.4608973286471 0.125837078589719 0.928 1.603572177
-11.2424849699399 -11.2129284192581 0.167901853099585 0.0295565506818143 0.168775442787792 -1.35646699684729 95.293766594167 0.0295565506818143 0.946 1.577945076
9.64929859719439 9.60494860383407 0.166411607304889 -0.0443499933603206 0.16837852921595 -0.116959017333523 96.1471393680235 0.0443499933603206 0.944 1.571752305
7.59519038076152 7.54885921186387 0.166844768003313 -0.0463311688976553 0.168991345214737 -0.190624534014189 95.8975231376884 0.0463311688976553 0.941 1.567016211
-9.18837675350701 -9.14262700323227 0.169975799279178 0.0457497502747479 0.17206883892938 -1.96692754659478 94.1310472893888 0.0457497502747479 0.941 1.580873237
1.28256513026052 1.20358810907877 0.171178701871742 -0.0789770211817558 0.177416071746486 -1.27700387152796 93.4695720031116 0.0789770211817558 0.938 1.574209476
-5.03006012024048 -4.77022981643177 0.165512220686144 0.259830303808715 0.233024007463473 -3.98178009220424 96.6695989798866 0.259830303808715 0.859 1.520050402
5.49098196392786 5.437854526813 0.166234157096406 -0.053127437114858 0.169056681670799 -0.452577991900915 96.2497736895368 0.053127437114858 0.94 1.569621768
-7.08416833667335 -6.9945805102232 0.178354185575371 0.0895878264501464 0.186380164223433 -4.98926473658748 89.7091366170294 0.0895878264501464 0.934 1.607458037
-3.02605210420842 -3.3147379494181 0.146453391871895 -0.288685845209684 0.229792909096325 -1.07236056749795 109.249774248966 0.288685845209684 0.836 1.490669442
3.38677354709419 3.32571173183923 0.168289693538688 -0.0610618152549569 0.172018238820919 -1.23362119659967 95.0741525732339 0.0610618152549569 0.938 1.578801944
-13.2965931863727 -13.2781001475995 0.167650405562849 0.0184930387732791 0.167992398045919 -0.214121944731943 95.4366912879429 0.0184930387732791 0.943 1.573055504
-0.821643286573146 -0.945740458032 0.178267191972019 -0.124097171458854 0.193667299936107 -4.14323671345726 89.7529142799949 0.124097171458854 0.933 1.602080894
9.69939879759519 9.65508274817353 0.166447168852632 -0.0443160494216563 0.168411081088975 -0.0476238448943567 96.1265974680888 0.0443160494216563 0.946 1.57126164
-11.1923847695391 -11.1624256831047 0.16797171841146 0.0299590864343777 0.168869265271443 -1.40971216492376 95.2541305840946 0.0299590864343777 0.946 1.578013193
7.64529058116232 7.5989861194356 0.166819207039316 -0.0463044617267245 0.168963310215118 -0.186489578019333 95.9122170879827 0.0463044617267245 0.944 1.567101522
-9.13827655310621 -9.0918994145052 0.170007293728452 0.046377138601013 0.17215813271327 -1.92518724506243 94.1136091817117 0.046377138601013 0.943 1.580538839
1.33266533066132 1.2544637349478 0.170924958514076 -0.0782015957135245 0.177040448086217 -1.29183471516302 93.6083304573825 0.0782015957135245 0.935 1.574489087
5.54108216432866 5.48811558398347 0.166215982970111 -0.0529665803451902 0.169021441603575 -0.303932413559344 96.2602976807418 0.0529665803451902 0.938 1.569140913
-4.97995991983968 -4.72179863021407 0.15815617211628 0.258161289625613 0.22480342357744 -0.976045425819022 101.165827333229 0.258161289625613 0.851 1.500202508
-7.03406813627254 -6.9424559495738 0.178917728735939 0.0916121866987449 0.187310521487665 -5.13914016501424 89.4265767458632 0.0916121866987449 0.935 1.608570838
-2.97595190380762 -3.2673531299279 0.153951455698749 -0.291401226120284 0.238866130283154 -5.84605756809891 103.928864637101 0.291401226120284 0.84 1.511560925
3.43687374749499 3.3760813668932 0.168242164069797 -0.0607923806017889 0.17193787760903 -1.15172752324327 95.1010116189556 0.0607923806017889 0.941 1.57846236
-13.2464929859719 -13.227811326118 0.167718685540067 0.018681659853911 0.168067689954965 -0.186123025596485 95.3978380433805 0.018681659853911 0.94 1.572756669
9.74949899799599 9.70521968994173 0.166558079373062 -0.0442793080542589 0.168518736494826 -0.0529154383921315 96.0625870580717 0.0442793080542589 0.946 1.571181331
-0.771543086172345 -0.893794411644033 0.17781823876802 -0.122251325471688 0.192763625347605 -4.10134855983823 89.9795212845033 0.122251325471688 0.931 1.601047451
7.69539078156313 7.64919609631507 0.166832962172193 -0.0461946852480599 0.16896691111736 -0.18129677384332 95.9043092664506 0.0461946852480599 0.941 1.567040891
-11.1422845691383 -11.1121002179185 0.168034105314718 0.030184351219809 0.168945200373279 -1.39741287039633 95.2187650836297 0.030184351219809 0.947 1.578110799
-9.08817635270541 -9.04108383124947 0.1700939089068 0.0470925214559443 0.172311614483878 -1.9782617853775 94.0656846728529 0.0470925214559443 0.944 1.580073849
1.38276553106212 1.30527142898227 0.170765928480214 -0.0774941020798565 0.176771264337377 -1.26651714178946 93.6955055519395 0.0774941020798565 0.936 1.574415621
5.59118236472946 5.53818818857247 0.166279856872568 -0.0529941761569921 0.169088239579127 -0.19762900445735 96.2233207372911 0.0529941761569921 0.939 1.568497393
-4.92985971943888 -4.6746313633456 0.15058282427416 0.255228356093277 0.215724338028236 5.53915057216732 106.253817971095 0.255228356093277 0.865 1.479129065
-6.98396793587174 -6.8904381118687 0.179583051612136 0.0935298240030429 0.188330879590176 -5.26778663210824 89.0952673783319 0.0935298240030429 0.931 1.610040637
-2.92585170340681 -3.21796196796957 0.161425767263544 -0.292110264562753 0.246754173926465 -7.74429489985771 99.1167659985684 0.292110264562753 0.844 1.530406217
3.48697394789579 3.42646697101237 0.168198465722906 -0.0605069768834245 0.171859559974477 -1.18609902203339 95.1257190797373 0.0605069768834245 0.943 1.57852179
-13.1963927855711 -13.1774630385288 0.167738779365308 0.0189297470423746 0.168097114688397 -0.192088908093396 95.3864101106551 0.0189297470423746 0.942 1.572588883
9.79959919839679 9.75542220480047 0.166589830546147 -0.0441769935963272 0.168541437309357 -0.0604674403571093 96.0442780183264 0.0441769935963272 0.946 1.570886804
7.74549098196393 7.69938572276507 0.166789046395309 -0.0461052591988622 0.168914741321104 -0.155382630086642 95.9295609981374 0.0461052591988622 0.947 1.566951293
-11.0921843687375 -11.0617697237381 0.167997930949604 0.0304146449993414 0.16892298158004 -1.38630116713329 95.2392681836043 0.0304146449993414 0.946 1.577876011
-0.721442885771543 -0.842112374014467 0.177183566413162 -0.120669488242924 0.191744691805971 -3.93379172418583 90.3018283461498 0.120669488242924 0.931 1.599892346
1.43286573146293 1.3560252837442 0.170640630869125 -0.0768404477187254 0.17654508527474 -1.2269573594348 93.7643040728756 0.0768404477187254 0.936 1.574102647
-9.03807615230461 -8.99032274331333 0.170149021647958 0.0477534089912748 0.172429409718246 -1.89734809994055 94.0352159832243 0.0477534089912748 0.942 1.579427777
5.64128256513026 5.58833529717057 0.166369481445479 -0.0529472679596941 0.169172894629874 -0.134889208831512 96.1714844632932 0.0529472679596941 0.943 1.568235776
-6.93386773547094 -6.83823439296387 0.180246137874027 0.0956333425070754 0.189391874073103 -5.37246066318712 88.7675053053414 0.0956333425070754 0.934 1.611072395
-4.87975951903808 -4.62909551434033 0.142919677906717 0.250664004697743 0.205752121157827 8.79622847414203 111.950993973294 0.250664004697743 0.862 1.458185462
3.53707414829659 3.4768536108356 0.168026134332382 -0.0602205374609932 0.171652647464472 -1.10499739707784 95.2232821612711 0.0602205374609932 0.937 1.578136604
-2.87575150300601 -3.16799965235037 0.168410181178368 -0.292248149344355 0.253819161973569 -9.17975392099444 95.0061325749297 0.292248149344355 0.847 1.548275041
-13.1462925851703 -13.1271027408686 0.167779054120563 0.0191898443017422 0.168147304244888 -0.197790882153798 95.3635129478241 0.0191898443017422 0.942 1.572224273
9.8496993987976 9.8056625593985 0.166689490955201 -0.0440368393990962 0.168628734179462 -0.0352665849417899 95.9868550099548 0.0440368393990962 0.944 1.570760233
7.79559118236473 7.74962161709067 0.166750417543965 -0.0459695652740644 0.168863618475451 -0.17762949987597 95.9517837236088 0.0459695652740644 0.946 1.567201021
-11.0420841683367 -11.0113283907357 0.168088207857312 0.030755777600973 0.169034125713153 -1.3217627179292 95.1881170247362 0.030755777600973 0.948 1.577557389
-0.671342685370741 -0.7904643813655 0.176801074282921 -0.119121695994759 0.190991052739589 -3.78732381823783 90.4971876720411 0.119121695994759 0.931 1.598684732
1.48296593186373 1.40672384587657 0.170410608164182 -0.0762420859871609 0.176223463839856 -1.22252323744586 93.8908684873935 0.0762420859871609 0.938 1.574048329
-8.98797595190381 -8.9395621525704 0.170165852238278 0.0484137993334084 0.172509748204173 -1.95664411067243 94.0259152441216 0.0484137993334084 0.941 1.579128265
5.69138276553106 5.6384232468603 0.166423529951146 -0.0529595186707637 0.169228240568985 -0.0864286725326069 96.1402513496549 0.0529595186707637 0.939 1.567765975
-6.88376753507014 -6.78599438417887 0.181009088320787 0.0977731508912729 0.190568677355994 -5.45406637902478 88.393351673285 0.0977731508912729 0.937 1.612420161
3.5871743486974 3.52719776876253 0.167964938686447 -0.0599765799348622 0.17156212882713 -1.11430194210489 95.2579754151455 0.0599765799348622 0.938 1.577957784
-4.82965931863727 -4.5841518334548 0.134863479421792 0.245507485182475 0.195137404702415 16.3061056413306 118.638493301506 0.245507485182475 0.866 1.436892858
-2.82565130260521 -3.11652263778657 0.175353474890428 -0.290871335181356 0.259959608520612 -10.551759004675 91.2442710929901 0.290871335181356 0.847 1.565154269
-13.0961923847695 -13.076705219577 0.167801522203327 0.0194871651925723 0.16818127181057 -0.159780722237346 95.3507440809304 0.0194871651925723 0.942 1.572232101
9.8997995991984 9.8558288595249 0.166753229116343 -0.0439707396734992 0.168686655063778 -0.0550727646596194 95.950165911551 0.0439707396734992 0.942 1.570602898
7.84569138276553 7.79987012604323 0.16671574481254 -0.0458212567223004 0.168815332380151 -0.191509516044991 95.9717393098704 0.0458212567223004 0.944 1.567414599
-10.9919839679359 -10.9608993815981 0.168060949784917 0.0310845863377374 0.169027201292706 -1.33644330558907 95.2035557366339 0.0310845863377374 0.948 1.577492415
-0.62124248496994 -0.738924224932867 0.176409603635358 -0.117681739962926 0.19025859555606 -3.55410612455896 90.6980100305211 0.117681739962926 0.931 1.597408873
1.53306613226453 1.45745519539157 0.170163683254075 -0.0756109368729632 0.175880697028883 -1.12785448511171 94.0271137414793 0.0756109368729632 0.936 1.573844085
-8.93787575150301 -8.88888259673867 0.170301532875366 0.0489931547643394 0.172701862089128 -1.94475801495242 93.9510040212587 0.0489931547643394 0.941 1.578988596
5.74148296593187 5.6886379422085 0.166479240655695 -0.052845023723366 0.169271837188018 -0.0183021759197044 96.1080789231284 0.052845023723366 0.941 1.567360935
-6.83366733466934 -6.733598842446 0.181703654431487 0.100068492223338 0.191717357567339 -5.56500849120902 88.0554661933504 0.100068492223338 0.934 1.613570545
3.6372745490982 3.57758633875567 0.167941011867321 -0.0596882103425309 0.171503694321215 -1.05910753949658 95.271546968173 0.0596882103425309 0.94 1.577588977
-4.77955911823647 -4.54126473232263 0.127170233193226 0.238294385913838 0.183954447551279 21.7251053355327 125.815606358834 0.238294385913838 0.864 1.415960941
-13.0460921843687 -13.0263001814541 0.167862136867188 0.0197920029146701 0.168253860246563 -0.199272786272936 95.3163131281899 0.0197920029146701 0.941 1.572004274
-2.77555110220441 -3.06428094482873 0.181285082607231 -0.288729842624325 0.264650004629099 -11.3547324841281 88.2587787692674 0.288729842624325 0.852 1.582422103
9.9498997995992 9.90609010537703 0.166840763460226 -0.0438096942221637 0.168760052768066 -0.0138346854378246 95.8998248879046 0.0438096942221637 0.944 1.570397634
7.89579158316633 7.85004614087183 0.166668082679897 -0.045745442294499 0.168760728170617 -0.208842150893379 95.9991843833086 0.045745442294499 0.946 1.567826163
-10.9418837675351 -10.9104251968381 0.1681524702591 0.0314585706969375 0.169142111929395 -1.32344814334308 95.1517392242061 0.0314585706969375 0.943 1.577277253
-0.571142284569138 -0.6873275617921 0.176057601884971 -0.116185277222962 0.189556620528348 -3.33081443686 90.8793476038242 0.116185277222962 0.935 1.596773839
1.58316633266533 1.50811402919553 0.169878177889187 -0.0750523034697987 0.175511026145309 -1.0764090448028 94.1851401916789 0.0750523034697987 0.935 1.573708948
-8.88777555110221 -8.83810312553633 0.170317708038257 0.0496724255658716 0.172785057899854 -2.00107429930534 93.9420814446732 0.0496724255658716 0.937 1.578984394
5.79158316633266 5.73878800758617 0.166484669793987 -0.0527951587464974 0.169271998581055 0.0237729615037874 96.1049447964118 0.0527951587464974 0.944 1.566598556
3.687374749499 3.6280220100768 0.167908342796694 -0.0593527394222 0.171431090473614 -1.07893826440187 95.2900834675798 0.0593527394222 0.943 1.57721216
-6.78356713426854 -6.6810814103026 0.182664267819579 0.102485723965938 0.193167591436401 -5.63835233674637 87.5923911720027 0.102485723965938 0.93 1.615533466
-12.9959919839679 -12.9759737645547 0.167882336258526 0.0200182194132363 0.168283065367003 -0.193019432574876 95.3048447893957 0.0200182194132363 0.941 1.57205131
-4.72945891783567 -4.49974168732087 0.11977676108828 0.229717230514805 0.172546767083672 28.8059623574464 133.581838869456 0.229717230514805 0.871 1.394840671
10 9.9563670182371 0.1668356922894 -0.0436329817629009 0.168739529386922 -0.0180700652865573 95.9027398780215 0.0436329817629009 0.942 1.570102321
-2.72545090180361 -3.01110620880533 0.187306686499435 -0.285655307001727 0.268905640917686 -11.7188563347549 85.4214032559285 0.285655307001727 0.851 1.596270217
-10.8917835671343 -10.86009890052 0.16821637148695 0.0316846666142361 0.169220289585405 -1.32687226467129 95.1155934381884 0.0316846666142361 0.945 1.577169829
-0.521042084168336 -0.6358336137757 0.175665960537117 -0.114791529607364 0.188843055806716 -3.17902503790486 91.0819600512149 0.114791529607364 0.931 1.595783596
1.63326653306613 1.55879613205253 0.169653494123668 -0.0744704010136008 0.175199334750794 -0.999783089108736 94.3098760367228 0.0744704010136008 0.937 1.573342925
5.84168336673347 5.78891467983397 0.166606630748715 -0.0527686868994994 0.169391165065813 0.0793934989947731 96.034593149729 0.0527686868994994 0.942 1.566116192
-8.8376753507014 -8.7874422661174 0.170438701105293 0.0502330845840024 0.172962063892117 -1.98035945454032 93.875392714449 0.0502330845840024 0.94 1.57845566
3.7374749498998 3.67845232333933 0.167853515466969 -0.0590226265604654 0.171337185913065 -1.0349011877757 95.3212088259692 0.0590226265604654 0.94 1.576966596
-6.73346693386774 -6.62845681671963 0.183542636304163 0.105010117148102 0.194569761007621 -5.8146224452345 87.1732057584984 0.105010117148102 0.926 1.61726484
-12.9458917835671 -12.9255277651908 0.167850524249653 0.0203640183763678 0.168265217494086 -0.213728109872979 95.3229075186105 0.0203640183763678 0.94 1.571802371
-4.67935871743487 -4.45945107612737 0.112276625830469 0.219907641307503 0.160635996535899 34.9256639699403 142.505173108417 0.219907641307503 0.874 1.373482093
-2.67535070140281 -2.95722361920503 0.19218514610551 -0.281872917802227 0.271637487895851 -12.7214581233329 83.253052195907 0.281872917802227 0.854 1.609427234
-0.470941883767535 -0.584356655874567 0.175543045828487 -0.113414772107031 0.188405956360577 -3.06629597811278 91.1457353635797 0.113414772107031 0.932 1.594763676
-8.7875751503006 -8.73674124262637 0.170381822506628 0.0508339076742335 0.172965908676061 -2.03385260292382 93.9067311560043 0.0508339076742335 0.942 1.578331411
-6.68336673346693 -6.57572395771047 0.184489759694382 0.107642775756466 0.196076726866939 -5.88387603760304 86.725680745126 0.107642775756466 0.934 1.619105174
-4.62925851703407 -4.4204947406411 0.105386390095495 0.208763776392967 0.148968704429348 38.6146826707477 151.822260782457 0.208763776392967 0.894 1.353365893
-2.625250501002 -2.90266222441587 0.19665794255965 -0.277411723413863 0.273615206847099 -12.9047551837717 81.359541301755 0.277411723413863 0.862 1.620595933
-0.420841683366733 -0.532923894658633 0.175267360066391 -0.1120822112919 0.187829782154473 -2.9894558662884 91.2891025113816 0.1120822112919 0.933 1.594380804
-2.5751503006012 -2.84755301579263 0.200642128743785 -0.272402715191432 0.27484536798745 -13.1582404020685 79.7439705219215 0.272402715191432 0.857 1.631413552
-2.5250501002004 -2.79195002412563 0.203713249934753 -0.266899923925232 0.274948819326047 -13.2713177518185 78.5417738174843 0.266899923925232 0.87 1.63932658
