7.94589178356713 7.90912364078813 0.166622282882185 -0.0367681427790014 0.167974179205602 -0.657788056679676 96.0255718697198 0.0367681427790014 0.946 1.575313192
5.89178356713427 5.8551345397298 0.166004099466598 -0.0366490274044686 0.167347250676292 -0.0268518228462356 96.3831619304039 0.0366490274044686 0.945 1.572303793
-12.8957915831663 -12.8983879773635 0.166736804515327 -0.00259639419713409 0.166743545778154 -0.300004813482763 95.9596175931822 0.00259639419713409 0.944 1.579068191
-15 -14.9996969000963 0.166065684564094 0.000303099903666393 0.166065776433645 -0.0135459936310256 96.3474184446862 0.000303099903666393 0.944 1.571306419
3.7875751503006 3.752562974493 0.165252338007858 -0.035012175807601 0.16647819046264 0.182680852202655 96.8216255992649 0.035012175807601 0.945 1.569502215
-4.57915831663327 -4.5944892315174 0.164074084017814 -0.0153309148841334 0.164309120968999 0.0583902246507839 97.5169241125418 0.0153309148841334 0.946 1.566101978
-2.4749498997996 -2.49729768313413 0.165606509235157 -0.0223477833345345 0.166105932655124 1.03294613286199 96.6145598617773 0.0223477833345345 0.944 1.557531429
-6.63326653306613 -6.6424190391274 0.165675098393709 -0.00915250606126783 0.165758866760911 0.315941815481369 96.5745616277089 0.00915250606126783 0.944 1.564422031
-8.7374749498998 -8.74132687507987 0.164717094666441 -0.0038519251800686 0.164731931994034 -0.509226001885421 97.1362446162655 0.0038519251800686 0.944 1.569176597
-10.8416833667335 -10.8453694642503 0.166195700514546 -0.00368609751686755 0.16620928782945 0.181839872506306 96.272045248244 0.00368609751686755 0.944 1.56212704
-0.370741482965931 -0.399964991763867 0.166136072644033 -0.0292235087979357 0.166990086110496 0.27551347673348 96.306598232173 0.0292235087979357 0.944 1.558162601
1.68336673346693 1.65154664004847 0.165592113989482 -0.0318200934184663 0.166604632334642 -0.497161477897851 96.6229587540398 0.0318200934184663 0.947 1.569192655
7.99599198396794 7.95929471553177 0.166641159916166 -0.0366972684361695 0.167987849426842 -0.672010829511765 96.0146941370865 0.0366972684361695 0.946 1.57542852
5.94188376753507 5.9052310276219 0.16597304012023 -0.0366527399131709 0.167316463463373 0.00566434677504724 96.4011985826713 0.0366527399131709 0.946 1.571504668
-12.8456913827655 -12.8482074302692 0.166682565942614 -0.00251604750367029 0.166688896437654 -0.298122175824683 95.990842890603 0.00251604750367029 0.945 1.57913594
-14.9498997995992 -14.9495700917404 0.165970444319756 0.000329707858831796 0.165970553027029 0.00671799898315228 96.4027063106165 0.000329707858831796 0.944 1.571326673
3.8376753507014 3.80254347015783 0.165239635522161 -0.0351318805435699 0.166473884552689 0.103915585559133 96.8290685793371 0.0351318805435699 0.944 1.569951401
-6.58316633266533 -6.5922865836281 0.165680035798185 -0.00912025096276992 0.165763214775808 0.310232768830732 96.5716836245114 0.00912025096276992 0.947 1.564418318
-4.52905811623246 -4.54469281681153 0.164082936430986 -0.0156347005790689 0.164327380293183 0.0683086525040455 97.511662992024 0.0156347005790689 0.944 1.566223398
-2.4248496993988 -2.44724813817003 0.165589173494234 -0.0223984387712366 0.166090863553623 1.03245430289417 96.6246745627794 0.0223984387712366 0.946 1.557672556
-8.687374749499 -8.69140396510833 0.164728066633424 -0.00402921560933578 0.16474430121185 -0.506110233006374 97.1297747068535 0.00402921560933578 0.943 1.569050102
1.73346693386774 1.70159132059687 0.165601159188005 -0.0318756132708684 0.166617213909399 -0.470067234813537 96.6176811711531 0.0318756132708684 0.948 1.569168065
-10.7915831663327 -10.7952397875192 0.166248899324519 -0.00365662118656829 0.166262270203021 0.15767737863206 96.2412386789273 0.00365662118656829 0.943 1.562236161
-0.320641282565131 -0.349803186587733 0.166191895822591 -0.0291619040226028 0.167042312468815 0.27986842132679 96.2742492394448 0.0291619040226028 0.944 1.558095546
8.04609218436874 8.00947915417897 0.166642353207513 -0.0366130301897716 0.16798286718719 -0.654600283843271 96.0140065957654 0.0366130301897716 0.946 1.575130294
5.99198396793587 5.9553017997361 0.165986754011281 -0.0366821681997731 0.167332335475117 -0.017147210241103 96.3932338776417 0.0366821681997731 0.946 1.571521401
-12.7955911823647 -12.7979459819912 0.166687617320517 -0.00235479962647034 0.166693162401798 -0.292897446581053 95.9879339401332 0.00235479962647034 0.944 1.579234358
-14.8997995991984 -14.8994875057637 0.165807818544646 0.000312093434697402 0.165807915946958 -0.0619292537771488 96.4972589377125 0.000312093434697402 0.942 1.571619409
-6.53306613226453 -6.54226839588253 0.165678738155431 -0.00920226361800491 0.165763419811127 0.325925223008383 96.5724400012609 0.00920226361800491 0.947 1.564281903
3.88777555110221 3.8525159388625 0.165272126026866 -0.0352596122397051 0.166515366282161 0.0509179117675007 96.8100331534374 0.0352596122397051 0.945 1.570417563
-4.47895791583166 -4.49487023051373 0.164109255687111 -0.0159123146820708 0.164362457445653 0.058033023096582 97.4960244198864 0.0159123146820708 0.947 1.566409383
-2.374749498998 -2.3972592264599 0.165554490874486 -0.0225097274619039 0.166061178704895 1.04692153959712 96.6449168215573 0.0225097274619039 0.945 1.55780292
-8.6372745490982 -8.6414517020317 0.164781747341011 -0.0041771529335044 0.164799195947641 -0.491314208525923 97.098132882937 0.0041771529335044 0.945 1.568817201
1.78356713426854 1.7516526261425 0.165602483054863 -0.0319145081260372 0.16662101888379 -0.513814486742031 96.6169087857172 0.0319145081260372 0.949 1.569296189
-0.270541082164328 -0.299640507767967 0.166238526211724 -0.0290994256036383 0.167085302782185 0.289412000962896 96.247244033084 0.0290994256036383 0.944 1.558012847
-10.7414829659319 -10.7450880159183 0.166346872638656 -0.00360504998640288 0.16635986902406 0.0970316391138648 96.1845554785736 0.00360504998640288 0.941 1.562568758
8.09619238476954 8.0596780674963 0.166659076587017 -0.0365143172732409 0.167992371952948 -0.65661608826324 96.0043720849852 0.0365143172732409 0.944 1.575107696
6.04208416833668 6.0053457173333 0.16591118112921 -0.0367384510033757 0.167260894911338 -0.00863786749799034 96.4371411926682 0.0367384510033757 0.944 1.57118559
-12.7454909819639 -12.7477872211175 0.166683268749634 -0.00229623915353905 0.166688541463884 -0.272426642203483 95.9904381526902 0.00229623915353905 0.944 1.579408488
-14.8496993987976 -14.8494222260098 0.16569283640281 0.000277172787761515 0.165692913227564 -0.0971483622503266 96.5642229764415 0.000277172787761515 0.942 1.571822928
-6.48296593186373 -6.4921768693612 0.165689959100021 -0.00921093749747204 0.165774800469604 0.315455871425196 96.5658998705006 0.00921093749747204 0.947 1.564194058
3.93787575150301 3.9024743834925 0.165295748941734 -0.0354013680105072 0.166549005798749 -0.0525570230820949 96.7961977391199 0.0354013680105072 0.946 1.57075039
-4.42885771543086 -4.4450752874619 0.164151803670694 -0.0162175720310378 0.164414813313276 0.0583793313686631 97.4707535477205 0.0162175720310378 0.945 1.566550103
-2.32464929859719 -2.34721794303333 0.165546518935512 -0.0225686444361393 0.166055862647197 1.05475086814489 96.6495707845885 0.0225686444361393 0.947 1.557877969
-8.5871743486974 -8.59152825696063 0.164825048973247 -0.00435390826323712 0.164844005490411 -0.504509408978204 97.0726239711115 0.00435390826323712 0.941 1.568784549
1.83366733466934 1.80167946682907 0.165564736987872 -0.0319878678402727 0.166587960676839 -0.55924733880186 96.6389358693697 0.0319878678402727 0.949 1.569307356
-0.220440881763526 -0.2494856019313 0.166252226532323 -0.0290447201677738 0.167095822301947 0.330039190031151 96.2393126018631 0.0290447201677738 0.944 1.557684878
-10.6913827655311 -10.6948924775551 0.166381416130828 -0.00350971202407102 0.16639373420932 0.111114679340107 96.1645859981079 0.00350971202407102 0.942 1.562775925
8.14629258517034 8.10987125657527 0.16662301746761 -0.0364213285950736 0.16794953064424 -0.66353637786476 96.0251485249346 0.0364213285950736 0.945 1.574984899
6.09218436873747 6.05537122208133 0.165920396131971 -0.036813146656141 0.167275603898697 0.0503390730314912 96.4317851994148 0.036813146656141 0.946 1.570757428
-12.6953907815631 -12.6975877652609 0.16666199628812 -0.0021969836978073 0.166666823025489 -0.283650629858567 96.0026902134286 0.0021969836978073 0.945 1.579312838
-6.43286573146293 -6.44216022526033 0.165680800117086 -0.00929449379740799 0.165767187732036 0.328445650213405 96.5712381198837 0.00929449379740799 0.944 1.564098835
-14.7995991983968 -14.7994258545721 0.165509149403105 0.000173343824659611 0.165509179451186 -0.125642970122952 96.6713928366056 0.000173343824659611 0.944 1.572080586
3.98797595190381 3.95246183995173 0.165385438129383 -0.0355141119520761 0.166646690277128 -0.103857124914081 96.7437047721394 0.0355141119520761 0.947 1.571054826
-4.37875751503006 -4.3952365018326 0.164200536956434 -0.0164789868025403 0.164472093962473 0.0580572591476258 97.4418250790808 0.0164789868025403 0.947 1.56675485
-2.27454909819639 -2.29718881199637 0.165511938532031 -0.022639713799975 0.166024495172976 1.05513560190954 96.6697637760045 0.022639713799975 0.947 1.55811962
-8.53707414829659 -8.54158080367063 0.16490743472688 -0.00450665537404049 0.164927744669541 -0.478946378392209 97.0241276659187 0.00450665537404049 0.943 1.568375976
1.88376753507014 1.8517129988661 0.165507883029265 -0.0320545362040416 0.166535376320521 -0.60851031268771 96.6721325120863 0.0320545362040416 0.948 1.569098335
-0.170340681362726 -0.199427120904133 0.166231851906711 -0.0290864395414076 0.167077872871907 0.339021766714365 96.2511084156073 0.0290864395414076 0.944 1.557535968
-10.6412825651303 -10.6447433514676 0.166471395467681 -0.00346078633733882 0.166483372509754 0.0482135178493159 96.1126081453809 0.00346078633733882 0.943 1.563307495
8.19639278557114 8.16010458411907 0.166648700907668 -0.0362882014520753 0.167965534472294 -0.6522241906044 96.0103493927915 0.0362882014520753 0.944 1.574863862
6.14228456913828 6.10547291059227 0.16585618762727 -0.0368116585460099 0.167211285832178 0.0780985444736149 96.4691171845633 0.0368116585460099 0.944 1.570318657
-12.6452905811623 -12.6474013310374 0.166624956291235 -0.00211074987507587 0.16662941155627 -0.283760292301954 96.0240311903487 0.00211074987507587 0.944 1.579304193
-6.38276553106212 -6.3920959532646 0.165673683780522 -0.00933042220247682 0.165760740558999 0.327183515386154 96.575386234522 0.00933042220247682 0.944 1.563990572
-14.749498997996 -14.7494539586308 0.165373805423165 4.5039365158317e-05 0.165373807451709 -0.139579179247262 96.750509907289 4.5039365158317e-05 0.942 1.572187913
4.03807615230461 4.00246074492173 0.165404142386016 -0.0356154073828749 0.166672599629064 -0.114805693458941 96.732764785658 0.0356154073828749 0.947 1.571192307
-4.32865731462926 -4.3454143771437 0.164250709747113 -0.0167570625144426 0.164531508891226 0.0691628929916033 97.412060043054 0.0167570625144426 0.947 1.566873545
1.93386773547094 1.9017279894605 0.165485314793738 -0.032139746010444 0.166518278067354 -0.618821066175379 96.6853162768096 0.032139746010444 0.949 1.568808684
-2.22444889779559 -2.2471713857434 0.165445096516909 -0.0227224879478087 0.165961407975447 1.05154268660579 96.7088196437709 0.0227224879478087 0.947 1.558349908
-8.48697394789579 -8.49166906272343 0.164982597711811 -0.0046951148276424 0.165004641815055 -0.447562988336103 96.9799252885361 0.0046951148276424 0.943 1.567955693
-0.120240480961924 -0.149292367633167 0.166184970422108 -0.0290518866712431 0.167028982541266 0.358058936540895 96.2782612612935 0.0290518866712431 0.943 1.557381904
-10.5911823647295 -10.5945727433937 0.166535287533927 -0.00339037866420711 0.166546782201414 0.0026015933712209 96.0757340797242 0.00339037866420711 0.941 1.563591277
8.24649298597194 8.21032703362703 0.166621578412079 -0.0361659523449109 0.167929554521093 -0.633442672078582 96.0259778624214 0.0361659523449109 0.946 1.574514857
6.19238476953908 6.1555268631754 0.165841352250149 -0.0368579063636787 0.167199857511663 0.0554033351295447 96.4777468521011 0.0368579063636787 0.944 1.570136964
-12.5951903807615 -12.5971591991506 0.166586605964912 -0.00196881838907714 0.166590482210761 -0.299394786451962 96.0461371268353 0.00196881838907714 0.943 1.579259723
-6.33266533066132 -6.34205319118753 0.165649460720804 -0.00938786052621055 0.165737592646064 0.323867264869504 96.5895085343342 0.00938786052621055 0.945 1.563909273
-14.6993987975952 -14.6994948054847 0.165257026744755 -9.60078894767236e-05 0.16525703596227 -0.160992181052144 96.8188785382938 9.60078894767236e-05 0.944 1.57240831
4.08817635270541 4.05242926774733 0.165412767729109 -0.0357470849580768 0.166690621812109 -0.168393854906834 96.7277207174401 0.0357470849580768 0.948 1.571598402
-4.27855711422846 -4.2955711265609 0.164303236430748 -0.0170140123324432 0.164592713046397 0.0934417420115574 97.3809180365344 0.0170140123324432 0.947 1.566978475
1.98396793587174 1.95174747449943 0.16548817716379 -0.0322204613723092 0.166526335294834 -0.601316669699298 96.6836439570195 0.0322204613723092 0.947 1.568629324
-0.0701402805611213 -0.0991503046016 0.166172118742677 -0.0290100240404787 0.167013700237507 0.357263741153868 96.2857073801682 0.0290100240404787 0.941 1.557524064
-8.43687374749499 -8.44170140505823 0.165010926155504 -0.00482765756324532 0.165034232433051 -0.426432132330085 96.9632761464648 0.00482765756324532 0.944 1.567496797
-2.17434869739479 -2.1971546245762 0.165376213565708 -0.0228059271814107 0.165896323880312 1.03327598026124 96.7491010649051 0.0228059271814107 0.947 1.558689476
-10.5410821643287 -10.5444054410606 0.166624911019343 -0.00332327673197597 0.16663595518758 -0.042182181020034 96.0240572800224 0.00332327673197597 0.94 1.563927312
8.29659318637275 8.26051658622553 0.16656398088279 -0.0360766001472133 0.167865501960972 -0.614830449377007 96.0591834753225 0.0360766001472133 0.943 1.574273182
6.24248496993988 6.20563095680807 0.16583728852857 -0.0368540131318138 0.16719550681249 0.0591906180989477 96.4801109687918 0.0368540131318138 0.944 1.570045283
-12.5450901803607 -12.5470186349213 0.166528349843988 -0.00192845456057888 0.16653206878098 -0.24860228223364 96.0797366633946 0.00192845456057888 0.944 1.578995231
-6.28256513026052 -6.2920082569084 0.165614168424213 -0.00944312664787983 0.165703341065101 0.314262578570057 96.6100917103709 0.00944312664787983 0.945 1.56374634
-14.6492985971944 -14.6495484001716 0.165123191719188 -0.000249802977211999 0.165123254120715 -0.179444357081204 96.8973518099746 0.000249802977211999 0.941 1.572643869
4.13827655310621 4.10245359271793 0.165424285338903 -0.0358229603882796 0.166707569829883 -0.307999470591735 96.7209860826719 0.0358229603882796 0.947 1.572033918
2.03406813627254 2.0017947672734 0.165495215980001 -0.0322733689991446 0.166536786326556 -0.610280473413122 96.6795318236477 0.0322733689991446 0.944 1.568536257
-4.22845691382765 -4.2457176842018 0.164335152213011 -0.0172607703741452 0.16463308640692 0.102671945013943 97.362005538905 0.0172607703741452 0.947 1.567072368
-0.0200400801603209 -0.0490165709835667 0.166159995865806 -0.0289764908232458 0.166999632886236 0.36004333274966 96.2927322947329 0.0289764908232458 0.941 1.557615167
-8.38677354709419 -8.39172703400437 0.165068749885795 -0.00495348691017838 0.165093286918365 -0.404989579004467 96.9293098243597 0.00495348691017838 0.943 1.567188249
-2.12424849699399 -2.14715496341277 0.165304972337915 -0.0229064664187795 0.16582967854171 1.00901266446719 96.790796875081 0.0229064664187795 0.947 1.558910113
-10.4909819639279 -10.4941978356953 0.166662049423088 -0.00321587176744487 0.166672391254312 -0.0366136135677986 96.0026596059818 0.00321587176744487 0.94 1.56420339
8.34669338677355 8.31069620296293 0.166555443545072 -0.0359971838106148 0.167851240787368 -0.589813328987882 96.0641072993219 0.0359971838106148 0.94 1.574027829
6.29258517034068 6.25573037751027 0.165839756741851 -0.0368547928304164 0.167198032496423 0.0640832232436606 96.4786750435598 0.0368547928304164 0.946 1.569845587
-12.4949899799599 -12.4968572573474 0.166540859598156 -0.0018672773875128 0.166544346322998 -0.181550971827188 96.072519612341 0.0018672773875128 0.944 1.578407282
-6.23246492985972 -6.24196071576457 0.165542615599544 -0.00949578590484812 0.165632785549495 0.319925746072647 96.6518496886917 0.00949578590484812 0.944 1.563703709
-14.5991983967936 -14.5995790249102 0.165022189252046 -0.00038062811664652 0.165022334129809 -0.211957247115474 96.9566582077183 0.00038062811664652 0.944 1.572697695
4.18837675350701 4.15250540840507 0.165481923652972 -0.0358713451019481 0.166768677052395 -0.402717148771126 96.6872976020827 0.0358713451019481 0.947 1.572554577
2.08416833667335 2.0518153164945 0.165455642904677 -0.0323530201788471 0.166502360819369 -0.625112886090812 96.7026552803523 0.0323530201788471 0.944 1.568284278
-4.17835671342685 -4.1958637878266 0.164373500743862 -0.017507074399747 0.164679998397901 0.118002179907606 97.3392908686191 0.017507074399747 0.947 1.567130378
0.0300601202404813 0.00103654995593333 0.166115291038106 -0.029023570284548 0.166957658670168 0.358080379080272 96.318646525621 0.029023570284548 0.938 1.557573294
-8.33667334669339 -8.34178484806423 0.165084539379532 -0.00511150137084648 0.165110666825796 -0.382766176453708 96.9200390305223 0.00511150137084648 0.944 1.566748097
-2.07414829659319 -2.09714112922643 0.16521574610951 -0.0229928326332467 0.165744416462011 0.963610617832544 96.8430696030311 0.0229928326332467 0.947 1.559263366
-10.4408817635271 -10.4439905333229 0.16670083036335 -0.0031087697958796 0.166710494812994 -0.0452072409627302 95.9803257435825 0.0031087697958796 0.939 1.564367557
8.39679358717435 8.36084751384983 0.166497990685916 -0.0359460733245172 0.167790110873368 -0.578051710376426 96.0972557932101 0.0359460733245172 0.941 1.573621227
6.34268537074148 6.30583960673603 0.165805788273625 -0.0368457640054514 0.167163398598771 0.0683791329612604 96.49844053451 0.0368457640054514 0.946 1.569750382
-12.4448897795591 -12.4467314158336 0.166486133313923 -0.00184163627451639 0.166489524938091 -0.169479400096911 96.1040999722824 0.00184163627451639 0.945 1.578262589
-6.18236472945892 -6.19195688688363 0.165535528619663 -0.00959215742471553 0.165627538103723 0.306647096577706 96.655987590204 0.00959215742471553 0.944 1.563702093
-14.5490981963928 -14.5497095038009 0.164912061974478 -0.000611307408080464 0.164912435671225 -0.257696360031873 97.0214052776577 0.000611307408080464 0.946 1.572812025
4.23847695390782 4.2025481968503 0.16550668714755 -0.0359287570575173 0.166797562731248 -0.368842452320867 96.6728310242591 0.0359287570575173 0.949 1.572718242
2.13426853707415 2.10181734920653 0.165437375967455 -0.0324511878676157 0.166490455561474 -0.576966153633612 96.7133328030274 0.0324511878676157 0.944 1.567992751
0.0801603206412835 0.0511337590558667 0.166039877111595 -0.0290265615854169 0.166882418389067 0.344398845622373 96.3623936510532 0.0290265615854169 0.936 1.557571198
-4.12825651302605 -4.14601119947807 0.164400533104541 -0.0177546864520144 0.164715761995551 0.133545255660505 97.3232853802591 0.0177546864520144 0.947 1.56717435
-8.28657314629259 -8.29179932969623 0.165126691243741 -0.00522618340364822 0.16515400423671 -0.346942099301578 96.8952982675744 0.00522618340364822 0.947 1.566211027
-2.02404809619238 -2.0471837061036 0.165103450560338 -0.0231356099112157 0.165638707006302 0.890472551604016 96.9089376733085 0.0231356099112157 0.947 1.559532138
-10.3907815631263 -10.3937570938703 0.166732619131179 -0.00297553074401335 0.166741472914387 -0.0798672293871427 95.9620264071533 0.00297553074401335 0.941 1.564605736
8.44689378757515 8.41097952859263 0.166443567736066 -0.0359142589825154 0.167733401734329 -0.541803598794 96.1286772305412 0.0359142589825154 0.942 1.573288473
6.39278557114228 6.3559057858658 0.165834349190561 -0.0368797852764837 0.167194467752601 0.0637011673369159 96.4818210346418 0.0368797852764837 0.944 1.5696906
-12.3947895791583 -12.3965408677393 0.166416954599113 -0.00175128858101559 0.166420021610807 -0.180129923390815 96.1440499770165 0.00175128858101559 0.948 1.57791121
-6.13226452905812 -6.14191489044387 0.165505959995245 -0.00965036138575126 0.165599089470121 0.284837807400251 96.6732557574342 0.00965036138575126 0.944 1.563855187
-14.498997995992 -14.499791232637 0.164839754851984 -0.000793236645016293 0.164840384076359 -0.295970389965627 97.0639638136262 0.000793236645016293 0.946 1.573060556
2.18436873747495 2.15182867390467 0.165441542463665 -0.0325400635702846 0.166500398200823 -0.541381544671299 96.7108971648639 0.0325400635702846 0.947 1.567799119
4.28857715430862 4.2525533207852 0.165534137475826 -0.0360238335234193 0.166831854057549 -0.462426911241409 96.6567998841725 0.0360238335234193 0.949 1.573274465
0.130260521042084 0.101285329739433 0.166005207157036 -0.0289751913026506 0.166844768868061 0.358062157870431 96.3825188017413 0.0289751913026506 0.938 1.557783406
-4.07815631262525 -4.09613464841637 0.164458743104366 -0.017978335791117 0.164781963662184 0.150168774395221 97.2888379053606 0.017978335791117 0.947 1.567119988
-8.23647294589178 -8.24185820293543 0.165140221042261 -0.00538525704364901 0.165169222035687 -0.326655162916351 96.8873597178087 0.00538525704364901 0.949 1.565707051
-1.97394789579158 -1.99724537418827 0.165020342651622 -0.0232974783966846 0.165563115151266 0.827958606562507 96.9577431661137 0.0232974783966846 0.947 1.559789947
-10.3406813627255 -10.3435507082477 0.166774584605232 -0.00286934552228146 0.166782817748958 -0.0476583070562142 95.93787949089 0.00286934552228146 0.941 1.564681062
8.49699398797595 8.4611601526771 0.166359973336487 -0.0358338352988508 0.167644037088713 -0.509806400610119 96.1769810315949 0.0358338352988508 0.942 1.572770922
6.44288577154309 6.4059650324721 0.165863892214198 -0.036920739070986 0.167227033187746 0.0807808180611436 96.4646360724335 0.036920739070986 0.947 1.569553596
-12.3446893787575 -12.3464094982271 0.166346801415663 -0.00172011946961881 0.166349760226652 -0.142665736753955 96.184596660922 0.00172011946961881 0.944 1.577658356
-6.08216432865731 -6.0919433581746 0.165498120999283 -0.00977902951728638 0.165593750417583 0.266880480955034 96.6778347898542 0.00977902951728638 0.945 1.563865127
-14.4488977955912 -14.4498350674707 0.164772573222269 -0.000937271879516643 0.164773451700845 -0.331135782461772 97.1035390605746 0.000937271879516643 0.948 1.573426754
2.23446893787575 2.20180019891467 0.16540755979529 -0.0326687389610871 0.166474806300597 -0.468051815138926 96.7307662346375 0.0326687389610871 0.947 1.567589851
4.33867735470942 4.30258082362227 0.165589040858633 -0.0360965310871517 0.166892000415159 -0.545354385482022 96.6247519584315 0.0360965310871517 0.949 1.573914343
0.180360721442886 0.151398029762433 0.165918111833648 -0.0289626916804528 0.166756949343025 0.340422022198983 96.4331128360589 0.0289626916804528 0.934 1.55804556
-4.02805611222445 -4.04624921068987 0.164468873948686 -0.0181930984654191 0.164799862780458 0.17842234943648 97.2828451722239 0.0181930984654191 0.947 1.567066575
-8.18637274549098 -8.19183270451853 0.1651227652307 -0.00545995902755259 0.165152576383282 -0.326239724361538 96.8976020819768 0.00545995902755259 0.948 1.56524161
-1.92384769539078 -1.94729421263723 0.164886071011135 -0.0234465172464515 0.165435810182123 0.670349230733536 97.0366987452777 0.0234465172464515 0.947 1.560077158
-10.2905811623246 -10.2933277272778 0.166792628640937 -0.00274656495318482 0.166800172259979 -0.0619391784416945 95.9275006957534 0.00274656495318482 0.943 1.56490271
8.54709418837675 8.5112687859322 0.166342942512548 -0.0358254024445532 0.167626401972862 -0.463496077127123 96.1868279971846 0.0358254024445532 0.942 1.572567009
6.49298597194389 6.45605200685757 0.165884238664265 -0.0369339650863214 0.167248356441262 0.086034350050701 96.4528042497311 0.0369339650863214 0.946 1.569416981
-12.2945891783567 -12.2962736245587 0.166177689430397 -0.00168444620202024 0.166180526789404 -0.109885963566131 96.2824796447876 0.00168444620202024 0.944 1.577114828
-6.03206412825651 -6.0419186336301 0.16545515412648 -0.00985450537358723 0.165552265402638 0.233847529563314 96.7029409538311 0.00985450537358723 0.945 1.564022721
2.28456913827655 2.25179850133737 0.165395913053676 -0.0327706369391856 0.166469827699076 -0.400664152547547 96.7375777586929 0.0327706369391856 0.946 1.567105681
-14.3987975951904 -14.3999297081949 0.164749764234679 -0.0011321130045534 0.164751045914534 -0.345444161581249 97.1169826817397 0.0011321130045534 0.949 1.573431897
0.230460921843688 0.201469182957067 0.165880991997344 -0.0289917388866217 0.166721512921014 0.369833624627658 96.4546920496843 0.0289917388866217 0.939 1.558261632
4.38877755511022 4.35261864027663 0.165608760852942 -0.036158914833587 0.166916227974884 -0.564854981147711 96.6132462895957 0.036158914833587 0.946 1.574638945
-3.97795591182365 -3.9963866972903 0.164523015215353 -0.0184307854666526 0.164862709068271 0.18481555870985 97.2508313141278 0.0184307854666526 0.947 1.566959743
-8.13627254509018 -8.1418983360189 0.165083128162751 -0.00562579092872006 0.165114777686325 -0.287257679232189 96.9208675536245 0.00562579092872006 0.945 1.564795391
-1.87374749498998 -1.8973678369491 0.164763528340013 -0.0236203419591205 0.165321448894279 0.601919036469856 97.1088696703662 0.0236203419591205 0.947 1.560451413
-10.2404809619238 -10.2431338484416 0.166797145159054 -0.00265288651771911 0.16680418296593 -0.0527629916635186 95.9249031795046 0.00265288651771911 0.945 1.564942745
8.59719438877756 8.56142307876143 0.166322812399527 -0.0357713100161234 0.167602399019796 -0.397417557565222 96.1984695254319 0.0357713100161234 0.942 1.57221306
6.54308617234469 6.5060909712243 0.165899430088363 -0.0369952011203907 0.167268074994302 0.0962410801584768 96.4439720587219 0.0369952011203907 0.946 1.569474148
-12.2444889779559 -12.2461382506347 0.166044251762892 -0.0016492726787547 0.16604697186326 -0.0926308181454394 96.3598548587381 0.0016492726787547 0.944 1.57658772
-5.98196392785571 -5.99193428996633 0.165435391054554 -0.00997036211062241 0.165534799175171 0.204309201427688 96.7144931807475 0.00997036211062241 0.944 1.564054666
2.33466933867735 2.30181323525783 0.165388717815721 -0.0328561034195212 0.166468241347636 -0.351543171342589 96.741786328058 0.0328561034195212 0.949 1.566708114
-14.3486973947896 -14.3500108734759 0.164691270691057 -0.00131347868635423 0.164692995917316 -0.360508544872168 97.1514758059903 0.00131347868635423 0.944 1.573594381
0.280561122244489 0.251542486950133 0.165830509843421 -0.0290186352943555 0.166672591037767 0.334896841127308 96.4840548045557 0.0290186352943555 0.941 1.558664346
4.43887775551102 4.40272175333467 0.1656669273826 -0.0361560021763561 0.166974183875977 -0.567461572841382 96.5793248706108 0.0361560021763561 0.947 1.575215997
-3.92785571142285 -3.9465002335418 0.164533868520694 -0.0186445221189548 0.164881486725738 0.189712982994705 97.2444162642881 0.0186445221189548 0.944 1.56680803
-8.08617234468938 -8.0919590006559 0.164993559618456 -0.00578665596652073 0.165027045005731 -0.294261352483066 96.9734820983293 0.00578665596652073 0.948 1.56431717
-1.82364729458918 -1.84750626274663 0.164644965469852 -0.0238589681574561 0.165214215831391 0.502048549941225 97.1787989650357 0.0238589681574561 0.945 1.560808785
-10.190380761523 -10.1928951957191 0.166788669581325 -0.00251443419602104 0.166794991960652 -0.0478126510268684 95.9297777250898 0.00251443419602104 0.945 1.565021045
8.64729458917836 8.61154286620287 0.166236899231804 -0.0357517229754922 0.16751508492752 -0.298562572020383 96.248186016086 0.0357517229754922 0.944 1.571904036
6.59318637274549 6.5561510099062 0.165928372937279 -0.0370353628392923 0.167299991037917 0.103350108568867 96.4271493582836 0.0370353628392923 0.947 1.569487288
-12.1943887775551 -12.1960512605391 0.165943556183063 -0.00166248298399019 0.165946320032735 -0.0737797999273093 96.4183266167285 0.00166248298399019 0.944 1.57601963
-5.93186372745491 -5.94192064971787 0.165398281505948 -0.0100569222629563 0.165499423191351 0.154614506240358 96.7361925064779 0.0100569222629563 0.944 1.564143512
2.38476953907816 2.35181775845123 0.165420598283112 -0.0329517806269233 0.166506418129597 -0.233378703550269 96.7231418944362 0.0329517806269233 0.947 1.566504344
-14.2985971943888 -14.300120037094 0.16467430506202 -0.00152284270518876 0.164676624111925 -0.344319686361255 97.1614848714501 0.00152284270518876 0.944 1.57355446
0.330661322645291 0.301631849323367 0.165779523101138 -0.0290294733219243 0.166622233422487 0.345825006990197 96.5137292030859 0.0290294733219243 0.943 1.558978825
4.48897795591182 4.45272978873743 0.165741205728563 -0.0362481671743913 0.167055135352065 -0.614674307673158 96.53604201603 0.0362481671743913 0.946 1.575887499
-3.87775551102204 -3.89662959721793 0.164565328576416 -0.0188740861958903 0.164921559706146 0.190826592622295 97.2258259890412 0.0188740861958903 0.944 1.566558348
-8.03607214428858 -8.0420063210934 0.164939242265324 -0.00593417680482311 0.164974456719675 -0.251752760623192 97.0054171478616 0.00593417680482311 0.945 1.563788957
-1.77354709418838 -1.7976478356554 0.164532295708282 -0.0241007414670231 0.165113141447542 0.443832558760759 97.2453458521493 0.0241007414670231 0.945 1.561021295
-10.1402805611222 -10.1426708576925 0.166790867905073 -0.00239029657028844 0.166796581422767 -0.0380334539223315 95.9285133590542 0.00239029657028844 0.945 1.565041952
8.69739478957916 8.66170001229613 0.16621767634658 -0.0356947772830267 0.167491793471865 -0.208881929516164 96.2593170093318 0.0356947772830267 0.944 1.571423421
6.64328657314629 6.60623702427627 0.165964987613402 -0.0370495488700282 0.167337656684874 0.111658068010223 96.4058759023941 0.0370495488700282 0.95 1.569553591
-12.1442885771543 -12.1459188940994 0.165811818782354 -0.00163031694505911 0.165814476715695 -0.0732174588802481 96.4949309252903 0.00163031694505911 0.945 1.575395603
-5.88176352705411 -5.89193911221663 0.16538231619159 -0.0101755851625249 0.16548585872499 0.143846332021136 96.7455310123031 0.0101755851625249 0.944 1.564167098
2.43486973947896 2.40181233939117 0.165371185522137 -0.0330574000877921 0.166463977222701 -0.172056069209692 96.7520426819353 0.0330574000877921 0.944 1.566145666
0.380761523046093 0.351670368799767 0.165738725368222 -0.0290911542463266 0.166585020623606 0.281660691729335 96.5374867246792 0.0290911542463266 0.943 1.559648373
-14.248496993988 -14.250199706417 0.164710711184195 -0.00170271242899034 0.164713610413811 -0.397103316822944 97.1400092013888 0.00170271242899034 0.944 1.57388786
4.53907815631263 4.50280932442137 0.165750370149373 -0.0362688318912605 0.167065798316129 -0.660637864350755 96.5307044900169 0.0362688318912605 0.946 1.576896492
-3.82765531062124 -3.8467272159129 0.164587588563573 -0.0190719052916575 0.164951326135027 0.207469971577934 97.2126764821026 0.0190719052916575 0.944 1.566364548
-7.98597194388778 -7.9920890414773 0.164877487665856 -0.00611709758952461 0.164914906548776 -0.236268689619101 97.0417503718029 0.00611709758952461 0.944 1.563289804
-1.72344689378757 -1.74779826508197 0.164447758788602 -0.0243513712943919 0.165040748072519 0.417815002965949 97.2953363296855 0.0243513712943919 0.945 1.561287767
-10.0901803607214 -10.0924493150599 0.166762151069503 -0.0022689543384562 0.166767299223293 -0.0481354640081644 95.945032475214 0.0022689543384562 0.946 1.56521536
8.74749498997996 8.71182560636917 0.166198634332465 -0.0356693836107915 0.167470939259639 -0.134015363729051 96.2703458079772 0.0356693836107915 0.944 1.571039934
6.69338677354709 6.6563505932892 0.165980232750162 -0.0370361802578936 0.167351911398258 0.123396397386488 96.3970211084328 0.0370361802578936 0.948 1.569591782
-5.83166332665331 -5.84194749499017 0.165331511836539 -0.0102841683368604 0.16543727595492 0.122244057311161 96.7752597328149 0.0102841683368604 0.944 1.564284773
-12.0941883767535 -12.0958966994102 0.165682639394717 -0.00170832265669318 0.165685557761016 -0.0420059460699285 96.5701660623727 0.00170832265669318 0.945 1.574832715
2.48496993987976 2.4518589823279 0.165398001437619 -0.0331109575518611 0.16649433694762 -0.0815577334567386 96.7363563098099 0.0331109575518611 0.943 1.565797259
0.430861723446894 0.401693825887533 0.165680456150933 -0.0291678975593603 0.166531222398966 0.279984807006506 96.5714386096582 0.0291678975593603 0.942 1.560002822
-14.1983967935872 -14.2003242844883 0.164711130939644 -0.00192749090115996 0.164714846160818 -0.401707233395593 97.1397616464849 0.00192749090115996 0.944 1.574051323
4.58917835671343 4.55288185909227 0.165817057117775 -0.0362964976211622 0.167134492857338 -0.693216750065695 96.4918825488242 0.0362964976211622 0.946 1.57760911
-3.77755511022044 -3.79684584556857 0.164591031640308 -0.0192907353481262 0.164963164110579 0.233956725336515 97.2106428919281 0.0192907353481262 0.944 1.566053535
-7.93587174348697 -7.94215969691913 0.164838629526087 -0.00628795343215938 0.164878167884452 -0.206475442912052 97.0646264531574 0.00628795343215938 0.944 1.562980224
-1.67334669338677 -1.69796692771987 0.164336704944079 -0.0246202343330941 0.164942860882695 0.410234236209295 97.3610856165368 0.0246202343330941 0.947 1.561412818
-10.0400801603206 -10.0422447500094 0.166726455992774 -0.00216458968875877 0.166731141441294 -0.00624123500138074 95.9655736981146 0.00216458968875877 0.942 1.565237799
8.79759519038076 8.7619693297562 0.166147789582794 -0.0356258606245614 0.167416991528035 -0.0450233313549875 96.2998065768845 0.0356258606245614 0.942 1.570620202
6.7434869739479 6.70646725945047 0.16600882117112 -0.0370197144974291 0.167379280432591 0.134076702980579 96.3804205531188 0.0370197144974291 0.948 1.569751357
-12.0440881763527 -12.0458013730517 0.165569320229797 -0.00171319669896164 0.165572255272726 -0.0469872266923077 96.6362607383618 0.00171319669896164 0.945 1.57434922
-5.78156312625251 -5.791907200221 0.165318845712642 -0.0103440739684943 0.165425845578908 0.0954155624335096 96.7826742984359 0.0103440739684943 0.944 1.564259746
2.53507014028056 2.50187137897373 0.165389270288799 -0.0331987613068301 0.166491428041107 0.0203789151946299 96.7414631678412 0.0331987613068301 0.945 1.565055568
0.480961923847696 0.451695986849033 0.165631575485926 -0.0292659369986625 0.166488070554336 0.244546368000809 96.5999384661986 0.0292659369986625 0.945 1.56079798
-14.1482965931864 -14.1504153041853 0.164774909292632 -0.00211871099892669 0.164779398228929 -0.43074034167917 97.1021623904209 0.00211871099892669 0.947 1.574269423
4.63927855711423 4.60293749496287 0.165863422311685 -0.0363410621513607 0.167184095109974 -0.718439755662137 96.4649093633996 0.0363410621513607 0.947 1.578287222
-3.72745490981964 -3.74695385356247 0.164624063606756 -0.0194989437428283 0.165004272413842 0.246077574158399 97.191137488987 0.0194989437428283 0.944 1.56582035
-7.88577154308617 -7.8922491869356 0.164747619600188 -0.00647764384942739 0.164789579470028 -0.174044860171552 97.1182469211332 0.00647764384942739 0.941 1.562612681
-1.62324649298597 -1.6481586756187 0.16425935863829 -0.0249121826327279 0.164879975481817 0.405278637683093 97.406930920953 0.0249121826327279 0.949 1.561514061
-9.98997995991984 -9.99203430921853 0.166659359495853 -0.00205434929869419 0.166663579846894 -0.0565062482146272 96.0042091149289 0.00205434929869419 0.947 1.565445525
8.84769539078156 8.81205053098207 0.166076441677762 -0.0356448597994969 0.167346997707888 0.0154177298678615 96.3411778236723 0.0356448597994969 0.942 1.570216045
6.7935871743487 6.7565544338417 0.166056720200318 -0.0370327405069979 0.167428144069777 0.140665154598418 96.3526196392344 0.0370327405069979 0.947 1.569863076
2.58517034068136 2.5519040326681 0.165446278609633 -0.0332663080132618 0.166552925858466 0.0787875002117411 96.7081286714925 0.0332663080132618 0.945 1.564901556
-5.7314629258517 -5.74190076673323 0.165298304439947 -0.0104378408815302 0.165407252962215 0.0290425210931922 96.7947012778516 0.0104378408815302 0.944 1.56438135
-11.9939879759519 -11.9958416664362 0.165557365788978 -0.00185369048432982 0.16556080195739 -0.0244775683664378 96.6432385762516 0.00185369048432982 0.942 1.573815097
0.531062124248498 0.501768764680233 0.165570066006212 -0.0292933595682647 0.166428166921008 0.222036504401957 96.6358254601388 0.0292933595682647 0.943 1.561349604
-14.0981963927856 -14.1005348568343 0.164766047547854 -0.00233846404869631 0.164771515961961 -0.418725455597868 97.1073849140734 0.00233846404869631 0.944 1.574328625
4.68937875751503 4.65303756920683 0.16587127246981 -0.0363411883081968 0.167191954437462 -0.736049518145537 96.4603439870042 0.0363411883081968 0.948 1.578865524
-3.67735470941884 -3.6970623692132 0.164656746912779 -0.0197076597943622 0.16504513876735 0.372957743973934 97.1718456728371 0.0197076597943622 0.943 1.565403725
-7.83567134268537 -7.84232826816973 0.164730732793419 -0.00665692548436336 0.164775047450323 -0.193185966639686 97.1282026655273 0.00665692548436336 0.944 1.562383562
-1.57314629258517 -1.59833917870053 0.164169590659308 -0.0251928861153636 0.16480427217013 0.394966428165089 97.4601930585541 0.0251928861153636 0.949 1.56144704
-9.93987975951904 -9.9418235375677 0.166603847303391 -0.00194377804866264 0.166607625576493 -0.0208742825157149 96.0361975967068 0.00194377804866264 0.945 1.565312942
8.89779559118237 8.862152051648 0.166075390203942 -0.0356435395343659 0.16734585211448 0.206298036493613 96.3417877889785 0.0356435395343659 0.944 1.569710212
6.8436873747495 6.80667418183967 0.166035816843118 -0.037013192909833 0.167405793292499 0.118098533822775 96.3647501136327 0.037013192909833 0.947 1.569885934
2.63527054108216 2.6018710947042 0.165459478219355 -0.0333994463779641 0.166575001237709 0.113769935938457 96.7004137338587 0.0333994463779641 0.946 1.564530592
-5.6813627254509 -5.69190060239377 0.165262005432908 -0.0105378769428652 0.165373052283371 -0.00277677101241935 96.8159617698432 0.0105378769428652 0.944 1.56430151
-11.9438877755511 -11.9458254661195 0.165458107977941 -0.00193769056836324 0.16546186262268 -0.0190908032539183 96.7012145583889 0.00193769056836324 0.942 1.573096403
0.581162324649299 0.5517903840517 0.165475103726897 -0.0293719405975985 0.166337814621366 0.144327188577209 96.6912824929042 0.0293719405975985 0.942 1.562147242
-14.0480961923848 -14.0505972019249 0.164835710840532 -0.00250100954016474 0.164841965889251 -0.451575801546494 97.0663451409448 0.00250100954016474 0.946 1.574422093
4.73947895791583 4.70308596833317 0.165910206250176 -0.0363929895826658 0.16723465594094 -0.837105031450208 96.4377078518821 0.0363929895826658 0.947 1.579903889
-3.62725450901804 -3.64716351452703 0.164689050746243 -0.0199090055089979 0.165085419246601 0.58188307734115 97.1527853703714 0.0199090055089979 0.944 1.565030446
-7.78557114228457 -7.7924185724222 0.164742354030537 -0.00684743013763089 0.164789241330027 -0.188933744206499 97.121351058479 0.00684743013763089 0.946 1.562180846
-1.52304609218437 -1.5485163260551 0.164102671821934 -0.0254702338707324 0.164751404635364 0.376930947282528 97.4999359995884 0.0254702338707324 0.949 1.561428713
-9.88977955911824 -9.89163794193697 0.166534508390513 -0.00185838281873174 0.166537961977214 0.0155912536290215 96.0761835768056 0.00185838281873174 0.947 1.565367541
8.94789579158317 8.9122684879993 0.166077504718579 -0.0356273035838672 0.167346809479236 0.248208616161472 96.3405611561437 0.0356273035838672 0.942 1.569461226
6.8937875751503 6.856784367358 0.165959188235318 -0.0370032077923019 0.167328425622238 0.152799388328229 96.4092447675338 0.0370032077923019 0.947 1.57016009
2.68537074148297 2.6518432998263 0.165517523971035 -0.0335274416566662 0.166641613315076 0.171203573127177 96.6665016255314 0.0335274416566662 0.945 1.564007805
-5.6312625250501 -5.64194302080243 0.16525280665078 -0.0106804957523323 0.165366879640296 -0.0282126902398649 96.8213510213591 0.0106804957523323 0.944 1.564307468
-11.8937875751503 -11.8958684282388 0.165378650812897 -0.00208085308846684 0.165382980762473 -0.0069823060648011 96.7476752371246 0.00208085308846684 0.938 1.572496419
0.631262525050101 0.6018106878504 0.165410255004193 -0.0294518371997007 0.166277665718631 0.135870564987106 96.7291900952236 0.0294518371997007 0.942 1.562747274
-13.997995991984 -14.000728625628 0.164905061903174 -0.00273263364406517 0.164912529189807 -0.446612821265224 97.0255237488985 0.00273263364406517 0.944 1.574532857
4.78957915831663 4.7531949698996 0.165937491896943 -0.0363841884170339 0.16726130106371 -0.874932215147206 96.4218502828577 0.0363841884170339 0.946 1.580786083
-3.57715430861723 -3.59728340100147 0.164741782747767 -0.0201290923842334 0.16514696310798 0.597773864014139 97.1216878507212 0.0201290923842334 0.944 1.5646083
-7.73547094188377 -7.74253960276563 0.164767891984235 -0.00706866088186597 0.164817857950898 -0.194521715834284 97.1062978795097 0.00706866088186597 0.945 1.562096331
-1.47294589178357 -1.49871377466623 0.164088342076048 -0.0257678828826662 0.164752325864303 0.39785860969288 97.5084506160998 0.0257678828826662 0.948 1.561388121
-9.83967935871743 -9.84145683775483 0.166498776234911 -0.00177747903739878 0.16650193566664 0.0276155166645142 96.0968024018734 0.00177747903739878 0.943 1.565301311
8.99799599198397 8.96239544653783 0.166018507716261 -0.0356005454461368 0.167285906552324 0.314287700317917 96.374797124097 0.0356005454461368 0.944 1.569187639
6.9438877755511 6.90685515222843 0.165951149496299 -0.0370326233226708 0.167322564686458 0.0973883802790843 96.413914869308 0.0370326233226708 0.946 1.570593888
2.73547094188377 2.70184621090077 0.165571577955637 -0.0336247309830018 0.166702200489317 0.215773576835765 96.6349430110945 0.0336247309830018 0.945 1.563526918
-5.5811623246493 -5.59194343497087 0.16523130836535 -0.0107811103215685 0.165347540705116 -0.0359381540734616 96.8339484707205 0.0107811103215685 0.944 1.564307067
-11.8436873747495 -11.8458797543139 0.165254355004463 -0.00219237956440033 0.165259161532617 0.0477558845504822 96.8204438519512 0.00219237956440033 0.943 1.57162579
0.681362725450903 0.6518083187991 0.16532889054161 -0.029554406651803 0.16620235349415 0.075807241257464 96.7767941077009 0.029554406651803 0.941 1.563426591
-13.9478957915832 -13.9507875167006 0.165056944112903 -0.00289172511743452 0.165065306187058 -0.458545175351532 96.9362427372675 0.00289172511743452 0.947 1.574738009
4.83967935871744 4.80331140198767 0.16593468986898 -0.0363679567297694 0.167257318145678 -0.914077146810877 96.4234784940594 0.0363679567297694 0.946 1.581269419
-3.52705410821643 -3.54738610042127 0.164777029210248 -0.0203319922048339 0.165190419117265 0.639378557834469 97.100913135075 0.0203319922048339 0.944 1.564242503
-7.68537074148297 -7.6926375945234 0.164816877824456 -0.00726685304043428 0.164869684977568 -0.176225322806767 97.0774365538056 0.00726685304043428 0.944 1.562205652
-1.42284569138276 -1.4489125144927 0.164088354394504 -0.026066823109935 0.164767833661549 0.406473380362937 97.5084432959362 0.026066823109935 0.949 1.561238707
-9.78957915831663 -9.79132501212423 0.166416197256767 -0.00174585380759851 0.166419245262285 0.0210210187659876 96.1444875183228 0.00174585380759851 0.941 1.565522832
9.04809619238477 9.0124507709474 0.165941623882559 -0.0356454214373692 0.167212219952007 0.335094272521952 96.419449356019 0.0356454214373692 0.948 1.568779742
6.9939879759519 6.9569764432924 0.165894849059892 -0.0370115326595029 0.167264702609697 0.0781616957613696 96.4466352672808 0.0370115326595029 0.946 1.570770717
2.78557114228457 2.75191502577853 0.165625347506503 -0.0336561165060374 0.166758081684771 0.312642023605847 96.6035708958848 0.0336561165060374 0.947 1.563332969
-5.5310621242485 -5.54196050330573 0.165198715136592 -0.0108983790572372 0.165317489802667 -0.0753797010777879 96.8530535287192 0.0108983790572372 0.944 1.564436779
-11.7935871743487 -11.7958933042714 0.165226255416674 -0.00230612992266899 0.165231573651894 0.0600448265813402 96.8369098461416 0.00230612992266899 0.94 1.571009594
0.731462925851703 0.701800319114633 0.165289150494931 -0.02966260673707 0.166169020733369 0.0431063020886024 96.8000619041881 0.02966260673707 0.941 1.564326707
-13.8977955911824 -13.9008171977388 0.165184313484609 -0.00302160655643391 0.165193443590791 -0.462929029813269 96.861497695971 0.00302160655643391 0.946 1.575039953
4.88977955911824 4.85340575576097 0.165958458836528 -0.0363738033572725 0.167281512407201 -1.0016735114747 96.4096684927661 0.0363738033572725 0.945 1.581955591
-3.47695390781563 -3.4974527310755 0.164817271796743 -0.0204988232598695 0.165237473551782 0.678646573981478 97.0772045039772 0.0204988232598695 0.944 1.563775638
-7.63527054108216 -7.64275254378357 0.164846412036014 -0.0074820027014022 0.164902392400438 -0.178846443336161 97.0600439668924 0.0074820027014022 0.942 1.562209467
-1.37274549098196 -1.39908230974767 0.164099419966803 -0.0263368187657038 0.164793047989501 0.429558223783577 97.5018680945779 0.0263368187657038 0.947 1.561014022
7.04408817635271 7.0070504868384 0.165891593336163 -0.037037689514305 0.167263383780721 0.0731873410053985 96.4485280913395 0.037037689514305 0.946 1.57088016
9.09819639278557 9.06256828799777 0.165937674627761 -0.0356281047878042 0.167207036478531 0.352302101738089 96.421744102971 0.0356281047878042 0.946 1.56849287
-9.73947895791583 -9.74113910877907 0.166310097230498 -0.00166015086323412 0.166312853331387 -0.00756182709178432 96.2058243392447 0.00166015086323412 0.944 1.565727695
2.83567134268537 2.80191964584363 0.165655166986903 -0.0337516968417395 0.166794344026599 0.328875042169408 96.586181349025 0.0337516968417395 0.947 1.563235239
-5.4809619238477 -5.492014494358 0.165154621268701 -0.0110525705103042 0.165276780583587 -0.0744146863924211 96.8789118771826 0.0110525705103042 0.944 1.564562606
-11.7434869739479 -11.7459707047776 0.165133977875927 -0.00248373082973785 0.165140146794761 0.0866047447308449 96.891022706554 0.00248373082973785 0.94 1.570028086
0.781563126252506 0.751758034853967 0.165193342528157 -0.0298050913985389 0.166081686001432 -0.0574106276381936 96.8562034954455 0.0298050913985389 0.941 1.565040589
-13.8476953907816 -13.8507950637295 0.165217039345176 -0.00309967294796998 0.16522664731756 -0.475193343070235 96.8423115643199 0.00309967294796998 0.944 1.575252846
4.93987975951904 4.90349949863207 0.16594877966632 -0.036380260886971 0.167272303048524 -1.07574140086673 96.415291707308 0.036380260886971 0.947 1.582566925
-3.42685370741483 -3.44754441434663 0.164870703422707 -0.020690706931803 0.165298808776045 0.702858730063194 97.0457435301774 0.020690706931803 0.944 1.563304286
-7.58517034068136 -7.59283780260323 0.164948778623131 -0.00766746192187018 0.165007568595454 -0.194907979592779 96.9998088713118 0.00766746192187018 0.946 1.562366945
-1.32264529058116 -1.3492991867773 0.164115846252012 -0.0266538961961378 0.164826276434446 0.435146571882294 97.4921091740944 0.0266538961961378 0.947 1.561069953
7.09418837675351 7.0571465170682 0.165838710934399 -0.0370418596853073 0.167210810303345 0.0365318203210063 96.4792834546886 0.0370418596853073 0.946 1.571171961
9.14829659318637 9.11263254035613 0.165905729034622 -0.0356640528302403 0.1671776536989 0.35887067725302 96.4403103684326 0.0356640528302403 0.946 1.568319504
-9.68937875751503 -9.69106897509857 0.166230813224547 -0.00169021758353693 0.166233670060027 -0.014535089800638 96.2517098342468 0.00169021758353693 0.942 1.566066122
2.88577154308617 2.8519729464639 0.165672220672012 -0.0337985966222716 0.166814565805647 0.396763421209301 96.5762391250606 0.0337985966222716 0.944 1.563177821
-5.43086172344689 -5.4420829092066 0.165103127690023 -0.0112211857597062 0.165229042699877 -0.0722280111759455 96.9091271852802 0.0112211857597062 0.944 1.564594735
0.831663326653308 0.801733183319033 0.16517459448374 -0.0299301433342745 0.16607040796375 -0.215589082675177 96.8671971013984 0.0299301433342745 0.944 1.565914095
-11.6933867735471 -11.6960052567506 0.165117063202582 -0.00261848320350744 0.165123919656869 0.139786937584774 96.90094827068 0.00261848320350744 0.942 1.569415853
-13.7975951903808 -13.8008422220063 0.1653148027996 -0.00324703162550577 0.165325346013977 -0.47524916392398 96.7850412004286 0.00324703162550577 0.945 1.575595641
4.98997995991984 4.9535717108799 0.165926530580742 -0.0364082490399396 0.167252091178896 -1.14472563536013 96.4282200320835 0.0364082490399396 0.944 1.583252031
-3.37675350701403 -3.39761609529267 0.164945566255997 -0.0208625882786388 0.165380813845681 0.724521207785667 97.0016979733049 0.0208625882786388 0.944 1.56279849
-7.53507014028056 -7.54291399541263 0.164984370075726 -0.00784385513207297 0.165045896139059 -0.192935365242397 96.9788834703324 0.00784385513207297 0.947 1.562568744
7.14428857715431 7.10723640860213 0.16587707989519 -0.0370521685521767 0.167249943089609 -0.0161106076357609 96.4569668703455 0.0370521685521767 0.946 1.571734121
9.19839679358718 9.16267754650203 0.165848535195527 -0.035719247085142 0.167124399807857 0.378020505082366 96.473568374522 0.035719247085142 0.946 1.568024727
-1.27254509018036 -1.29947813809557 0.164174035173244 -0.0269330479152066 0.164899424243247 0.430391201956581 97.4575546194989 0.0269330479152066 0.945 1.560903771
-9.63927855711423 -9.64100143821253 0.166116003336211 -0.00172288109830632 0.16611897165549 -0.0334891164919915 96.3182335155077 0.00172288109830632 0.942 1.566209066
2.93587174348697 2.90210500620663 0.165704566303352 -0.0337667372803407 0.166844758849911 0.430920078610775 96.5573873849026 0.0337667372803407 0.944 1.563052755
0.881763527054108 0.851649671522033 0.165114772407813 -0.0301138555320749 0.16602161670282 -0.357821949061443 96.9022926699859 0.0301138555320749 0.944 1.566521824
-5.38076152304609 -5.39208359377057 0.165041201859792 -0.011322070724475 0.165169391145282 -0.0777930079438716 96.9454888821794 0.011322070724475 0.944 1.564728892
-11.6432865731463 -11.6460647624644 0.165134229694862 -0.00277818931814089 0.165141948030749 0.181787258560251 96.8908749540607 0.00277818931814089 0.939 1.568598526
-13.74749498998 -13.7507989767311 0.165449707356166 -0.00330398675114019 0.165460623684617 -0.450545242065281 96.7061245116415 0.00330398675114019 0.944 1.575859271
5.04008016032064 5.00374074758857 0.165929890622472 -0.0363394127320751 0.167250443540184 -1.14611631381596 96.4262673830336 0.0363394127320751 0.944 1.583335945
-3.32665330661323 -3.34767908353033 0.165015107118118 -0.0210257769171074 0.165457190413086 0.731837778440414 96.9608194027182 0.0210257769171074 0.944 1.562425878
-7.48496993987976 -7.49294855726927 0.16509176495874 -0.00797861738950711 0.165155423294189 -0.208360180350198 96.9157971265175 0.00797861738950711 0.944 1.562946708
9.24849699398798 9.21273150472037 0.165818619613601 -0.0357654892676109 0.167097789836153 0.404593608149872 96.490973313395 0.0357654892676109 0.944 1.56761235
7.19438877755511 7.15729016934657 0.165878667527309 -0.0370986082085452 0.16725497425832 -0.0595060786900137 96.4560436764172 0.0370986082085452 0.946 1.571871896
-1.22244488977956 -1.24965195688387 0.164220630948016 -0.0272070671043088 0.164960855448435 0.453361301159239 97.4299021239589 0.0272070671043088 0.945 1.560850276
-9.58917835671343 -9.59089635685033 0.166045590240771 -0.0017180001369077 0.166048541765241 -0.0334967697181332 96.3590781110148 0.0017180001369077 0.944 1.566562851
2.98597194388778 2.9521779378969 0.16574973031808 -0.0337940059908761 0.166891765158991 0.449892904404403 96.5310771202791 0.0337940059908761 0.942 1.563296181
0.93186372745491 0.901647036654233 0.165111705587871 -0.0302166908006771 0.166024753990815 -0.445138941299411 96.9040925537827 0.0302166908006771 0.944 1.567275586
-5.33066132264529 -5.3421147975387 0.164953718731138 -0.0114534748934094 0.165084900818272 -0.0808778160029167 96.9969038774979 0.0114534748934094 0.944 1.56489711
-11.5931863727455 -11.5960626133909 0.165111782601159 -0.00287624064540992 0.16512005536141 0.183756592591566 96.9040473546898 0.00287624064540992 0.939 1.568085111
-13.6973947895792 -13.7007864259661 0.165543135071507 -0.00339163638694195 0.165554638268888 -0.455590684639195 96.6515463965858 0.00339163638694195 0.942 1.576001837
5.09018036072144 5.0537588501972 0.165885119054116 -0.036421510524244 0.167211645482984 -1.13296158106785 96.4522923528804 0.036421510524244 0.943 1.583368399
-3.27655310621243 -3.29769022556447 0.165106663744527 -0.0211371193520415 0.165553441559029 0.748260688900748 96.9070517029958 0.0211371193520415 0.944 1.561964498
-7.43486973947896 -7.4429264876758 0.16515440164623 -0.0080567481968421 0.165219312837737 -0.214785952180613 96.8790407068465 0.0080567481968421 0.944 1.563236555
9.29859719438878 9.26277444438467 0.165772665555417 -0.0358227500041135 0.167055934973274 0.413977872449689 96.5177217027453 0.0358227500041135 0.944 1.56731698
7.24448897795591 7.2073210166034 0.165848382929665 -0.0371679613525142 0.167229840280767 -0.133445678077126 96.4736569471735 0.0371679613525142 0.946 1.572102494
-1.17234468937876 -1.19979464322793 0.164291309044079 -0.0274499538491759 0.165044809010401 0.456058790025871 97.3879877949434 0.0274499538491759 0.942 1.560523473
-9.53907815631263 -9.5408061070402 0.165971405670755 -0.00172795072757559 0.165974391484472 -0.0646125213011661 96.4021479202262 0.00172795072757559 0.946 1.567024864
3.03607214428858 3.00227179946313 0.165790967175255 -0.0338003448254449 0.166933430485574 0.470969511399311 96.5070671376604 0.0338003448254449 0.944 1.563532384
0.981963927855713 0.951566895144733 0.165099343719986 -0.0303970327109793 0.166023323317618 -0.512751148510154 96.9113482797153 0.0303970327109793 0.944 1.567888704
-5.28056112224449 -5.29219802122487 0.164867190896052 -0.0116368989803775 0.165002608313931 -0.0768495206815933 97.0478111080812 0.0116368989803775 0.945 1.565003459
-11.5430861723447 -11.5460931750402 0.165180183063087 -0.0030070026955098 0.165189225128297 0.199758435929387 96.8639197711096 0.0030070026955098 0.939 1.567385609
-13.6472945891784 -13.6507884198407 0.165666868587739 -0.00349383066237685 0.165679075440436 -0.418090384852532 96.579359146432 0.00349383066237685 0.944 1.576215586
5.14028056112225 5.1038574021679 0.16586869321661 -0.0364231589543458 0.167195339724824 -1.16095693941234 96.4618439424573 0.0364231589543458 0.941 1.583112898
-3.22645290581162 -3.24771513367713 0.165157012752945 -0.0212622278655101 0.16560909508675 0.784114194995134 96.8775090642629 0.0212622278655101 0.944 1.561508526
-7.38476953907816 -7.3929310682951 0.165226772002598 -0.00816152921694435 0.165293382561757 -0.207378597101626 96.8366070829517 0.00816152921694435 0.945 1.563576556
9.34869739478958 9.31288424881097 0.165736475165841 -0.0358131459786115 0.167019056590727 0.410179545009171 96.5387974131215 0.0358131459786115 0.943 1.567183988
7.29458917835671 7.25736513085853 0.165876093046919 -0.0372240474981798 0.167261722759066 -0.214901883253937 96.4575407227268 0.0372240474981798 0.947 1.572527894
-1.12224448897796 -1.14995456694257 0.164378025002388 -0.0277100779646113 0.165145873423193 0.466924837957206 97.3366117506736 0.0277100779646113 0.942 1.560510382
-9.48897795591182 -9.4906911554046 0.165879812797453 -0.00171319949277482 0.165882747849955 -0.0777627557127347 96.4553777230068 0.00171319949277482 0.945 1.567289251
3.08617234468938 3.0523180245756 0.165789059125324 -0.0338543201137806 0.166935174115691 0.492404588303041 96.5081778279782 0.0338543201137806 0.943 1.56372596
1.03206412825651 1.0015263013268 0.16508809781379 -0.0305378269297147 0.166020656687379 -0.526920394274211 96.9179499423821 0.0305378269297147 0.944 1.568167665
-5.23046092184369 -5.2422988101491 0.164782415125935 -0.0118378883054131 0.164922550725467 -0.071248238367283 97.0977393902861 0.0118378883054131 0.944 1.565050215
-11.4929859719439 -11.4961367963998 0.165221334033382 -0.00315082445594506 0.165231261728134 0.224576016557376 96.8397942893219 0.00315082445594506 0.94 1.566731149
-13.5971943887776 -13.600687910817 0.16575954594655 -0.00349352203947717 0.16577175064279 -0.43517274619248 96.5253609294954 0.00349352203947717 0.942 1.576657018
5.19038076152305 5.15392428291783 0.165877390021801 -0.0364564786052153 0.167206464854094 -1.12820362576004 96.4567865330961 0.0364564786052153 0.944 1.582983339
-7.33466933867735 -7.3428903481877 0.165326245902248 -0.00822100951034521 0.165393830899617 -0.218927134160046 96.7783421965576 0.00822100951034521 0.944 1.563893815
-3.17635270541082 -3.1977177500393 0.165227378089802 -0.021365044628479 0.165683843221779 0.795904485001242 96.8362518668298 0.021365044628479 0.944 1.561062402
9.39879759519038 9.36289651746523 0.165671657164608 -0.0359010777251481 0.166960544546436 0.426326070217797 96.5765676147169 0.0359010777251481 0.943 1.566948404
7.34468937875751 7.30746875714513 0.165913206357421 -0.0372206216123816 0.167298581030633 -0.25654413282134 96.435964027672 0.0372206216123816 0.946 1.573018221
-1.07214428857715 -1.10008607128363 0.164496801682063 -0.0279417827064803 0.165277544902879 0.466874113154414 97.2663288063469 0.0279417827064803 0.944 1.560236287
-9.43887775551102 -9.44065817112943 0.165769751070665 -0.00178041561841091 0.165772920950439 -0.180344715514313 96.5194186313248 0.00178041561841091 0.945 1.5677514
3.13627254509018 3.1024003292754 0.165722797145639 -0.0338722158147791 0.166870124149842 0.536508596388685 96.5467652946929 0.0338722158147791 0.945 1.563894317
1.08216432865731 1.05148250798963 0.165105233986246 -0.0306818206676802 0.16604660810573 -0.532045166982931 96.9078908869287 0.0306818206676802 0.944 1.56858844
-5.18036072144289 -5.19241379025593 0.164706660849857 -0.0120530688130476 0.164851937317669 -0.0574783769965281 97.1423979907239 0.0120530688130476 0.944 1.56507374
-11.4428857715431 -11.4461237329543 0.165316461243314 -0.00323796141121413 0.165326945637415 0.253636016741943 96.7840702593497 0.00323796141121413 0.942 1.566043048
-13.5470941883768 -13.5505898737791 0.165920023922256 -0.00349568540237932 0.165932243738689 -0.396812689958032 96.4320015256084 0.00349568540237932 0.943 1.5768731
5.24048096192385 5.20396666435783 0.165868279195651 -0.036514297566014 0.16720157312239 -1.09783045054776 96.4620847192074 0.036514297566014 0.944 1.582553491
-7.28456913827655 -7.29294924911393 0.165378489520821 -0.00838011083737999 0.165448715778467 -0.179171553331392 96.7477695942171 0.00838011083737999 0.945 1.564232005
-3.12625250501002 -3.147746006197 0.16528463230599 -0.0214935011869795 0.165746602899265 0.806761611544249 96.8027080120755 0.0214935011869795 0.942 1.560595697
7.39478957915832 7.35757047359537 0.165923630912911 -0.0372191055629507 0.167308892731817 -0.336736679098792 96.4299052037861 0.0372191055629507 0.945 1.573329025
9.44889779559118 9.4129609545994 0.16562944044991 -0.0359368409917824 0.166920896990378 0.446592316727668 96.6011836817066 0.0359368409917824 0.943 1.566680705
-1.02204408817635 -1.05021772144087 0.164589304441829 -0.0281736332645139 0.165383058053152 0.46686434295321 97.2116630194213 0.0281736332645139 0.947 1.560049824
-9.38877755511022 -9.39057365958937 0.165652867102316 -0.00179610447914591 0.165656093093616 -0.280264270800784 96.5875223283489 0.00179610447914591 0.942 1.568195761
3.18637274549098 3.15246035496387 0.165705706152697 -0.0339123905271146 0.16685575638396 0.482026214270814 96.5567231900638 0.0339123905271146 0.945 1.564264712
1.13226452905812 1.1014425872915 0.165160816634882 -0.0308219417666158 0.166110808729147 -0.590213048170962 96.8752778412985 0.0308219417666158 0.944 1.568857667
-5.13026052104208 -5.1425089150431 0.164601021294179 -0.0122483940010163 0.164751044449783 -0.0531500293152798 97.2047431674459 0.0122483940010163 0.944 1.565052965
-11.3927855711423 -11.3961293009724 0.165354524826722 -0.0033437298301493 0.165365705355899 0.259253901896839 96.7617911681988 0.0033437298301493 0.943 1.565333484
-13.496993987976 -13.5004336673458 0.166043811286181 -0.00343967936988143 0.166055642680349 -0.424012866777468 96.3601104796586 0.00343967936988143 0.947 1.577167059
5.29058116232465 5.25402893348647 0.165840671675271 -0.0365522288381825 0.16717673710831 -0.997703217158552 96.4781427762742 0.0365522288381825 0.945 1.581866235
-7.23446893787575 -7.24293920774133 0.165475890502129 -0.0084702698655823 0.165547635973725 -0.178130400525472 96.6908227624504 0.0084702698655823 0.944 1.564399504
7.44488977955912 7.40762246265503 0.165958722369852 -0.037267316904086 0.167347575279082 -0.386654511844553 96.4095153995145 0.037267316904086 0.946 1.57355281
9.49899799599199 9.46302665495337 0.165589013623422 -0.0359713410386178 0.166882950999538 0.41670328317146 96.6247678507633 0.0359713410386178 0.944 1.566652764
-3.07615230460922 -3.09772621889167 0.16536048318526 -0.0215739142824485 0.165825916962727 0.807247797166022 96.7583045949046 0.0215739142824485 0.944 1.560135059
-0.97194388777555 -1.00031494163127 0.164697598455083 -0.0283710538557163 0.165502515151967 0.474225037668852 97.1477431977465 0.0283710538557163 0.942 1.559805648
-9.33867735470942 -9.34053933472803 0.165575504870088 -0.00186198001861548 0.165578971839678 -0.310061357896013 96.6326511433785 0.00186198001861548 0.947 1.568462292
3.23647294589178 3.20252453555483 0.165671469120993 -0.0339484103369503 0.166823963685399 0.490071849271922 96.5766772329088 0.0339484103369503 0.944 1.564708668
1.18236472945892 1.15143834454783 0.165209091035811 -0.0309263849110846 0.16616553231948 -0.65521334151723 96.8469707065443 0.0309263849110846 0.944 1.56922234
-5.08016032064128 -5.0926280397878 0.164501461272797 -0.0124677191465183 0.164656905293514 -0.0362615356026275 97.2635736862347 0.0124677191465183 0.944 1.565108516
-11.3426853707415 -11.3461306308202 0.165412954972463 -0.00344526007868318 0.165424824789472 0.250828866651509 96.7276112240642 0.00344526007868318 0.943 1.564745173
-13.4468937875751 -13.4503433231898 0.166163581204711 -0.00344953561465111 0.166175480500667 -0.397963861171174 96.2906545706203 0.00344953561465111 0.947 1.577302943
5.34068136272545 5.30404997061293 0.165801733709446 -0.0366313921125183 0.167143592597547 -0.844908391357491 96.5008003356506 0.0366313921125183 0.947 1.581226621
7.49498997995992 7.45770489244413 0.165999988057759 -0.0372850875157882 0.167390165808819 -0.436938934435732 96.3855491027676 0.0372850875157882 0.946 1.573745055
9.54909819639279 9.51313627429477 0.16551905235901 -0.0359619220980214 0.166812312199994 0.401662517993662 96.6656090157891 0.0359619220980214 0.943 1.566827518
-7.18436873747495 -7.19294879375847 0.165540390511729 -0.00858005628351677 0.165614007877558 -0.169679201076045 96.6531488208995 0.00858005628351677 0.945 1.564656426
-3.02605210420842 -3.04771307272423 0.165445598706372 -0.0216609685158171 0.165914796263415 0.819876024137245 96.7085260962204 0.0216609685158171 0.942 1.559643881
-0.921843687374748 -0.9504294309581 0.164837269675655 -0.0285857435833518 0.165654414411868 0.466220793168592 97.0654272027356 0.0285857435833518 0.941 1.559757667
-9.28857715430862 -9.2904680777032 0.16546337238674 -0.00189092339458341 0.165466947978025 -0.380179436037326 96.6981378972678 0.00189092339458341 0.943 1.568679128
3.28657314629259 3.25254927225413 0.16562404340408 -0.0340238740384526 0.166781667408665 0.475092671975463 96.6043315399811 0.0340238740384526 0.946 1.565017243
1.23246492985972 1.2014279088348 0.165256552447801 -0.03103702102492 0.166219849121903 -0.598824774401546 96.8191564147135 0.03103702102492 0.944 1.569379215
-5.03006012024048 -5.04277913381497 0.164397158604323 -0.0127190135744852 0.164558931910631 -0.0299892552428016 97.325283087826 0.0127190135744852 0.942 1.565168937
-11.2925851703407 -11.2961237293681 0.165479785675012 -0.00353855902741884 0.165492307075003 0.273265244452925 96.6885467897727 0.00353855902741884 0.94 1.563980621
-13.3967935871743 -13.4001335415309 0.166271810946182 -0.0033399543565853 0.166282966241286 -0.3975168553425 96.2279770031421 0.0033399543565853 0.945 1.577629971
5.39078156312625 5.3541644039767 0.16584755875054 -0.0366171591495537 0.167188375094723 -0.708377211491396 96.474136372827 0.0366171591495537 0.947 1.580374878
7.54509018036072 7.5078376587771 0.166099579481769 -0.0372525215836239 0.167487329846107 -0.458486703726163 96.3277574206994 0.0372525215836239 0.944 1.574095292
9.59919839679359 9.56307836229087 0.165467621283542 -0.0361200345027228 0.16677227817602 0.371273171683273 96.6956548712494 0.0361200345027228 0.943 1.566741787
-7.13426853707415 -7.14284887637433 0.165586758380033 -0.00858033930018465 0.165660380602539 -0.147866043459433 96.6260838519402 0.00858033930018465 0.944 1.564870187
-2.97595190380762 -2.9977023806442 0.165488923754564 -0.0217504768365844 0.165962006997183 0.833686464910333 96.6832077760655 0.0217504768365844 0.944 1.559289891
-0.871743486973948 -0.9004944629981 0.164984832059418 -0.0287509760241522 0.165811450681759 0.46603071402761 96.9786119140803 0.0287509760241522 0.942 1.559593731
3.33667334669339 3.3025750936597 0.165587016357056 -0.034098253033688 0.166749707217006 0.481375236946524 96.625933312906 0.034098253033688 0.943 1.565375992
-9.23847695390782 -9.24045206710883 0.165377177997929 -0.00197511320101817 0.165381079070086 -0.422880123132052 96.7485368519251 0.00197511320101817 0.943 1.568816895
1.28256513026052 1.25143349360997 0.165311632386048 -0.0311316366505556 0.16628081118659 -0.592079578571458 96.7868973832137 0.0311316366505556 0.944 1.569531844
-4.97995991983968 -4.9929304315288 0.164334332108697 -0.0129705116891206 0.164502566282175 -0.0199367795015337 97.3624914203378 0.0129705116891206 0.944 1.56528369
-11.2424849699399 -11.2460553085835 0.165588786495002 -0.00357033864365341 0.165601533813032 0.288246684411475 96.6249003852864 0.00357033864365341 0.942 1.563464703
-13.3466933867735 -13.3499681775653 0.166387272248902 -0.00327479079178694 0.166397996503632 -0.397329740418423 96.1612014172891 0.00327479079178694 0.947 1.578002523
5.44088176352706 5.40419925067737 0.165833156969589 -0.0366825128496888 0.167178763718556 -0.687650649043131 96.4825146694526 0.0366825128496888 0.946 1.579758223
7.59519038076152 7.5580005177075 0.166094803484758 -0.0371898630540226 0.167477889398735 -0.503264386084096 96.3305272911097 0.0371898630540226 0.946 1.574349322
9.64929859719439 9.61311430154523 0.165440053888119 -0.0361842956491554 0.166749357139744 0.353310568439658 96.7117673379159 0.0361842956491554 0.943 1.566691733
-7.08416833667335 -7.09284463809463 0.165624395937932 -0.00867630142128739 0.165699674144285 -0.108790794015956 96.6041259163051 0.00867630142128739 0.944 1.565079555
-2.92585170340681 -2.9476821741071 0.16551514856097 -0.0218304707002868 0.165991718011966 0.861659682969662 96.6678889461661 0.0218304707002868 0.942 1.558952645
-0.821643286573146 -0.850554910902533 0.165079151503595 -0.0289116243293878 0.165915033524958 0.448572176485773 96.9232023200192 0.0289116243293878 0.943 1.559316766
3.38677354709419 3.35260969555527 0.165532796874649 -0.0341638515389233 0.166699965626622 0.438335497344244 96.6575826790153 0.0341638515389233 0.944 1.565803542
1.33266533066132 1.30144248934517 0.165353334166751 -0.0312228413161579 0.166328199986605 -0.547773824359493 96.7624879209557 0.0312228413161579 0.945 1.569545062
-9.18837675350701 -9.1904639476311 0.165261811526801 -0.0020871941240852 0.165266167906112 -0.467711259685138 96.8160753666026 0.0020871941240852 0.942 1.56903256
-4.92985971943888 -4.94309434731593 0.164237523340248 -0.0132346278770568 0.164412678715292 -0.0303044921424966 97.4198811245655 0.0132346278770568 0.943 1.565454318
-11.1923847695391 -11.1960248901265 0.165676058253672 -0.00364012058745544 0.165689308731563 0.287890492431242 96.5740021138231 0.00364012058745544 0.944 1.563018092
-13.2965931863727 -13.2998525968033 0.166385116012142 -0.00325941043055344 0.166395739768497 -0.347489103428861 96.1624476003753 0.00325941043055344 0.946 1.57811282
5.49098196392786 5.45428512700077 0.165873016794175 -0.0366968369270912 0.167219674634629 -0.560142847093631 96.4593296078635 0.0366968369270912 0.946 1.578777579
7.64529058116232 7.60810727300507 0.166203557121386 -0.0371833081572577 0.167586155526904 -0.513425299583914 96.2674943732669 0.0371833081572577 0.944 1.574467468
9.69939879759519 9.6631109681108 0.165390460929242 -0.0362878294843902 0.16670726749793 0.29842237112252 96.7407667292567 0.0362878294843902 0.943 1.566785896
-7.03406813627254 -7.04273981875057 0.165637207409785 -0.00867168247802219 0.165712405486785 -0.0885722151105661 96.5966539173538 0.00867168247802219 0.944 1.565226154
-2.87575150300601 -2.89764228129927 0.165556508500553 -0.0218907782932556 0.166035714674837 0.874157396528752 96.6437390164374 0.0218907782932556 0.943 1.558543747
3.43687374749499 3.40255662768507 0.165448702752477 -0.0343171198099221 0.166626367464525 0.434405693013273 96.7067117107418 0.0343171198099221 0.945 1.566306802
-0.771543086172345 -0.8005809157206 0.165219805813143 -0.0290378295482548 0.166063001358016 0.428040670487972 96.8406900205136 0.0290378295482548 0.944 1.55912907
1.38276553106212 1.3514516798016 0.165388268293369 -0.0313138512605231 0.166368825574135 -0.559884457824422 96.7420492705012 0.0313138512605231 0.947 1.569668458
-9.13827655310621 -9.14048459221963 0.165163279483744 -0.00220803911342138 0.16516815492047 -0.483084597759426 96.8738332758449 0.00220803911342138 0.945 1.569215689
-4.87975951903808 -4.89327152923987 0.164185297309277 -0.01351201020179 0.16436787172897 -0.00562299189038051 97.4508696102108 0.01351201020179 0.945 1.565548042
-11.1422845691383 -11.145971436386 0.165758606029207 -0.00368686724769063 0.165772199019309 0.273286797347738 96.5259082667527 0.00368686724769063 0.941 1.56266844
-13.2464929859719 -13.2497147896089 0.166459505693763 -0.00322180363695601 0.166469885712438 -0.360573046458884 96.1194732215253 0.00322180363695601 0.948 1.578366317
7.69539078156313 7.65818747469823 0.16630057014061 -0.0372033068648934 0.167684656182293 -0.551807909076107 96.2113358148546 0.0372033068648934 0.944 1.574716144
5.54108216432866 5.50434098042077 0.16594748464759 -0.0367411839078899 0.167297399242543 -0.38280726455775 96.4160441116536 0.0367411839078899 0.946 1.577918835
9.74949899799599 9.7131258147106 0.165353613714317 -0.0363731832853933 0.16667662217663 0.243541870335773 96.7623243338564 0.0363731832853933 0.941 1.566717937
-6.98396793587174 -6.99267804046443 0.165648369567545 -0.00871010459269073 0.16572423548956 -0.033393606494253 96.5901447854326 0.00871010459269073 0.944 1.565265118
-2.82565130260521 -2.84758862475393 0.165591820617335 -0.0219373221487227 0.166073066720392 0.892365287611108 96.6231299369204 0.0219373221487227 0.944 1.558231366
3.48697394789579 3.4525855400399 0.165404606966821 -0.0343884078558911 0.166587169561684 0.436706313212343 96.7324930871454 0.0343884078558911 0.944 1.566578172
-0.721442885771543 -0.750602813644167 0.16534136700731 -0.0291599278726238 0.166191668400847 0.412310026665152 96.7694914442834 0.0291599278726238 0.943 1.559070604
1.43286573146293 1.40143957818627 0.165426903784107 -0.0314261532766587 0.166414506893875 -0.49324246523893 96.7194551430467 0.0314261532766587 0.949 1.5695036
-9.08817635270541 -9.09053199456543 0.165043683304692 -0.00235564186002257 0.165049232353265 -0.494952616261846 96.9440312990467 0.00235564186002257 0.943 1.569117443
-4.82965931863727 -4.84348148803237 0.164138433428855 -0.0138221693950928 0.164329485795642 0.013796348723194 97.4786932332645 0.0138221693950928 0.946 1.565666369
-11.0921843687375 -11.0959195846085 0.165854207017387 -0.00373521587105863 0.16586815885499 0.294255174086178 96.4702692065127 0.00373521587105863 0.943 1.562235558
-13.1963927855711 -13.1995537250346 0.166505235316228 -0.00316093946345752 0.16651522685452 -0.331532207480301 96.0930746088113 0.00316093946345752 0.947 1.578651381
7.74549098196393 7.70834558710427 0.166372564807288 -0.0371453948596621 0.167752345166568 -0.588589630051317 96.1697021292728 0.0371453948596621 0.946 1.575069638
9.79959919839679 9.76305281046637 0.165302025713558 -0.0365463879304286 0.16663766418432 0.209137675303617 96.7925222388103 0.0365463879304286 0.941 1.566673154
5.59118236472946 5.55449919603387 0.165938028942703 -0.0366831686955926 0.167283683808253 -0.305846997376169 96.4215382209019 0.0366831686955926 0.947 1.577150087
-6.93386773547094 -6.9426398112479 0.165652391359848 -0.0087720757769576 0.165729340673285 0.0214790988316227 96.5877997211828 0.0087720757769576 0.942 1.56532245
-2.77555110220441 -2.7975721055676 0.165610720678159 -0.0220210033631916 0.166095645267281 0.930448170603249 96.6121029754694 0.0220210033631916 0.941 1.557931907
3.53707414829659 3.5025352705302 0.165349349601779 -0.0345388777663933 0.166542283679141 0.415719635262479 96.7648196895468 0.0345388777663933 0.944 1.567108608
1.48296593186373 1.4514809675059 0.165465690623041 -0.0314849643578277 0.166456993603655 -0.480561547539604 96.6967831201375 0.0314849643578277 0.947 1.569417561
-0.671342685370741 -0.700540532972133 0.165533280961708 -0.0291978476013927 0.166385795266262 0.371060390090694 96.6573000126856 0.0291978476013927 0.945 1.559046091
-9.03807615230461 -9.04062466476927 0.164936762701388 -0.00254851246465826 0.16494325761717 -0.514555142871803 97.0068754712218 0.00254851246465826 0.946 1.569354358
-4.77955911823647 -4.79367289292783 0.164098772314549 -0.0141137746913609 0.164297970950587 0.0206196954530613 97.5022529073575 0.0141137746913609 0.945 1.565723461
-11.0420841683367 -11.0457830443675 0.16591185446522 -0.00369887603086028 0.165925536149112 0.294592433354002 96.4367498125583 0.00369887603086028 0.941 1.561930397
-13.1462925851703 -13.1493612838289 0.166526425487817 -0.00306869865852555 0.166535842399274 -0.324602508446764 96.0808469474448 0.00306869865852555 0.948 1.578701295
7.79559118236473 7.75850480165003 0.166431896561074 -0.0370863807146975 0.167807296195589 -0.599631547653828 96.1354183338808 0.0370863807146975 0.946 1.575170907
9.8496993987976 9.81307998704443 0.165279911037585 -0.0366194117531631 0.166620892354732 0.164634249653428 96.8054732093945 0.0366194117531631 0.94 1.566544508
5.64128256513026 5.6045522215564 0.165948799177615 -0.0367303435738613 0.167297917316669 -0.214590249111507 96.4152803713582 0.0367303435738613 0.946 1.576313698
-6.88376753507014 -6.89259012952933 0.165690890552157 -0.00882259445919331 0.165768728725148 0.111582900936402 96.5653570131753 0.00882259445919331 0.944 1.565208546
-2.72545090180361 -2.74750379123397 0.165632142696218 -0.0220528894303604 0.166118472628446 0.949203821935307 96.5996076579486 0.0220528894303604 0.941 1.557840559
3.5871743486974 3.55259302202887 0.165345631745709 -0.0345813266685289 0.166541499899865 0.380847763812897 96.7669954813621 0.0345813266685289 0.947 1.567534312
1.53306613226453 1.50146836539573 0.165483642690457 -0.0315977668687966 0.166482061561552 -0.486597016828305 96.6862932182882 0.0315977668687966 0.947 1.569446864
-0.62124248496994 -0.650501060907267 0.165641932162536 -0.0292585759373264 0.166497996428416 0.356941022746504 96.5938986047325 0.0292585759373264 0.944 1.558832533
-4.72945891783567 -4.74389047123143 0.164073374922773 -0.0144315533957613 0.164281644656188 0.0448492579339321 97.5173455628067 0.0144315533957613 0.946 1.565803441
-8.98797595190381 -8.99069415318533 0.164887394170543 -0.00271820128152633 0.16489478278875 -0.506975736787213 97.0359200622167 0.00271820128152633 0.948 1.569457365
-10.9919839679359 -10.9957182301752 0.165994149623798 -0.0037342622393286 0.16600809433827 0.290293445007039 96.3889392262419 0.0037342622393286 0.941 1.561750784
-13.0961923847695 -13.0992112259275 0.166543640857591 -0.00301884115792816 0.166552754259527 -0.312628260765857 96.0709152124362 0.00301884115792816 0.945 1.57867499
7.84569138276553 7.80867787975847 0.16652695737404 -0.0370135030070671 0.167896956778894 -0.616207857600271 96.0805400657268 0.0370135030070671 0.947 1.57526554
9.8997995991984 9.86306333306563 0.165308175952804 -0.036736266132765 0.166657729202182 0.116588822462027 96.7889211031402 0.036736266132765 0.946 1.566649626
5.69138276553106 5.65467034963007 0.165951207532393 -0.0367124159009968 0.167299009013681 -0.115616131507429 96.4138811516443 0.0367124159009968 0.946 1.575300636
-6.83366733466934 -6.8425813181695 0.165690448145795 -0.00891398350016193 0.165769907247636 0.186077884964186 96.5656148501767 0.00891398350016193 0.944 1.565078157
-2.67535070140281 -2.6974706676418 0.165660724796392 -0.0221199662389941 0.166150017702806 0.965194283766369 96.5829409455082 0.0221199662389941 0.941 1.557590042
3.6372745490982 3.60254957722787 0.165276782199314 -0.0347249718703311 0.166482605870709 0.321566171126375 96.8073058241477 0.0347249718703311 0.947 1.568141934
1.58316633266533 1.55151034386733 0.165502535368579 -0.0316559887979988 0.166504636995358 -0.484801025357756 96.6752561485992 0.0316559887979988 0.948 1.569554836
-0.571142284569138 -0.600392968266967 0.165800322217131 -0.0292506836978286 0.166655924713922 0.332507501205515 96.5016218668531 0.0292506836978286 0.944 1.558660711
-4.67935871743487 -4.6940812473986 0.164059924882731 -0.0147225299637306 0.164276677771264 0.056062992505701 97.525340276955 0.0147225299637306 0.947 1.565868318
-10.9418837675351 -10.9455961265717 0.166065658181118 -0.00371235903662992 0.166079439790735 0.247201004351927 96.3474337514726 0.00371235903662992 0.941 1.561660976
-8.93787575150301 -8.94079170467497 0.164799727841113 -0.00291595317196069 0.164808230624014 -0.50943790566273 97.0875389759502 0.00291595317196069 0.943 1.569579716
-13.0460921843687 -13.0490235961903 0.166583521767943 -0.00293141182156376 0.166592114943211 -0.326824493429451 96.0479153651738 0.00293141182156376 0.946 1.578814169
7.89579158316633 7.8588986549781 0.166578099063332 -0.036892928188232 0.167939187213634 -0.623375926292336 96.0510420635601 0.036892928188232 0.946 1.575348351
9.9498997995992 9.91300007751883 0.165295572163953 -0.0368997220803653 0.166657161653562 0.131901022375924 96.7963012592372 0.0368997220803653 0.946 1.566219409
5.74148296593187 5.704811423628 0.166017179673468 -0.0366715423038659 0.167361981688412 -0.0790371717728111 96.3755680675319 0.0366715423038659 0.947 1.574324674
-6.78356713426854 -6.7925187254311 0.165708168220565 -0.00895159116256306 0.165788299204907 0.21760730751218 96.5552885643107 0.00895159116256306 0.944 1.564918916
-2.625250501002 -2.6474278346577 0.165660501962571 -0.0221773336556961 0.166152336090647 0.977114974784488 96.583070861484 0.0221773336556961 0.941 1.557498494
3.687374749499 3.65257779060017 0.165256974360808 -0.0347969588988333 0.166467802709415 0.29109038599644 96.8189092284053 0.0347969588988333 0.945 1.568534905
1.63326653306613 1.6014968469486 0.165516161652145 -0.0317696861175343 0.166525474608151 -0.456953570934582 96.6672972614374 0.0317696861175343 0.949 1.569395079
-4.62925851703407 -4.64430468148203 0.164060456564548 -0.0150461644479662 0.164286843629143 0.0723738750736613 97.5250242199889 0.0150461644479662 0.946 1.565939682
-0.521042084168336 -0.550289971084267 0.165894170816302 -0.0292478869159308 0.166749609705349 0.325515006125277 96.4470295807869 0.0292478869159308 0.944 1.558505475
-10.8917835671343 -10.8954750971941 0.166104549989315 -0.00369153005979861 0.166118177383497 0.216088056003438 96.3248749117904 0.00369153005979861 0.94 1.561820672
-8.88777555110221 -8.89097554248163 0.164727161986168 -0.00319999137942872 0.164737401930996 -0.507622753928855 97.1303081233411 0.00319999137942872 0.947 1.569431242
-12.9959919839679 -12.9988065953986 0.166648685521574 -0.00281461143069706 0.16665660755908 -0.309798300659836 96.0103582570934 0.00281461143069706 0.945 1.579083925
10 9.96295282736523 0.165311965719858 -0.0370471726347663 0.166684458720088 0.0796817084311008 96.7867022228385 0.0370471726347663 0.944 1.565982505
5.79158316633266 5.75494475441997 0.165999713518765 -0.0366384119126977 0.16734208674625 -0.0503863578496633 96.3857085102215 0.0366384119126977 0.947 1.5735364
-6.73346693386774 -6.74248646891447 0.165689039268869 -0.0090195350467317 0.165770391281328 0.247094368262035 96.5664359610193 0.0090195350467317 0.944 1.564780265
-2.5751503006012 -2.59741245166157 0.165635039077348 -0.0222621510603651 0.166130642447183 0.986919750232718 96.5979184665651 0.0222621510603651 0.944 1.557483881
3.7374749498998 3.7025156108421 0.165233175044921 -0.0349593390576985 0.166455330432272 0.237953927461876 96.8328545139325 0.0349593390576985 0.944 1.56902965
-0.470941883767535 -0.500125119587133 0.166038606526052 -0.0291832358195979 0.166890267778955 0.311687584906761 96.3631310498231 0.0291832358195979 0.944 1.558417786
-8.8376753507014 -8.8411414955858 0.164694922745928 -0.00346614488439734 0.164706936906287 -0.510946030341836 97.1493215044822 0.00346614488439734 0.942 1.569318182
-12.9458917835671 -12.9485880244923 0.166652659939285 -0.00269624092513254 0.166659929654411 -0.308536184167807 96.008068553056 0.00269624092513254 0.945 1.579218831
5.84168336673347 5.8050399532816 0.165997907742153 -0.0366434134518663 0.167340647491558 -0.056064643139625 96.3867570237873 0.0366434134518663 0.948 1.572909949
-6.68336673346693 -6.69240868434823 0.165671986744272 -0.00904195088130066 0.165753743620012 0.279011689809694 96.5763754900657 0.00904195088130066 0.944 1.564592011
-2.5250501002004 -2.54735524360263 0.165626600857342 -0.0223051434022321 0.166124120279537 1.027424887494 96.602839864963 0.0223051434022321 0.943 1.557510415
-0.420841683366733 -0.4500372929816 0.166100391612545 -0.0291956096148668 0.166952775233329 0.27827845445374 96.3272864360397 0.0291956096148668 0.944 1.558287125
-8.7875751503006 -8.7912600453722 0.16469971602604 -0.00368489507159886 0.164713294477729 -0.514739573857925 97.1464941534587 0.00368489507159886 0.947 1.56938081
