7.94589178356713 7.90938330949557 0.166050640165002 -0.0365084740715673 0.167383508844037 0.0415915868776984 96.3561476432792 0.0365084740715673 0.938 1.566440507
5.89178356713427 5.85747817581283 0.165101412681144 -0.0343053913214355 0.16627827255486 0.371835282964028 96.9101338393779 0.0343053913214355 0.946 1.568300125
-6.63326653306613 -6.6476819627532 0.164590431308801 -0.0144154296870678 0.164798235921864 -0.68920138191681 97.2109974606066 0.0144154296870678 0.942 1.56507834
3.7875751503006 3.75326866410773 0.165329610427948 -0.0343064861928672 0.166506545422849 -0.375550301064137 96.7763727174145 0.0343064861928672 0.946 1.574256314
-8.7374749498998 -8.74933595085427 0.165862212857868 -0.0118610009544682 0.16600289620151 0.27983610828598 96.4656127777026 0.0118610009544682 0.94 1.562010625
-15 -15.0043202136949 0.164912799291753 -0.00432021369486613 0.164931463538122 0.0109978164498425 97.0209714995732 0.00432021369486613 0.941 1.575531911
1.68336673346693 1.65053171833387 0.165924128635565 -0.0328350151330663 0.167002266854354 -0.606122250604768 96.429615942973 0.0328350151330663 0.946 1.580136789
-4.57915831663327 -4.60072548839073 0.165019685129049 -0.0215671717574661 0.165484828026665 -0.139602190425692 96.9581294952032 0.0215671717574661 0.944 1.56272635
-2.4749498997996 -2.50148829460467 0.165031983303532 -0.0265383948050677 0.165736269702362 0.476650881185647 96.9509041806295 0.0265383948050677 0.941 1.55846996
-0.370741482965931 -0.400428405415533 0.164994382549613 -0.0296869224496023 0.165875695914142 -0.330326027424771 96.9729984303486 0.0296869224496023 0.946 1.576959763
-10.8416833667335 -10.8504453513023 0.164949706643059 -0.00876198456883337 0.165026479016643 0.632638826581011 96.9992631428137 0.00876198456883337 0.951 1.569133261
-12.8957915831663 -12.9028676139132 0.165647553497769 -0.00707603074690155 0.1656976237089 0.0907518261407336 96.5906206409228 0.00707603074690155 0.946 1.573787959
7.99599198396794 7.95951415861247 0.166086470583778 -0.0364778253554698 0.167417102326442 0.030354766491969 96.3353603924602 0.0364778253554698 0.938 1.566624266
5.94188376753507 5.9074548467132 0.165078101463116 -0.0344289208218704 0.166263452052075 0.41694484172764 96.9238188359886 0.0344289208218704 0.944 1.567747215
3.8376753507014 3.8032893100838 0.165368520951937 -0.0343860406176031 0.166550920741293 -0.392790298603429 96.7536016401224 0.0343860406176031 0.946 1.57470065
-6.58316633266533 -6.5978081205197 0.164574945337089 -0.0146417878543694 0.164789327288661 -0.784648817426253 97.2201447020274 0.0146417878543694 0.94 1.565120646
-8.687374749499 -8.6992158314355 0.16587511924888 -0.0118410819365025 0.166015330470306 0.289833026821151 96.4581069930901 0.0118410819365025 0.942 1.562285219
-14.9498997995992 -14.9544365326214 0.164959525555723 -0.00453673302216906 0.164980107502237 0.00259021716727537 96.9934894399005 0.00453673302216906 0.944 1.575472665
1.73346693386774 1.7006459215014 0.165963130074245 -0.0328210123663351 0.167040348926996 -0.538232421972895 96.406954923315 0.0328210123663351 0.945 1.579372034
-4.52905811623246 -4.5507757894885 0.165032189709898 -0.0217176732560356 0.165503847041554 -0.162217553397825 96.9507829237774 0.0217176732560356 0.944 1.562864411
-2.4248496993988 -2.45148431420177 0.165057278108139 -0.0266346148029699 0.165766680813841 0.665199018765616 96.9360465857038 0.0266346148029699 0.941 1.558509143
-0.320641282565131 -0.3504732339591 0.164957008816462 -0.0298319513939694 0.165846954140434 -0.345515496666338 96.9949692637933 0.0298319513939694 0.946 1.577231918
-10.7915831663327 -10.8004913732795 0.164956656213717 -0.00890820694686845 0.165036012364725 0.648561447132645 96.9951765951809 0.00890820694686845 0.95 1.568678818
-12.8456913827655 -12.8527535903283 0.165742089432776 -0.00706220756280374 0.165791964208437 0.177647583646068 96.5355273048459 0.00706220756280374 0.947 1.573553446
8.04609218436874 8.00964809658163 0.166105035106766 -0.0364440877871051 0.1674332066414 0.0307910075216355 96.3245935905303 0.0364440877871051 0.935 1.566693055
5.99198396793587 5.95743624604357 0.165126364435805 -0.0345477218923067 0.166319909523753 0.438571978205493 96.8954900367845 0.0345477218923067 0.944 1.567550542
3.88777555110221 3.8533452601038 0.1655029705046 -0.0344302909984053 0.166688415442835 -0.468491552987216 96.6750019725799 0.0344302909984053 0.946 1.575084292
-6.53306613226453 -6.54792556890633 0.164563663855849 -0.0148594366418049 0.164784466713161 -0.788713427394627 97.2268095222728 0.0148594366418049 0.94 1.565178519
-8.6372745490982 -8.649118860733 0.16588637948272 -0.0118443116348033 0.166026667200822 0.268326363684346 96.4515594944715 0.0118443116348033 0.942 1.562367716
-14.8997995991984 -14.9044695722129 0.164956818534898 -0.00466997301450256 0.164978627182854 0.0133493662615947 96.9950811497679 0.00466997301450256 0.944 1.575104739
1.78356713426854 1.75071020011187 0.166032008231356 -0.0328569341566707 0.167111586353532 -0.291116530417712 96.366960626682 0.0328569341566707 0.944 1.578577545
-4.47895791583166 -4.5007822691391 0.165051417260763 -0.021824353307438 0.165527719658051 -0.164729693590565 96.9394887092777 0.021824353307438 0.944 1.562916365
-2.374749498998 -2.40156603032167 0.165122458216119 -0.0268165313236706 0.165841584568353 0.771240250206151 96.897782245093 0.0268165313236706 0.943 1.558325969
-0.270541082164328 -0.3005126714982 0.16493418163753 -0.0299715893338716 0.165832477804728 -0.414902285302426 97.008393537021 0.0299715893338716 0.946 1.577452823
-10.7414829659319 -10.7505252337107 0.16500755344633 -0.00904226777887018 0.165089316052915 0.664923510777859 96.965258049257 0.00904226777887018 0.95 1.568404164
-12.7955911823647 -12.8027361816003 0.165843180787041 -0.00714499923553724 0.165894231801117 0.215201524622866 96.4766831175623 0.00714499923553724 0.946 1.573214495
8.09619238476954 8.0597662247648 0.166160655338016 -0.0364261600047406 0.167487520470707 0.0372480831900446 96.2923501201388 0.0364261600047406 0.936 1.566748805
6.04208416833668 6.00743028713637 0.16517117075992 -0.0346538812003088 0.166372062242165 0.427039533149121 96.8692049973804 0.0346538812003088 0.946 1.567309715
3.93787575150301 3.90335378035413 0.165592224972361 -0.034521971148874 0.166783991464365 -0.521827359637161 96.6228939956 0.034521971148874 0.946 1.575528387
-6.48296593186373 -6.4980603816707 0.164568157548618 -0.0150944498069725 0.164795999963593 -0.806579399392487 97.2241546501677 0.0150944498069725 0.941 1.565287414
-8.5871743486974 -8.59901589711907 0.165908718606806 -0.0118415484216712 0.166048940875829 0.24951302275662 96.4385725738686 0.0118415484216712 0.942 1.562687479
-14.8496993987976 -14.8545307357389 0.164983523836866 -0.00483133694133819 0.165006865653507 0.00684716041484679 96.9793808975776 0.00483133694133819 0.948 1.574977266
1.83366733466934 1.80079663056473 0.166067565143793 -0.0328707041046061 0.167148048332126 -0.151593519164162 96.3463273887713 0.0328707041046061 0.944 1.577834971
-4.42885771543086 -4.4508772436085 0.165071471729519 -0.0220195281776379 0.165556331350685 -0.166749394912341 96.9277115685811 0.0220195281776379 0.944 1.562908045
-2.32464929859719 -2.35160850377737 0.165169325654364 -0.0269592051801726 0.16589612439831 0.814198889087181 96.8702871226944 0.0269592051801726 0.944 1.558320846
-0.220440881763526 -0.250619671088633 0.164871618773875 -0.0301787893251071 0.165782378099004 -0.487796817058012 97.0452047416624 0.0301787893251071 0.946 1.577941681
-10.6913827655311 -10.700520908481 0.165072571484558 -0.0091381429499382 0.165156077141132 0.666617349246001 96.9270658117586 0.0091381429499382 0.947 1.568073569
-12.7454909819639 -12.7526139920941 0.165894288103061 -0.00712301013017225 0.165945025376375 0.224977435580542 96.4469613930293 0.00712301013017225 0.945 1.573032229
8.14629258517034 8.10989581925323 0.166185823689798 -0.0363967659171056 0.167510548259022 0.0643920371865891 96.2777669283367 0.0363967659171056 0.936 1.566840535
6.09218436873747 6.0573796228403 0.165225094837167 -0.0348047458971736 0.166436465174134 0.416936431371084 96.8375900511262 0.0348047458971736 0.943 1.567314321
3.98797595190381 3.95343691946267 0.165662116444278 -0.0345390324411428 0.166855061206248 -0.578567179257228 96.5821295986023 0.0345390324411428 0.944 1.575931958
-6.43286573146293 -6.44818772713683 0.164593327930951 -0.0153219956739079 0.164828091482382 -0.813091447088787 97.2092866772352 0.0153219956739079 0.94 1.565376036
-8.53707414829659 -8.54890952044263 0.165909119342022 -0.0118353721460398 0.166049195375857 0.229737967961241 96.4383396371115 0.0118353721460398 0.942 1.56301394
-14.7995991983968 -14.8045606188713 0.165005944787791 -0.00496142047450654 0.165030560480916 0.0245766260836611 96.9662033727153 0.00496142047450654 0.944 1.574567936
1.88376753507014 1.85093127457867 0.166134568629587 -0.0328362604914751 0.167212788632651 -0.0796358090676463 96.3074700947614 0.0328362604914751 0.944 1.577264862
-4.37875751503006 -4.40091384207467 0.165113459125186 -0.0221563270446072 0.165604361953294 -0.173542535406135 96.9030634133168 0.0221563270446072 0.945 1.562958839
-2.27454909819639 -2.301621159734 0.165258804705317 -0.0270720615376083 0.165991701221213 0.865747091732527 96.8178368984974 0.0270720615376083 0.943 1.558202471
-0.170340681362726 -0.2006677855998 0.164873543335243 -0.0303271042370743 0.165793276586649 -0.495211634525461 97.0440719374039 0.0303271042370743 0.946 1.578200531
-10.6412825651303 -10.6505511718732 0.165103241050459 -0.00926860674293906 0.165189148121415 0.65916466429502 96.90906064715 0.00926860674293906 0.944 1.567943025
-12.6953907815631 -12.7025702559833 0.166002827384322 -0.00717947442020694 0.166054372237272 0.243117054423758 96.3839005160891 0.00717947442020694 0.945 1.572964118
8.19639278557114 8.1600315686127 0.166302358741706 -0.0363612169584417 0.167624496840405 0.0498273989997244 96.2103010508139 0.0363612169584417 0.933 1.567037776
6.14228456913828 6.10736869826883 0.165290398507549 -0.034915870869443 0.166509516546121 0.434888941146505 96.799331022662 0.034915870869443 0.942 1.567126233
4.03807615230461 4.00348089723767 0.165784837253879 -0.0345952550669413 0.166981668927025 -0.625770982175039 96.5106355021963 0.0345952550669413 0.944 1.576145206
-6.38276553106212 -6.3982968585527 0.164611800089952 -0.0155313274905771 0.164853022223571 -0.815999780454185 97.1983781919451 0.0155313274905771 0.939 1.565578344
-8.48697394789579 -8.4987827917214 0.165891444502232 -0.0118088438256088 0.166030893294729 0.218949287502457 96.4486146227073 0.0118088438256088 0.942 1.563230746
-14.749498997996 -14.7545912351417 0.165018235174147 -0.00509223714567497 0.165044166053295 0.0206713728867713 96.9589814308392 0.00509223714567497 0.944 1.574455249
1.93386773547094 1.90104396521633 0.1661933881387 -0.0328237702546106 0.167270788032427 0.0267664161105685 96.2733847549153 0.0328237702546106 0.945 1.576236737
-4.32865731462926 -4.35096630613363 0.165128571835746 -0.0223089915043762 0.165626262937688 -0.174798497357165 96.8941947606455 0.0223089915043762 0.944 1.562929681
-2.22444889779559 -2.2516491484635 0.165316340875822 -0.0272002506679088 0.166056194512219 0.899394194790393 96.7841407282203 0.0272002506679088 0.945 1.558237944
-0.120240480961924 -0.150759130671233 0.164852371879947 -0.0305186497093098 0.165783759860026 -0.562819109100265 97.0565349927264 0.0305186497093098 0.946 1.578505626
-10.5911823647295 -10.6005915809392 0.165161389343045 -0.0094092162097752 0.165249922692728 0.663854908243433 96.8749419197939 0.0094092162097752 0.944 1.567543246
-12.6452905811623 -12.652424887364 0.166144330147042 -0.00713430620164246 0.16619522847202 0.183248455026763 96.3018117190014 0.00713430620164246 0.944 1.572999454
8.24649298597194 8.2101810465204 0.166357511218508 -0.0363119394515437 0.16767606816524 0.00690273742148806 96.1784044664161 0.0363119394515437 0.937 1.567217414
6.19238476953908 6.15738400777117 0.165328611813681 -0.035000761767912 0.166553665138016 0.405477907113638 96.776957263945 0.035000761767912 0.944 1.567009016
4.08817635270541 4.05360199255597 0.165854856153965 -0.0345743601494437 0.167050242533709 -0.681804032138894 96.4698916331215 0.0345743601494437 0.947 1.576506645
-6.33266533066132 -6.34841192740207 0.164643282125713 -0.015746596740744 0.164891237434629 -0.81817651764034 97.1797925395049 0.015746596740744 0.941 1.5656269
-8.43687374749499 -8.44871663292923 0.165901778216997 -0.0118428854342447 0.166042032152406 0.206803712907888 96.44260701698 0.0118428854342447 0.941 1.563359564
-14.6993987975952 -14.7046368737483 0.165051928163646 -0.00523807615307703 0.165079365605431 0.0144006870092639 96.9391886421122 0.00523807615307703 0.944 1.574312514
1.98396793587174 1.95117474836773 0.166223577382847 -0.0327931875040093 0.16729897052952 0.0428704970061533 96.2558997460916 0.0327931875040093 0.944 1.575618307
-4.27855711422846 -4.30099237258953 0.165180212358627 -0.0224352583610763 0.165683553176355 -0.158492415770073 96.8639025918066 0.0224352583610763 0.944 1.562647417
-2.17434869739479 -2.20162721849143 0.165446525552614 -0.027278521096644 0.166190643265834 0.918412499274035 96.7079843264026 0.027278521096644 0.945 1.558158599
-0.0701402805611213 -0.100845782687333 0.164815119912114 -0.030705502126212 0.165757947772937 -0.662484793422613 97.0784719783711 0.030705502126212 0.946 1.578880244
-10.5410821643287 -10.5505953372539 0.165232581758601 -0.00951317292527598 0.165323082217707 0.671632360167473 96.8332022032765 0.00951317292527598 0.944 1.567311934
-12.5951903807615 -12.6022842377184 0.166278502989828 -0.00709385695691012 0.166328825796353 -0.021745338675816 96.2241042125498 0.00709385695691012 0.943 1.57302153
8.29659318637275 8.26031944963993 0.16644346208575 -0.036273736732813 0.167759246062311 -0.0105896426520369 96.1287382484087 0.036273736732813 0.939 1.567196623
6.24248496993988 6.2073817438025 0.165400579898959 -0.0351032261373803 0.166632816384211 0.401241100710648 96.7348482682116 0.0351032261373803 0.945 1.567001015
4.13827655310621 4.10362991063887 0.165968633011986 -0.0346466424673464 0.167169022846246 -0.705111828027821 96.4037584068339 0.0346466424673464 0.946 1.576628066
-6.28256513026052 -6.29850535144463 0.164678479870922 -0.0159402211841124 0.16493257052232 -0.831268648904188 97.1590217042392 0.0159402211841124 0.941 1.565735004
-8.38677354709419 -8.3986382221363 0.165919033369007 -0.0118646750421121 0.166059803882862 0.145872369155708 96.4325772343172 0.0118646750421121 0.941 1.563662008
-14.6492985971944 -14.6546783004748 0.16511146859726 -0.00537970328044501 0.165140409804645 0.0127830857995836 96.9042316438189 0.00537970328044501 0.944 1.574336066
2.03406813627254 2.00132639378223 0.166257485610879 -0.0327417424903116 0.167329507312181 0.114682984921355 96.2362683473244 0.0327417424903116 0.944 1.575050397
-4.22845691382765 -4.25102638940493 0.165209628949499 -0.0225694755772787 0.165719010177332 -0.158050319542918 96.8466553780037 0.0225694755772787 0.944 1.562579829
-2.12424849699399 -2.1516309056631 0.165520659866561 -0.027382408669113 0.166270456171084 0.965234271140425 96.6646702163876 0.027382408669113 0.945 1.558201718
-0.0200400801603209 -0.0509446159650667 0.164825356960132 -0.0309045358047458 0.165780447293439 -0.733494125151463 97.0724425846085 0.0309045358047458 0.946 1.57938296
-10.4909819639279 -10.5005719329439 0.165267853474468 -0.00958996901601239 0.165359820980196 0.673474988824141 96.8125359144439 0.00958996901601239 0.944 1.567161165
-12.5450901803607 -12.5521615674609 0.166415820085286 -0.00707138710017752 0.166465824600807 -0.071805240427536 96.1447054240406 0.00707138710017752 0.941 1.573185484
8.34669338677355 8.31048717449747 0.166544085954607 -0.0362062122760811 0.167854975761987 -0.00949471142303593 96.0706584583314 0.0362062122760811 0.939 1.567050846
6.29258517034068 6.25739002070583 0.165452984328913 -0.0351951496348493 0.166691682886733 0.360209120360977 96.7042091437449 0.0351951496348493 0.947 1.567017562
4.18837675350701 4.15369632273143 0.166038279870472 -0.0346804307755813 0.167241012149252 -0.692249382107513 96.3633206299281 0.0346804307755813 0.946 1.576834192
-6.23246492985972 -6.24859887445703 0.164715949604415 -0.016133944597315 0.164976253772684 -0.832927400829442 97.1369198819297 0.016133944597315 0.941 1.565789896
-8.33667334669339 -8.3485675736561 0.165900071564786 -0.0118942269627134 0.166041544199826 0.0965345225281022 96.4435991442707 0.0118942269627134 0.939 1.563898073
-14.5991983967936 -14.6047151667649 0.165169306532214 -0.00551676997134543 0.16519974128313 0.0227003350501631 96.8702983376602 0.00551676997134543 0.944 1.574207885
2.08416833667335 2.0515294453457 0.166312939729071 -0.0326388913276472 0.167378236956169 0.16606438761706 96.2041800599792 0.0326388913276472 0.944 1.574524307
-4.17835671342685 -4.2010466099335 0.165280452581507 -0.0226898965066473 0.165795283984989 -0.12981985043119 96.8051560247858 0.0226898965066473 0.944 1.562419707
-2.07414829659319 -2.10153509292027 0.16557702650999 -0.0273867963270802 0.166327063123051 0.965224878349269 96.6317630968851 0.0273867963270802 0.947 1.558344335
0.0300601202404813 -0.00105424456776667 0.164826950640713 -0.031114364808248 0.165795054338134 -0.821914229130721 97.0715040095387 0.031114364808248 0.947 1.57960513
-10.4408817635271 -10.4506412105776 0.165298849692014 -0.00975944705054665 0.165394096498746 0.633961366148184 96.7943819924419 0.00975944705054665 0.943 1.567022837
-12.4949899799599 -12.5019847407361 0.166525454670998 -0.00699476077621419 0.166574381349314 -0.162311849797564 96.0814070834455 0.00699476077621419 0.941 1.573402175
8.39679358717435 8.36065032412643 0.166592937412312 -0.0361432630479168 0.167899272876063 -0.00891283377049135 96.0424868456491 0.0361432630479168 0.941 1.566783641
6.34268537074148 6.3074178624814 0.165509541906428 -0.0352675082600848 0.166753339045303 0.331771395037894 96.6711635818901 0.0352675082600848 0.946 1.567136009
4.23847695390782 4.20377424850013 0.166172881797792 -0.0347027054076836 0.167377159560405 -0.716211079371687 96.2852652424336 0.0347027054076836 0.947 1.576635598
-6.18236472945892 -6.19867915509903 0.164754550727394 -0.0163144256401155 0.16502071121136 -0.845451698290356 97.1141612135129 0.0163144256401155 0.942 1.565791474
-8.28657314629259 -8.29847739586597 0.165900551122509 -0.0119042495733801 0.166042262280414 0.0155884846606447 96.4433203611531 0.0119042495733801 0.942 1.564141816
-14.5490981963928 -14.5547343983194 0.165252412210463 -0.00563620192664871 0.165284178982621 0.0209870484808916 96.8215821238522 0.00563620192664871 0.944 1.574012674
2.13426853707415 2.1016814239848 0.166388692586458 -0.0325871130893494 0.167450612525956 0.189271134495161 96.160380560032 0.0325871130893494 0.944 1.574047784
-4.12825651302605 -4.1510369865217 0.165345546428655 -0.022780473495648 0.165864496401341 -0.127742534853337 96.7670454124012 0.022780473495648 0.943 1.562251362
0.0801603206412835 0.0489058713403333 0.164806248051522 -0.0312544493009502 0.165783088652628 -0.899995854551339 97.0836979129459 0.0312544493009502 0.948 1.579763796
-2.02404809619238 -2.0514979990182 0.165650328759262 -0.0274499028258157 0.166403825924408 0.999210151117791 96.5890023873885 0.0274499028258157 0.946 1.558484061
-10.3907815631263 -10.4006733502543 0.165361225584484 -0.0098917871280122 0.16545907303707 0.629282444979817 96.7578701926437 0.0098917871280122 0.942 1.566660002
-12.4448897795591 -12.4517758080788 0.166596050554566 -0.00688602851971609 0.16664346794334 -0.218551332086181 96.0406921216866 0.00688602851971609 0.944 1.573720028
8.44689378757515 8.41089653826057 0.166700343772459 -0.0359972493145833 0.167996145730675 -0.0533230549688124 95.9806059058853 0.0359972493145833 0.939 1.566677417
6.39278557114228 6.35747456735823 0.165546464857228 -0.0353110037840505 0.166793331845465 0.26898753810114 96.6496023566486 0.0353110037840505 0.947 1.567224006
4.28857715430862 4.2539222636662 0.166239615657137 -0.0346548906424191 0.167440577102575 -0.755734539721753 96.2466132801906 0.0346548906424191 0.944 1.57654012
-6.13226452905812 -6.14875886835893 0.164800843114455 -0.0164943393008175 0.165072906343426 -0.82560333463968 97.0868819456701 0.0164943393008175 0.941 1.565727378
-8.23647294589178 -8.2484260818625 0.165835033246426 -0.0119531359707157 0.165977910705961 -0.00696219889171901 96.4814230550697 0.0119531359707157 0.944 1.564235669
-14.498997995992 -14.5047189484719 0.165295166592347 -0.00572095247991733 0.165327895889625 -0.0110753693039034 96.7965387606244 0.00572095247991733 0.944 1.574160056
2.18436873747495 2.15182359041887 0.166400776776201 -0.0325451470560849 0.167459963373103 0.20450232700584 96.1533972976523 0.0325451470560849 0.945 1.573398974
-4.07815631262525 -4.10102060721907 0.165396568175807 -0.0228642945938162 0.16591934414308 -0.12938244041889 96.7371945891459 0.0228642945938162 0.944 1.562101684
0.130260521042084 0.0987912091994667 0.164837958920111 -0.0314693118426173 0.165828276507959 -0.941855561701854 97.0650213386496 0.0314693118426173 0.949 1.579825378
-1.97394789579158 -2.00144708120477 0.165735180703459 -0.0274991854131845 0.166491385901848 0.965203508987567 96.5395514222651 0.0274991854131845 0.944 1.558710884
-10.3406813627255 -10.3506659431652 0.165420442756223 -0.00998458043971517 0.16552013460278 0.620562437527827 96.7232328327092 0.00998458043971517 0.944 1.566047008
-12.3947895791583 -12.4015575395279 0.166661270421207 -0.00676796036961669 0.166707075708772 -0.246631229097338 96.003108338025 0.00676796036961669 0.941 1.573858143
8.49699398797595 8.46107382223687 0.166700031337021 -0.0359201657390855 0.167990289643744 -0.0551191500064552 95.9807857963293 0.0359201657390855 0.941 1.566297377
6.44288577154309 6.4075317302505 0.165614470338747 -0.0353540412925861 0.166864378574465 0.211913156236399 96.6099155905499 0.0353540412925861 0.947 1.567339444
4.33867735470942 4.30407244163633 0.166342150764425 -0.0346049130730846 0.167539650773221 -0.767195960279365 96.1872858230583 0.0346049130730846 0.947 1.576508164
-6.08216432865731 -6.09884495722127 0.164835450659599 -0.0166806285639529 0.165113694028888 -0.822230906855215 97.0664983532062 0.0166806285639529 0.945 1.565783008
-8.18637274549098 -8.19833303318737 0.165826715375145 -0.011960287696386 0.165969763856925 -0.0472646824852319 96.486262565134 0.011960287696386 0.947 1.564403887
-14.4488977955912 -14.4547337432162 0.16537676615565 -0.00583594762501782 0.165410824440332 -0.012777772676531 96.7487777874499 0.00583594762501782 0.947 1.574161171
2.23446893787575 2.20198115566687 0.166409804845177 -0.0324877822088872 0.167465260838029 0.221462310714671 96.1481807810902 0.0324877822088872 0.944 1.573096852
-4.02805611222445 -4.05102826066663 0.165448637867794 -0.0229721484421859 0.165976357471844 -0.106258446162927 96.7067496366165 0.0229721484421859 0.948 1.56185245
0.180360721442886 0.1487144943768 0.164891730368558 -0.0316462270660862 0.165893214056076 -0.959776184674221 97.0333682849808 0.0316462270660862 0.947 1.579902822
-1.92384769539078 -1.9514134110939 0.165789411713317 -0.0275657157031184 0.166549280395543 0.998591194403942 96.507972581911 0.0275657157031184 0.947 1.559079675
-10.2905811623246 -10.3006077639128 0.165462007811371 -0.0100266015881179 0.165562540550778 0.61380307184008 96.6989353727665 0.0100266015881179 0.944 1.565891413
-12.3446893787575 -12.3513450377246 0.166703357123068 -0.00665565896705189 0.166747654919354 -0.226622099470364 95.9788709485202 0.00665565896705189 0.942 1.573985743
8.54709418837675 8.51132700013123 0.166798789078911 -0.0357671882455204 0.168078080833901 -0.0986621871298998 95.9239577718431 0.0357671882455204 0.94 1.566115169
6.49298597194389 6.45757354220907 0.165606717608223 -0.0354124297348211 0.166860757787947 0.164242512026391 96.6144382974324 0.0354124297348211 0.947 1.567296002
4.38877755511022 4.35421815200277 0.166414708984694 -0.0345594031074539 0.167609061327838 -0.730972407710906 96.1453473531093 0.0345594031074539 0.946 1.576329471
-6.03206412825651 -6.048913925569 0.164882861344042 -0.0168497973124868 0.165166777013514 -0.822234771667929 97.0385876953861 0.0168497973124868 0.943 1.56581503
-8.13627254509018 -8.14829410003353 0.165775288058069 -0.0120215549433542 0.165919805841325 -0.105077368743717 96.5161948287213 0.0120215549433542 0.947 1.564501961
-14.3987975951904 -14.4047740183601 0.165446537162828 -0.00597642316968638 0.165482254796732 -0.0552111262925925 96.7079775399179 0.00597642316968638 0.947 1.574367603
2.28456913827655 2.2521629506952 0.166426892335452 -0.0324061875813522 0.16747705332901 0.270196633715014 96.1383089924566 0.0324061875813522 0.945 1.572375413
-3.97795591182365 -4.00102348058533 0.165504619973303 -0.0230675687616859 0.166036732701878 -0.110158845408398 96.6740384805025 0.0230675687616859 0.948 1.561730019
0.230460921843688 0.1986344768448 0.164933520067252 -0.0318264449988884 0.16594644266852 -1.02621831439834 97.0087826505851 0.0318264449988884 0.948 1.580006938
-1.87374749498998 -1.9013328002936 0.165849181673125 -0.0275853053036206 0.166610130741819 1.00502114478519 96.4731923220138 0.0275853053036206 0.945 1.559504406
-10.2404809619238 -10.2505915566151 0.165454666348127 -0.0101105946912536 0.165556890473138 0.592598069136885 96.7032260446194 0.0101105946912536 0.944 1.565711656
-12.2945891783567 -12.3011553332144 0.16676444745887 -0.00656615485768697 0.166807561848485 -0.240794326043553 95.9437112874203 0.00656615485768697 0.943 1.574281519
8.59719438877756 8.56153374777293 0.166832263080818 -0.0356606410046219 0.168103944397679 -0.10909647005175 95.9047111424075 0.0356606410046219 0.943 1.56582922
6.54308617234469 6.5076103892556 0.165643489563199 -0.0354757830890904 0.166902020748983 0.127428661213258 96.5929904169005 0.0354757830890904 0.946 1.567518385
4.43887775551102 4.4044327435337 0.166484938221437 -0.0344450119773221 0.167671397071555 -0.700199998917689 96.104789844225 0.0344450119773221 0.946 1.576133552
-5.98196392785571 -5.99899090649547 0.164902016510698 -0.0170269786397554 0.165191934512297 -0.822208409798336 97.0273156057008 0.0170269786397554 0.945 1.565737189
-8.08617234468938 -8.0982298403216 0.165769392698139 -0.0120574956322219 0.16591477589906 -0.132403871103443 96.5196272941382 0.0120574956322219 0.947 1.564682835
-14.3486973947896 -14.3547289136587 0.165524934369749 -0.00603151886915576 0.165561313589618 -0.0545470679043925 96.6621739553707 0.00603151886915576 0.945 1.574323488
2.33466933867735 2.30229685165977 0.166410836142599 -0.0323724870175877 0.167458814058302 0.298444722416114 96.1475849222312 0.0323724870175877 0.945 1.571857318
-3.92785571142285 -3.95098490779293 0.165525749960547 -0.0231291963700881 0.166060709685273 -0.0914678064896368 96.6616976743113 0.0231291963700881 0.945 1.561421257
0.280561122244489 0.248596859280433 0.165002393132586 -0.0319642629640555 0.166024107239421 -1.03987058386247 96.9682905577218 0.0319642629640555 0.946 1.58013572
-1.82364729458918 -1.8512300405467 0.165921301423829 -0.0275827459575226 0.166682109298386 0.958350311033251 96.4312590529267 0.0275827459575226 0.945 1.560095998
-10.190380761523 -10.2005996120703 0.165512049966967 -0.0102188505472878 0.165616474873475 0.588692295375737 96.6696986907796 0.0102188505472878 0.944 1.565541598
-12.2444889779559 -12.2509284154125 0.166772608623343 -0.00643943745658682 0.166814074978101 -0.266077726085623 95.9390161974145 0.00643943745658682 0.944 1.574592153
8.64729458917836 8.6118049786873 0.166882684850534 -0.0354896104910587 0.168142197303341 -0.118454371232701 95.8757345876245 0.0354896104910587 0.938 1.565584707
6.59318637274549 6.55767937208353 0.165616491151558 -0.0355070006619593 0.166877238247566 0.108582263015367 96.6087367794683 0.0355070006619593 0.947 1.567598198
4.48897795591182 4.45467477864123 0.16657438476977 -0.0343031772705915 0.167751092740627 -0.66388205200219 96.0531838200354 0.0343031772705915 0.946 1.575866289
-5.93186372745491 -5.94905857943643 0.164931838317878 -0.0171948519815226 0.165227501252545 -0.818172427136854 97.0097718135094 0.0171948519815226 0.942 1.565626922
-8.03607214428858 -8.04819861738463 0.165744396283864 -0.0121264730960569 0.165891447633614 -0.147163154577667 96.53418371139 0.0121264730960569 0.945 1.564691531
2.38476953907816 2.35243890958203 0.166385643251228 -0.0323306294961232 0.167430912854843 0.311114022354531 96.1621428829733 0.0323306294961232 0.944 1.571321996
-14.2985971943888 -14.3047101120426 0.165628087486558 -0.0061129176537893 0.1656654552488 -0.142881287950103 96.6019727861588 0.0061129176537893 0.948 1.574894015
-3.87775551102204 -3.9009493934212 0.165575807545557 -0.0231938823991569 0.166113763726303 -0.110370669572618 96.6324744972042 0.0231938823991569 0.944 1.561410397
0.330661322645291 0.298537314136233 0.165067520366291 -0.0321240085090577 0.166099472288981 -1.08820382255191 96.9300318105915 0.0321240085090577 0.945 1.580132572
-1.77354709418838 -1.8011260974743 0.165976621468346 -0.0275790032859231 0.166737222890591 0.921312774097582 96.3991184930309 0.0275790032859231 0.946 1.560589319
-10.1402805611222 -10.1505811617329 0.165513632369311 -0.0103006006106554 0.165619734742251 0.575196008712431 96.668774474716 0.0103006006106554 0.944 1.565165916
-12.1943887775551 -12.2007104797091 0.166712515391156 -0.00632170215395611 0.16675247930928 -0.25134307446204 95.9735983975727 0.00632170215395611 0.944 1.574935029
8.69739478957916 8.66202297832647 0.166907156469409 -0.0353718112526931 0.168158321500705 -0.128800727016121 95.8616774645761 0.0353718112526931 0.94 1.565173949
6.64328657314629 6.60768986788087 0.165574627307772 -0.0355967052654282 0.166841752733526 0.0966021444226861 96.6331633062294 0.0355967052654282 0.946 1.567636037
4.53907815631263 4.50488491118603 0.166571702995689 -0.0341932451265938 0.167740881007976 -0.669061353317391 96.0547302588008 0.0341932451265938 0.947 1.57576635
-5.88176352705411 -5.89912370397307 0.164949185402279 -0.0173601769189586 0.165250561144937 -0.811465505970987 96.9995696612815 0.0173601769189586 0.942 1.565462703
-7.98597194388778 -7.99814351193397 0.165744720643472 -0.0121715680461918 0.165892867712175 -0.17781566537059 96.5339947956293 0.0121715680461918 0.944 1.564804173
-14.248496993988 -14.2546711287456 0.16568926544296 -0.00617413475765716 0.165727385382965 -0.208904331090859 96.5663041430296 0.00617413475765716 0.947 1.575365968
2.43486973947896 2.4025629590491 0.166317367617679 -0.0323067804298587 0.167361095679423 0.353102825204177 96.2016188037551 0.0323067804298587 0.946 1.570850292
-3.82765531062124 -3.85089435913503 0.165589502393379 -0.023239048513791 0.166129555769205 -0.0947860562597269 96.6244826437728 0.023239048513791 0.944 1.561210537
0.380761523046093 0.348510724191467 0.165170107821835 -0.0322507988546266 0.166210221848596 -1.07805345926112 96.8698283908541 0.0322507988546266 0.946 1.580419217
-1.72344689378757 -1.7510228252005 0.166029826643236 -0.0275759314129254 0.166790258636526 0.878169487695935 96.3682268631208 0.0275759314129254 0.947 1.561220549
-10.0901803607214 -10.1005559545688 0.165527917094049 -0.0103755938473231 0.165635570041734 0.520136636709767 96.6604321548321 0.0103755938473231 0.944 1.565101728
-12.1442885771543 -12.1504981081841 0.166651014348411 -0.00620953102979271 0.166689572624021 -0.209298392274015 96.0090165820976 0.00620953102979271 0.944 1.575080877
8.74749498997996 8.7122742971727 0.166936976858325 -0.0352206928072594 0.168177474060148 -0.164776135351069 95.8445534423376 0.0352206928072594 0.939 1.564997357
6.69338677354709 6.65769071277193 0.165561843997033 -0.0356960607751597 0.166836052751897 0.0792112459684802 96.6406245166412 0.0356960607751597 0.946 1.567491508
4.58917835671343 4.55508149524963 0.166652201808191 -0.0340968614637953 0.167814797769872 -0.646319244343196 96.0083324816512 0.0340968614637953 0.947 1.575600829
-5.83166332665331 -5.84915892325893 0.164968140372078 -0.0174955966056274 0.165274236272665 -0.791077997753237 96.9884243340124 0.0174955966056274 0.941 1.565334291
-7.93587174348697 -7.9480836595319 0.165739761967312 -0.0122119160449259 0.1658888928608 -0.230640561175582 96.5368829427644 0.0122119160449259 0.944 1.564958468
-14.1983967935872 -14.2045850259136 0.165785961660235 -0.0061882323264264 0.165824255879561 -0.262169497528664 96.5099809403087 0.0061882323264264 0.944 1.575818411
-3.77755511022044 -3.80085536516183 0.165608978241044 -0.0233002549413932 0.166151880121378 -0.107413184632738 96.6131194693562 0.0233002549413932 0.944 1.561223066
2.48496993987976 2.45275417346263 0.166289122430149 -0.0322157664171279 0.167326978035992 0.365047573937061 96.2179592157083 0.0322157664171279 0.945 1.570396059
0.430861723446894 0.398483197637 0.165282080698641 -0.0323785258098936 0.166330449632263 -1.13260162243553 96.8042024420834 0.0323785258098936 0.946 1.580561327
-1.67334669338677 -1.70092290441477 0.166037596494775 -0.0275762110279942 0.166798043909436 0.841250426004536 96.3637172410133 0.0275762110279942 0.945 1.561970551
-10.0400801603206 -10.0505401350033 0.165530579085089 -0.0104599746826253 0.16563999015545 0.480353119240917 96.6588777036501 0.0104599746826253 0.941 1.564729007
-12.0941883767535 -12.1002630579128 0.166612953095506 -0.00607468115932619 0.166649854846694 -0.200376900106441 96.0309489912734 0.00607468115932619 0.944 1.575325861
8.79759519038076 8.76251867415367 0.16697383330332 -0.035076516227095 0.16820419529395 -0.182099197820335 95.8233974956713 0.035076516227095 0.944 1.564785964
6.7434869739479 6.70768918480497 0.165551159654667 -0.0357977891429293 0.166832641362189 0.0636757678197708 96.6468615102144 0.0357977891429293 0.946 1.56749963
4.63927855711423 4.60527911150767 0.166646815574703 -0.0339994456065611 0.167802777876256 -0.634062035992411 96.011435591025 0.0339994456065611 0.947 1.575477347
-5.78156312625251 -5.79922187239083 0.164957061680964 -0.017658746138328 0.165268892996142 -0.785979354357452 96.9949381793966 0.017658746138328 0.944 1.565076272
-7.88577154308617 -7.8980220753196 0.165758764974006 -0.0122505322334279 0.165908840514008 -0.260429179146804 96.5258157088051 0.0122505322334279 0.941 1.565014558
-14.1482965931864 -14.1545039026909 0.165805690523309 -0.0062073095045605 0.165844221214595 -0.308836715437849 96.498497424916 0.0062073095045605 0.944 1.576060576
2.53507014028056 2.50287894789373 0.166224223669739 -0.0321911923868301 0.167260496537025 0.363841628953188 96.2555254990358 0.0321911923868301 0.945 1.570015556
-3.72745490981964 -3.75077362643763 0.165651449475307 -0.0233187166179953 0.166195212020017 -0.10395041586948 96.5883489138144 0.0233187166179953 0.943 1.56108969
0.480961923847696 0.4484958049168 0.165372513300183 -0.0324661189308958 0.166426562178618 -1.12935747607347 96.7512658585345 0.0324661189308958 0.946 1.580704097
-1.62324649298597 -1.65078843512677 0.166061355659186 -0.0275419421407948 0.166819914236073 0.779019385418822 96.349930039337 0.0275419421407948 0.943 1.562667016
-9.98997995991984 -10.0004925591507 0.165534043078982 -0.010512599230827 0.16564455782157 0.451392808310935 96.6568550033293 0.010512599230827 0.944 1.564402784
-12.0440881763527 -12.0500533376224 0.166543093612547 -0.00596516126972801 0.166578676761521 -0.155031456097482 96.0712308924866 0.00596516126972801 0.944 1.575528203
8.84769539078156 8.812750071463 0.166980373181409 -0.0349453193185632 0.168201548523685 -0.159903433663672 95.8196445196434 0.0349453193185632 0.944 1.564480069
6.7935871743487 6.75776585575797 0.165537331729375 -0.035821318590731 0.166820498594953 0.0218307445745136 96.6549347681722 0.035821318590731 0.946 1.567443192
4.68937875751503 4.6555209476495 0.166665977415162 -0.0338578098655296 0.167812328704052 -0.589103350886844 96.0003970105087 0.0338578098655296 0.947 1.575165296
-5.7314629258517 -5.74926833883107 0.164962090134578 -0.0178054129793637 0.165279122865944 -0.74870314228121 96.9919815331329 0.0178054129793637 0.944 1.564847109
-7.83567134268537 -7.8479635555891 0.165799678055182 -0.0122922129037297 0.165950776553253 -0.264450356349877 96.5019967932313 0.0122922129037297 0.939 1.56501707
-14.0981963927856 -14.1044018980264 0.165891422763398 -0.00620550524079633 0.165929931058692 -0.451823924069783 96.4486272615789 0.00620550524079633 0.945 1.576429448
2.58517034068136 2.55301039597393 0.166190011753476 -0.0321599447074288 0.167224273797061 0.369834865724161 96.2753406849397 0.0321599447074288 0.945 1.569640913
-3.67735470941884 -3.70071091654253 0.165652800673324 -0.0233562071236957 0.166198313084529 -0.107560652620448 96.5875610612397 0.0233562071236957 0.943 1.561133962
0.531062124248498 0.498511021846567 0.165546730219363 -0.0325511024019314 0.166606304486944 -1.12195578532164 96.6494474327504 0.0325511024019314 0.944 1.580696127
-1.57314629258517 -1.60068307883083 0.166058785972225 -0.0275367862456635 0.166817060568965 0.652792614517239 96.3514210122921 0.0275367862456635 0.945 1.563354049
-9.93987975951904 -9.95042611882743 0.165553461237626 -0.0105463593083961 0.165664686932288 0.431397616185913 96.6455178912539 0.0105463593083961 0.947 1.563700139
-11.9939879759519 -11.9998808840996 0.166446158947463 -0.00589290814766308 0.166480885313899 -0.158005856056548 96.1271807122342 0.00589290814766308 0.945 1.575741188
8.89779559118237 8.86300100632703 0.167014545614184 -0.0347945848553319 0.168225208749439 -0.131692175164827 95.8000390993559 0.0347945848553319 0.944 1.564045529
6.8436873747495 6.80781425575173 0.165553183820433 -0.0358731189977668 0.166840064487061 0.0169828482716738 96.6456798399863 0.0358731189977668 0.946 1.567248755
4.73947895791583 4.7056900791035 0.166659770123106 -0.0337888788123317 0.1678014584545 -0.562726249378009 96.0039725734732 0.0337888788123317 0.944 1.574859971
-5.6813627254509 -5.6993162694645 0.164962619468792 -0.0179535440135989 0.16528494921144 -0.647516982855539 96.9916703039923 0.0179535440135989 0.945 1.564599297
-7.78557114228457 -7.79789247502573 0.16582077231717 -0.0123213327411644 0.165972587557688 -0.264443969141709 96.4897206569293 0.0123213327411644 0.938 1.564992377
-14.0480961923848 -14.0542856152495 0.165973302200226 -0.00618942286469881 0.166011611155624 -0.628905124258999 96.4010463604441 0.00618942286469881 0.945 1.577064061
2.63527054108216 2.6031471721475 0.166129199022507 -0.0321233689346641 0.16716110985422 0.339026780269391 96.3105829326989 0.0321233689346641 0.945 1.56953435
-3.62725450901804 -3.65063615384263 0.165647891350632 -0.0233816448245978 0.166194592665336 -0.105820578887289 96.5904236361951 0.0233816448245978 0.944 1.561038243
0.581162324649299 0.548547975965467 0.165642677606171 -0.0326143486838318 0.166706373346242 -1.07761330361786 96.5934639021067 0.0326143486838318 0.946 1.580678749
-1.52304609218437 -1.55057164289343 0.166040059876257 -0.0275255507090657 0.166797715818095 0.550020245858795 96.3622875824312 0.0275255507090657 0.942 1.564062764
-9.88977955911824 -9.9003663069486 0.165550648084792 -0.0105867478303647 0.165662727314416 0.404208917337689 96.6471601597422 0.0105867478303647 0.946 1.563425186
-11.9438877755511 -11.9497229855994 0.166366115322985 -0.00583521004826437 0.166400164999293 -0.0547995309857718 96.1734303222588 0.00583521004826437 0.947 1.57574631
8.94789579158317 8.91322461426197 0.167016346574256 -0.0346711773212007 0.168218437111094 -0.157586293902201 95.7990060744526 0.0346711773212007 0.944 1.563866333
6.8937875751503 6.85785586386387 0.165525254835296 -0.0359317112864357 0.166816342711268 0.0403535246110143 96.6619868123482 0.0359317112864357 0.939 1.567163658
4.78957915831663 4.75590021978577 0.16667534281529 -0.0336789385308673 0.167809613715856 -0.526447911294259 95.9950027985318 0.0336789385308673 0.944 1.574722989
-5.6312625250501 -5.6493705854809 0.164965810387275 -0.0181080604307997 0.16529371223984 -0.526490126918594 96.9897942030431 0.0181080604307997 0.942 1.564333719
-7.73547094188377 -7.74780245083797 0.165864390234373 -0.0123315089541993 0.166016456347461 -0.287005441690902 96.464346430185 0.0123315089541993 0.942 1.565195
-13.997995991984 -14.004163987648 0.166026134861866 -0.00616799566406456 0.166064179032378 -0.643714254781047 96.3703697210803 0.00616799566406456 0.944 1.577232596
2.68537074148297 2.65326395103297 0.166099212021503 -0.0321067904499999 0.167130058014504 0.335008492776301 96.3279705260048 0.0321067904499999 0.947 1.569366918
-3.57715430861723 -3.60061907061613 0.165587926636782 -0.0234647619989001 0.166138521692447 -0.110256842805523 96.6254021351214 0.0234647619989001 0.944 1.560834351
0.631262525050101 0.598635571993433 0.165746330329346 -0.0326269530566674 0.166810848395108 -1.07062933300392 96.5330572822169 0.0326269530566674 0.946 1.580536846
-1.47294589178357 -1.5004929727528 0.166009719760945 -0.0275470809692329 0.16676856143087 0.48019808837354 96.3798988579712 0.0275470809692329 0.939 1.564628304
-9.83967935871743 -9.850351786371 0.165604664340262 -0.0106724276535655 0.165718565052283 0.399459814064962 96.6156361823563 0.0106724276535655 0.949 1.562884907
-11.8937875751503 -11.8996068438008 0.16621560232138 -0.00581926865049986 0.166249466209006 -0.0480048642201192 96.2605181255117 0.00581926865049986 0.947 1.575958855
8.99799599198397 8.96350008738637 0.167008911744053 -0.0344959045976037 0.16819887917806 -0.182102210480961 95.8032708130007 0.0344959045976037 0.944 1.563849665
6.9438877755511 6.90787266461383 0.16557525863557 -0.0360151109372708 0.166872346851394 -0.0100289902429662 96.6327948502011 0.0360151109372708 0.941 1.567023727
4.83967935871744 4.80606262961373 0.166617165628371 -0.0336167291037031 0.167747250104003 -0.51798114695536 96.0285210689932 0.0336167291037031 0.944 1.57457161
-5.5811623246493 -5.5994353146038 0.164962050201218 -0.0182729899545011 0.165295952363096 -0.487705924894083 96.9920050125676 0.0182729899545011 0.942 1.564042451
-7.68537074148297 -7.6977360972986 0.165893051569815 -0.0123653558156347 0.166045953594262 -0.273044641923403 96.4476802891682 0.0123653558156347 0.942 1.565242147
-13.9478957915832 -13.9540653424204 0.166080895167408 -0.00616955083719972 0.16611895852494 -0.717566054698326 96.3385944173301 0.00616955083719972 0.944 1.577708654
-3.52705410821643 -3.55058588692177 0.165552566995811 -0.0235317787053337 0.166106311604848 -0.1073919746927 96.6460399276372 0.0235317787053337 0.946 1.560696739
2.73547094188377 2.70335396682327 0.166016516172227 -0.0321169750605019 0.167048016259264 0.254653550578832 96.375953241914 0.0321169750605019 0.945 1.56920282
0.681362725450903 0.648651819584233 0.165810564291462 -0.0327109058666696 0.16688056765408 -1.07784356080345 96.4956609874098 0.0327109058666696 0.946 1.580622681
-1.42284569138276 -1.4503569304094 0.165960245676637 -0.027511239026635 0.166717113949417 0.419761436246746 96.4086304811515 0.027511239026635 0.942 1.565321241
-9.78957915831663 -9.8003230774823 0.165640151806558 -0.010743919165666 0.165755583605597 0.399621181252041 96.5949368283935 0.010743919165666 0.942 1.56245094
-11.8436873747495 -11.8495206817995 0.166076136634795 -0.00583330705000051 0.166110164105935 -0.0211234829406826 96.3413547798521 0.00583330705000051 0.944 1.576130508
9.04809619238477 9.0137571722865 0.167018773395676 -0.0343390200982689 0.168197941696985 -0.181374542740104 95.7976140927297 0.0343390200982689 0.941 1.563832307
6.9939879759519 6.95786038695307 0.165593271569744 -0.0361275889988359 0.166898474256613 0.00342596489045777 96.6222833109569 0.0361275889988359 0.943 1.566848266
4.88977955911824 4.85622906886157 0.166616973192391 -0.0335504902566717 0.167742608588854 -0.49711496403278 96.0286319781176 0.0335504902566717 0.944 1.574710962
-5.5310621242485 -5.5495126095522 0.164942293785827 -0.0184504853037035 0.165282714193769 -0.454407040393989 97.0036224958501 0.0184504853037035 0.942 1.563704428
-7.63527054108216 -7.64764180198693 0.165920704271592 -0.0123712609047688 0.166073752367966 -0.271694109168169 96.4316061111336 0.0123712609047688 0.941 1.565412833
-13.8977955911824 -13.903951693931 0.16608024762575 -0.00615610274860146 0.166118145226801 -0.744556529486934 96.3389700384774 0.00615610274860146 0.944 1.5779805
-3.47695390781563 -3.5006160431086 0.165470568992204 -0.0236621352929696 0.166030465638827 -0.109961638378642 96.6939323255353 0.0236621352929696 0.942 1.560644808
2.78557114228457 2.75343364075613 0.165931952548508 -0.0321375015284375 0.166964771552998 0.220909701590122 96.4250691579284 0.0321375015284375 0.945 1.569094045
0.731462925851703 0.698773283671333 0.165881666406469 -0.0326896421803701 0.166950279112349 -1.06023670167701 96.4542999031271 0.0326896421803701 0.947 1.580456746
-1.37274549098196 -1.4002925004012 0.165900249146503 -0.0275470094192372 0.166659086874446 0.368944060637577 96.4434959098269 0.0275470094192372 0.944 1.566063592
-9.73947895791583 -9.7502491899628 0.165668961541741 -0.0107702320469674 0.165784959440087 0.399207903043908 96.5781390255695 0.0107702320469674 0.941 1.561935809
-11.7935871743487 -11.7994211617811 0.165916515728991 -0.00583398743236963 0.165950551138352 -0.0102385401131999 96.4340405154992 0.00583398743236963 0.946 1.576265379
9.09819639278557 9.06398925258917 0.166962397348807 -0.0342071401964041 0.168132525789223 -0.207802543858948 95.8299608418646 0.0342071401964041 0.944 1.563961232
7.04408817635271 7.00790559191163 0.165655095005373 -0.0361825844410717 0.166964274422208 0.0102578970884393 96.586223318281 0.0361825844410717 0.944 1.566436905
4.93987975951904 4.90638331087817 0.166539829268201 -0.0334964486408706 0.167661841339752 -0.468442280707243 96.0731139830405 0.0334964486408706 0.944 1.574793475
-5.4809619238477 -5.49956741968267 0.164936964283671 -0.0186054958349704 0.165283128758936 -0.425348452896834 97.0067569115801 0.0186054958349704 0.941 1.563495213
-7.58517034068136 -7.59756755288503 0.165935945285752 -0.0123972122036706 0.166089636156175 -0.264107391277352 96.4227489857427 0.0123972122036706 0.941 1.565480773
-13.8476953907816 -13.8538404527359 0.166092859345348 -0.00614506195433684 0.16613062113177 -0.823761074908058 96.3316548529765 0.00614506195433684 0.944 1.578518147
-3.42685370741483 -3.45059995002183 0.165411391469128 -0.023746242607003 0.165975275507079 -0.105162204335102 96.728525513832 0.023746242607003 0.945 1.560499628
2.83567134268537 2.80352298240607 0.165892731904339 -0.0321483602793062 0.166926248972987 0.173801919792371 96.4478661381396 0.0321483602793062 0.947 1.569073896
0.781563126252506 0.748869068459167 0.165945563678879 -0.0326940577933389 0.167014465093874 -1.04484050224697 96.4171602138249 0.0326940577933389 0.948 1.580623314
-1.32264529058116 -1.3502212745368 0.165840969538609 -0.0275759839556378 0.166601404429731 0.270766320010385 96.4779694939919 0.0275759839556378 0.949 1.5668962
-9.68937875751503 -9.700201388391 0.165682047706893 -0.0108226308759694 0.165799177045971 0.399613141082689 96.5705109361364 0.0108226308759694 0.939 1.561466479
-11.7434869739479 -11.7493806715592 0.165759632356529 -0.00589369761127045 0.165794368028062 0.038930239261914 96.5253106111261 0.00589369761127045 0.945 1.576030495
9.14829659318637 9.11425293712663 0.166986207121343 -0.0340436560597404 0.168145177639257 -0.267760268873812 95.8162969015363 0.0340436560597404 0.944 1.564072023
7.09418837675351 7.05789139994763 0.165667566909378 -0.0362969768058745 0.166985037434624 0.0511280676956161 96.5789520452858 0.0362969768058745 0.943 1.566094283
4.98997995991984 4.95655671563137 0.166477925545933 -0.033423244288473 0.1675950388047 -0.465480072415242 96.1088381389366 0.033423244288473 0.944 1.574746056
-5.43086172344689 -5.44963362166593 0.16492787157808 -0.0187718982190397 0.165280255740826 -0.389120065070636 97.0121050305638 0.0187718982190397 0.941 1.563121749
-7.53507014028056 -7.5474610685588 0.16593555110699 -0.0123909282782391 0.166089086210587 -0.263830455771935 96.4229780373204 0.0123909282782391 0.941 1.565622347
-13.7975951903808 -13.8037323783254 0.166077900448851 -0.00613718794467211 0.166115565524719 -0.804827040230988 96.3403315959414 0.00613718794467211 0.944 1.578787283
-3.37675350701403 -3.40060697877117 0.165355366188922 -0.0238534717571386 0.16592435430379 -0.10002137388842 96.7612988242527 0.0238534717571386 0.944 1.560456498
2.88577154308617 2.85361724775973 0.165812297741451 -0.0321542953264382 0.166846196449391 0.136446009981195 96.4946521937028 0.0321542953264382 0.948 1.569050911
0.831663326653308 0.7989836596204 0.165999791698464 -0.0326796670329078 0.167067752335845 -1.06417363814133 96.3856631161548 0.0326796670329078 0.95 1.580813262
-1.27254509018036 -1.30014744645963 0.165757250289531 -0.0276023562792733 0.166519140361699 0.165598118592714 96.526697758635 0.0276023562792733 0.947 1.567453919
-9.63927855711423 -9.65016711496987 0.165676960536967 -0.0108885578556386 0.165795521229142 0.385573749856016 96.5734761679794 0.0108885578556386 0.941 1.56122463
-11.6933867735471 -11.699328665092 0.165594045840608 -0.00594189154490721 0.16562935191574 0.0550392063665472 96.6218315325222 0.00594189154490721 0.944 1.57593993
9.19839679358718 9.16446960941957 0.166905876606173 -0.0339271841676094 0.168056930431716 -0.33056098441358 95.8624125485602 0.0339271841676094 0.946 1.564410753
7.14428857715431 7.10797657296457 0.165754144460297 -0.0363120041897433 0.167072706108573 0.0150800825801767 96.5285064340123 0.0363120041897433 0.945 1.56584095
5.04008016032064 5.00667738979397 0.166390793617928 -0.0334027705266751 0.167506538696786 -0.444864683123197 96.1591663342847 0.0334027705266751 0.944 1.574539164
-5.38076152304609 -5.3997040940547 0.16491655688348 -0.0189425710086084 0.165275377879896 -0.171503798296363 97.0187608955759 0.0189425710086084 0.944 1.562853075
-7.48496993987976 -7.4973699749907 0.165945795645068 -0.0124000351109403 0.166099556515821 -0.261711491666949 96.4170254377609 0.0124000351109403 0.941 1.56568475
-13.74749498998 -13.7536593993903 0.166050028102401 -0.00616440941030838 0.166088028045779 -0.82820475749692 96.3565028133146 0.00616440941030838 0.944 1.578906964
-3.32665330661323 -3.3506317289522 0.165281968368543 -0.0239784223389741 0.16585693310641 -0.0896257652066967 96.8042682328386 0.0239784223389741 0.944 1.560362788
2.93587174348697 2.90368050507427 0.165713142016312 -0.0321912384127074 0.166749417846856 0.130054156657677 96.5523905063908 0.0321912384127074 0.949 1.568960307
0.881763527054108 0.849093482022533 0.166076405795524 -0.0326700450315749 0.167143737637889 -1.06239273939315 96.3411986390137 0.0326700450315749 0.947 1.580938621
-1.22244488977956 -1.25005555025967 0.165703759210172 -0.0276106604801087 0.166466107782319 0.116493904762205 96.5578576868995 0.0276106604801087 0.946 1.568192542
-9.58917835671343 -9.60015050139793 0.165668353463613 -0.0109721446845086 0.165788741422591 0.343916584070214 96.5784935112196 0.0109721446845086 0.946 1.560767238
-11.6432865731463 -11.6493372136886 0.165470205526014 -0.00605064054227356 0.165506815776986 0.0923483607784714 96.6941447201175 0.00605064054227356 0.944 1.57586806
9.24849699398798 9.21469701120143 0.16683151780225 -0.0337999827865438 0.167973956638621 -0.401398017416416 95.9051395729988 0.0337999827865438 0.944 1.564616503
7.19438877755511 7.15802133308117 0.165732495866281 -0.036367444473945 0.167055086883847 0.0294204882152704 96.5411153459569 0.036367444473945 0.947 1.565613856
5.09018036072144 5.05683769413383 0.166305174476687 -0.0333426665876102 0.167416907891859 -0.410367816393192 96.2086721014381 0.0333426665876102 0.944 1.574508019
-5.33066132264529 -5.34977784859347 0.164922318400995 -0.019116525948176 0.165287759965322 -0.0439323802469915 97.0153715708589 0.019116525948176 0.944 1.562489204
-7.43486973947896 -7.44726842486223 0.165892291352142 -0.0123986853832756 0.166046018751375 -0.248164951268898 96.4481222701096 0.0123986853832756 0.941 1.565644831
-13.6973947895792 -13.7035657624331 0.166052684426437 -0.00617097285390855 0.166090765332401 -0.860203225309275 96.3549614103837 0.00617097285390855 0.944 1.579097147
-3.27655310621243 -3.30063561801507 0.165222894211037 -0.0240825118026415 0.165802861585762 -0.0843791752766776 96.8388798441177 0.0240825118026415 0.944 1.560344277
2.98597194388778 2.95367853915837 0.165589055963639 -0.0322934047294092 0.166631919952656 0.122847954149474 96.624743144338 0.0322934047294092 0.947 1.568870275
0.93186372745491 0.899210096791033 0.166092051903191 -0.0326536306638771 0.167158311498724 -1.05763893332786 96.3321231609915 0.0326536306638771 0.945 1.581159882
-1.17234468937876 -1.20006360633267 0.165632745348607 -0.0277189169539092 0.166401083705704 0.092155130299032 96.5992561816497 0.0277189169539092 0.946 1.568965483
-9.53907815631263 -9.55012637850237 0.165652876277603 -0.011048222189741 0.165774939491157 0.329883689392962 96.5875169784979 0.011048222189741 0.947 1.560553355
-11.5931863727455 -11.5993963436537 0.165356860565123 -0.00620997090820907 0.165395424303803 0.133785049688595 96.7604243653302 0.00620997090820907 0.944 1.575669666
9.29859719438878 9.26493236846173 0.166769387863656 -0.0336648259270458 0.167902708368355 -0.449053059187554 95.9408690345553 0.0336648259270458 0.944 1.564955682
7.24448897795591 7.2081152807079 0.165782602735087 -0.0363736972480142 0.167105648586577 0.0481848285892039 96.5119363312642 0.0363736972480142 0.946 1.565316898
5.14028056112225 5.10699450762063 0.166258514448307 -0.0332860535016133 0.167366475806019 -0.404607699151338 96.235672820081 0.0332860535016133 0.944 1.574322937
-5.28056112224449 -5.29984025310453 0.164907716798875 -0.0192791308600446 0.165279401685594 0.119944268336047 97.0239617077104 0.0192791308600446 0.945 1.562230177
-7.38476953907816 -7.39718793095623 0.165865846367207 -0.0124183918780778 0.166020062824044 -0.240108804744882 96.4634995716836 0.0124183918780778 0.942 1.565634719
-13.6472945891784 -13.653464017098 0.165995810524206 -0.00616942791967645 0.166033872365062 -0.894518300456626 96.3879747896821 0.00616942791967645 0.944 1.579244728
-3.22645290581162 -3.25064940971843 0.165176322149429 -0.0241965039068104 0.165761792950741 -0.0515060567436776 96.8661839166356 0.0241965039068104 0.944 1.560091913
3.03607214428858 3.00373811573833 0.165516729984504 -0.0323340285502449 0.166562219386792 0.088075876980831 96.6669653363616 0.0323340285502449 0.948 1.568799776
0.981963927855713 0.949334313545667 0.16609126535706 -0.032629614310046 0.167155957087082 -1.06495764954138 96.3325793539084 0.032629614310046 0.945 1.581304432
-9.48897795591182 -9.5000831345195 0.165640837172009 -0.011105178607675 0.165764162163918 0.327157760203078 96.5945371513961 0.011105178607675 0.947 1.560214616
-1.12224448897796 -1.15006847577023 0.165558938188129 -0.027823986792278 0.166333112429146 0.059943767095394 96.642320705263 0.027823986792278 0.945 1.56975625
-11.5430861723447 -11.5494069854808 0.165236668368713 -0.00632081313614385 0.165276621047415 0.208379822422999 96.8308073380977 0.00632081313614385 0.944 1.575132685
9.34869739478958 9.31513232214987 0.166640468745165 -0.0335650726397123 0.167767082846474 -0.549695069257561 96.0150923751181 0.0335650726397123 0.947 1.565237736
5.19038076152305 5.15713274145323 0.166175584401154 -0.0332480200698146 0.167281015239717 -0.388935144867458 96.2836993031143 0.0332480200698146 0.942 1.574251995
7.29458917835671 7.25821314316607 0.165840742226112 -0.0363760351906457 0.167163958162303 0.0786525560624085 96.4781017331985 0.0363760351906457 0.944 1.565100905
-5.23046092184369 -5.24990682522893 0.164905556958213 -0.0194459033852468 0.165283700116681 0.149879019561172 97.0252324732415 0.0194459033852468 0.945 1.562035918
-7.33466933867735 -7.34711733124387 0.165800656584254 -0.0124479925665124 0.16595560910319 -0.243233413915711 96.501427253814 0.0124479925665124 0.943 1.565545563
-13.5971943887776 -13.6033683600056 0.16596339231991 -0.00617397122807795 0.166001510240635 -0.866030817182212 96.4068025866722 0.00617397122807795 0.946 1.579359651
-3.17635270541082 -3.2006788538211 0.165128320151082 -0.024326148410279 0.165720081647561 -0.0543162054772561 96.8943424444759 0.024326148410279 0.949 1.560079556
3.08617234468938 3.05369689316873 0.165458385715659 -0.0324754515206473 0.166513040667129 0.0404388693603708 96.7010522361561 0.0324754515206473 0.946 1.568886796
1.03206412825651 0.999416079723367 0.166043547820288 -0.0326480485331482 0.16710944289331 -1.06610983841345 96.3602633769133 0.0326480485331482 0.944 1.581724345
-9.43887775551102 -9.4500259290278 0.16564886325655 -0.0111481735167782 0.16577314502931 0.304992989807484 96.5898569145016 0.0111481735167782 0.947 1.560263007
-1.07214428857715 -1.1000223884926 0.165544883395793 -0.0278780999154469 0.166322071850688 0.0473580573214116 96.650525656818 0.0278780999154469 0.947 1.5705297
-11.4929859719439 -11.4994259254637 0.165128078421266 -0.00643995351984472 0.165169551422604 0.239347228942921 96.8944842874124 0.00643995351984472 0.942 1.574630983
9.39879759519038 9.36535681869137 0.166576196698894 -0.0334407764990132 0.167694482231751 -0.64226194901032 96.0521390035206 0.0334407764990132 0.945 1.565653431
5.24048096192385 5.20724775190863 0.166062774317606 -0.0332332100152133 0.167167220565521 -0.357090863026055 96.3491069310872 0.0332332100152133 0.943 1.574025624
7.34468937875751 7.30829753886253 0.165889273231047 -0.0363918398949812 0.167213639241989 0.0476838561729975 96.4498770075116 0.0363918398949812 0.945 1.565065854
-5.18036072144289 -5.19999484875057 0.164883937143594 -0.0196341273076808 0.165269436098729 0.164105869976716 97.0379545587021 0.0196341273076808 0.944 1.561857019
-7.28456913827655 -7.29705004014827 0.165737471467217 -0.0124809018717134 0.165893244378748 -0.244142269597986 96.5382170872857 0.0124809018717134 0.942 1.565440326
-13.5470941883768 -13.5532950047252 0.16586848686568 -0.00620081634848013 0.165906936989068 -0.853678004952968 96.4619639471163 0.00620081634848013 0.948 1.579094273
-3.12625250501002 -3.1507224928077 0.165101183080737 -0.0244699877976795 0.165699963383555 -0.00856376550504856 96.9102686088916 0.0244699877976795 0.948 1.559853854
3.13627254509018 3.10368325359767 0.165376676679559 -0.0325892914925126 0.166438738599543 0.0158878551091979 96.7488301328145 0.0325892914925126 0.949 1.569008258
1.08216432865731 1.049559192971 0.166048703836657 -0.0326051356863135 0.16711179870978 -1.07733684526588 96.3572712722847 0.0326051356863135 0.944 1.581927311
-9.38877755511022 -9.39994032945913 0.165640669955827 -0.0111627743489127 0.165765277486992 0.294605396099135 96.5946346647044 0.0111627743489127 0.947 1.560211421
-1.02204408817635 -1.04999924782493 0.165447972857195 -0.0279551596485808 0.166229463808173 -0.0113756131081666 96.7071383449965 0.0279551596485808 0.949 1.571213064
-11.4428857715431 -11.4494645290466 0.165070056939516 -0.00657875750351344 0.165113336989806 0.298661398184463 96.9285423210501 0.00657875750351344 0.942 1.574195567
9.44889779559118 9.41552464961133 0.16647774099617 -0.0333731459798496 0.167591507868762 -0.683262847235439 96.1089446808874 0.0333731459798496 0.945 1.566100859
5.29058116232465 5.25735839802823 0.166005594910565 -0.0332227642964158 0.16710934697806 -0.322210750340651 96.3822936728122 0.0332227642964158 0.944 1.573710961
7.39478957915832 7.35841682792053 0.165933588180849 -0.0363727512377841 0.167256565213455 0.0383826113199093 96.424118681516 0.0363727512377841 0.946 1.564982635
-5.13026052104208 -5.15006070709377 0.164904514620404 -0.0198001860516825 0.165296561988085 0.170781625263994 97.0258457558342 0.0198001860516825 0.945 1.561743788
-7.23446893787575 -7.24701446363973 0.16563294166807 -0.0125455257639819 0.165790331884765 -0.245524182051593 96.5991416856204 0.0125455257639819 0.942 1.565385924
-13.496993987976 -13.5031358016078 0.165856664194837 -0.00614181363184763 0.165894386069525 -0.827684550344776 96.4688399930938 0.00614181363184763 0.948 1.578972163
-3.07615230460922 -3.10076008371133 0.165059054053297 -0.0246077791021149 0.165664596845635 0.00191285587269885 96.9350036068527 0.0246077791021149 0.949 1.559839449
3.18637274549098 3.15366583062373 0.165303621289115 -0.0327069148672479 0.166373363569248 -0.0102498308839016 96.7915879593233 0.0327069148672479 0.949 1.56907807
1.13226452905812 1.0996387466906 0.166029332078541 -0.0326257823675158 0.167093773753633 -1.07500644074887 96.3685139227755 0.0326257823675158 0.944 1.582043846
-9.33867735470942 -9.34991019893857 0.165654353242729 -0.0112328442291485 0.165780530032206 0.292249822279222 96.5866558094951 0.0112328442291485 0.947 1.56030157
-0.97194388777555 -0.9999808352944 0.165380818599255 -0.0280369475188496 0.16616688902543 -0.0541717335749869 96.7464070834639 0.0280369475188496 0.949 1.571946077
-11.3927855711423 -11.3995238874357 0.164995596912345 -0.00673831629338295 0.165041001818815 0.342572623466875 96.9722847119373 0.00673831629338295 0.944 1.573755332
9.49899799599199 9.46572675677043 0.166405421278415 -0.033271239221552 0.167512396637753 -0.728548458400341 96.1507135830038 0.033271239221552 0.947 1.566485613
5.34068136272545 5.3074915351251 0.165921514919606 -0.0331898276003511 0.167023079575747 -0.295935911095258 96.4311349721734 0.0331898276003511 0.947 1.573393347
7.44488977955912 7.40848165666757 0.165941974171545 -0.0364081228915527 0.167267525584031 0.0421515314375176 96.4192458229993 0.0364081228915527 0.942 1.565025806
-5.08016032064128 -5.10011173283353 0.16491176051961 -0.0199514121922517 0.165309819368075 0.170792212256177 97.0215826305331 0.0199514121922517 0.947 1.561491678
-7.18436873747495 -7.19697914065753 0.165533178598475 -0.0126104031825838 0.165692200866902 -0.240018417979504 96.6573597841094 0.0126104031825838 0.942 1.565275102
-13.4468937875751 -13.4530899092325 0.165719209889901 -0.00619612165731809 0.165757601813494 -0.799372569612417 96.5488552029056 0.00619612165731809 0.948 1.578820479
-3.02605210420842 -3.05082755801413 0.165003042834 -0.0247754538057174 0.165616865945279 0.0326170041746066 96.9679087439415 0.0247754538057174 0.949 1.559656108
3.23647294589178 3.20371530710237 0.165262245290884 -0.0327576387894171 0.166335308189942 -0.0305333741510094 96.8158212532923 0.0327576387894171 0.946 1.569371757
1.18236472945892 1.14977514484543 0.166002319726476 -0.0325895846134845 0.167064400751756 -1.05084869883822 96.384195271267 0.0325895846134845 0.944 1.582029688
-9.28857715430862 -9.2998647439119 0.165663515163889 -0.0112875896032847 0.165790924842941 0.291859586083421 96.5813141425341 0.0112875896032847 0.942 1.560179993
-0.921843687374748 -0.9500104449697 0.165296973671862 -0.0281667575949518 0.166090339905275 -0.10045336345213 96.7954805498268 0.0281667575949518 0.947 1.572545877
-11.3426853707415 -11.3495829583226 0.164948186437727 -0.00689758758111658 0.164995763152166 0.366712268906344 97.0001571132184 0.00689758758111658 0.947 1.57345267
9.54909819639279 9.51583488062707 0.166280047289596 -0.0332633157657209 0.167386495465326 -0.744277845177399 96.223210546327 0.0332633157657209 0.947 1.567014479
5.39078156312625 5.35755865743553 0.165863469181925 -0.0332229056907201 0.16696723064446 -0.256847804242261 96.4648821040311 0.0332229056907201 0.946 1.572899652
-5.03006012024048 -5.05018884386653 0.164905315653395 -0.0201287236260521 0.165310481168209 0.164115587334956 97.0253744495994 0.0201287236260521 0.944 1.561508032
7.49498997995992 7.4585858061969 0.16597542146054 -0.0364041737630219 0.167300685327909 0.0292995167816223 96.3998154618568 0.0364041737630219 0.946 1.564983519
-7.13426853707415 -7.146964886994 0.165436739509092 -0.0126963499198514 0.165597936810379 -0.245394691186296 96.7137048727963 0.0126963499198514 0.941 1.565221699
-13.3967935871743 -13.4030268357404 0.165699729008272 -0.00623324856608498 0.165738582395958 -0.744234226462603 96.5602061980516 0.00623324856608498 0.944 1.578674236
-2.97595190380762 -3.00087858525547 0.164988437036228 -0.0249266814478508 0.165609776484231 0.0291176667225224 96.9764929434826 0.0249266814478508 0.949 1.559880738
3.28657314629259 3.2536907030691 0.165193996850772 -0.0328824432234858 0.166275251923118 -0.0703490049396349 96.8558198543594 0.0328824432234858 0.946 1.569826954
1.23246492985972 1.1998252292289 0.165976353796313 -0.0326397006308201 0.167041703853583 -1.07837734623044 96.3992739570317 0.0326397006308201 0.944 1.582397775
-9.23847695390782 -9.2497935569245 0.16565648701605 -0.0113166030166845 0.165784552519887 0.282993766820716 96.5854117047033 0.0113166030166845 0.942 1.560291521
-0.871743486973948 -0.899999293792567 0.165253545452571 -0.0282558068186189 0.166051936071542 -0.113698004575258 96.820918160525 0.0282558068186189 0.949 1.573059778
-11.2925851703407 -11.2996552895022 0.164878775193956 -0.00707011916148481 0.164928761778914 0.457131987479853 97.0409925788101 0.00707011916148481 0.947 1.573003469
9.59919839679359 9.56597134053527 0.166207194047804 -0.0332270562583226 0.167311231315398 -0.783497941797306 96.2653878591931 0.0332270562583226 0.948 1.56755198
5.44088176352706 5.40762484033617 0.165785764939067 -0.0332569231908888 0.166891787879192 -0.22083687644725 96.5100954589233 0.0332569231908888 0.943 1.572534386
-4.97995991983968 -5.00026583123767 0.164895277553069 -0.0203059113979878 0.165307607590772 0.159418708684511 97.0312809282889 0.0203059113979878 0.943 1.561474943
7.54509018036072 7.50868628012457 0.165985135414253 -0.0364039002361567 0.167310379366657 0.0281991417754535 96.3941738521852 0.0364039002361567 0.947 1.565184207
-7.08416833667335 -7.09696254109877 0.165326867817825 -0.0127942044254201 0.165490559484705 -0.251846044127629 96.7779781422491 0.0127942044254201 0.941 1.56514087
-13.3466933867735 -13.3529992099287 0.165617656039663 -0.00630582315515404 0.165657419445327 -0.704312283220027 96.6080572723975 0.00630582315515404 0.944 1.578227147
-2.92585170340681 -2.95096813761747 0.164949668707126 -0.0251164342106533 0.165580503974584 0.0654371798433084 96.9992854511792 0.0251164342106533 0.949 1.559668124
3.33667334669339 3.30365793458387 0.165134816388816 -0.0330154121095214 0.166224833825577 -0.0886376563739411 96.8905307184129 0.0330154121095214 0.946 1.570275405
1.28256513026052 1.249959547193 0.165955713793862 -0.0326055830675223 0.167018837841035 -1.07750528246637 96.4112631872018 0.0326055830675223 0.943 1.582544277
-9.18837675350701 -9.19976889330787 0.165664858010008 -0.0113921398008525 0.16579463885925 0.291380253836615 96.5805312737687 0.0113921398008525 0.942 1.560235301
-0.821643286573146 -0.850039238418833 0.165193887153586 -0.0283959518456878 0.166000217234808 -0.128474951618657 96.8558841715755 0.0283959518456878 0.949 1.573600693
-11.2424849699399 -11.2497301315105 0.164840990963751 -0.00724516157065302 0.164893483329936 0.46597014074008 97.0632359491122 0.00724516157065302 0.947 1.572737748
-4.92985971943888 -4.9503232533441 0.164912446292994 -0.0204635339052235 0.165331202512884 0.145997877015447 97.0211791751205 0.0204635339052235 0.944 1.561651836
9.64929859719439 9.61602028043023 0.166060185320355 -0.0332783167641555 0.167167631687011 -0.809405554563375 96.3506090826864 0.0332783167641555 0.947 1.568087967
5.49098196392786 5.45765492043777 0.165702708862413 -0.0333270434900914 0.166813400690204 -0.12084375204881 96.5584697428524 0.0333270434900914 0.944 1.572135619
7.59519038076152 7.5587815086046 0.165987356973591 -0.0364088721569225 0.16731296294533 0.00685155140852656 96.3928837215331 0.0364088721569225 0.947 1.565423119
-7.03406813627254 -7.04697960062313 0.165213711917212 -0.0129114643505881 0.165380417828889 -0.281155471695221 96.8442619824285 0.0129114643505881 0.942 1.565076129
-13.2965931863727 -13.3029574549508 0.165572087715785 -0.00636426857801986 0.165612591630318 -0.670950295386219 96.6346454932973 0.00636426857801986 0.945 1.577795936
-2.87575150300601 -2.9010126742915 0.164953661922898 -0.0252611712854889 0.165591788697613 0.0691085589032747 96.9969372821724 0.0252611712854889 0.942 1.559685632
-9.13827655310621 -9.14971596278407 0.165676694779843 -0.0114394096778536 0.165807554873621 0.254846936553166 96.5736310786582 0.0114394096778536 0.942 1.560540602
3.38677354709419 3.35358292200527 0.165042773956705 -0.0331906250889236 0.166144391550499 -0.113271527754361 96.944565438516 0.0331906250889236 0.946 1.570542256
1.33266533066132 1.30007548077453 0.16592855583364 -0.0325898498867911 0.166990654149283 -1.07400984590919 96.4270430705227 0.0325898498867911 0.944 1.582482149
-0.771543086172345 -0.800099565363433 0.165167997505998 -0.0285564791910882 0.165983470009789 -0.163638477103528 96.871066075733 0.0285564791910882 0.947 1.57432378
-11.1923847695391 -11.1997981147533 0.164799906804364 -0.00741334521422132 0.16485486449163 0.498143574022947 97.0874335444482 0.00741334521422132 0.945 1.572079588
-4.87975951903808 -4.90039141548417 0.164922464871271 -0.0206318964460905 0.165348140022233 0.130697461419471 97.0152854099574 0.0206318964460905 0.944 1.561677113
5.54108216432866 5.50769588073 0.165595483460018 -0.0333862835986567 0.166710127392548 0.0436589220019101 96.6209927087961 0.0333862835986567 0.946 1.571735514
9.69939879759519 9.6661312022499 0.165972742168677 -0.0332675953452899 0.167079475068735 -0.856386622943878 96.4013716405268 0.0332675953452899 0.947 1.56862301
7.64529058116232 7.60887174353343 0.165980394435912 -0.036418837628891 0.167306726170151 0.0183630925806977 96.396927205628 0.036418837628891 0.944 1.565488224
-6.98396793587174 -6.99699704188003 0.165103931629114 -0.0130291060082905 0.165273689232489 -0.284972065023631 96.9086553065381 0.0130291060082905 0.942 1.565035551
-13.2464929859719 -13.2529472184721 0.165516686968821 -0.006454232500122 0.165558344085986 -0.616185902394972 96.6669904588775 0.006454232500122 0.946 1.577274642
-2.82565130260521 -2.85106564998413 0.164938828180421 -0.0254143473789226 0.165584717233118 0.100944216080456 97.0056606834753 0.0254143473789226 0.945 1.559493237
-9.08817635270541 -9.0996657845936 0.16568020758343 -0.0114894318881902 0.165812214628544 0.283615553795202 96.5715834943231 0.0114894318881902 0.942 1.560609368
3.43687374749499 3.40357534467657 0.165050746372974 -0.033298402818422 0.166159530003232 -0.142625301357413 96.939882742753 0.033298402818422 0.946 1.571113009
1.38276553106212 1.3501360710522 0.16589411876996 -0.0326294600099233 0.166958800430499 -1.06352467194995 96.4470598393344 0.0326294600099233 0.941 1.582303518
-0.721442885771543 -0.7501449152686 0.165163016473206 -0.028702029497057 0.165986822970455 -0.167294996912842 96.873987540641 0.028702029497057 0.947 1.574634014
-11.1422845691383 -11.149862777239 0.164801036398109 -0.00757820810072296 0.164858465636127 0.520942715930606 97.0867680792302 0.00757820810072296 0.944 1.571688391
-4.82965931863727 -4.85046212040493 0.164941028317411 -0.0208028017676591 0.165373784878795 0.0851812201441038 97.0043667316646 0.0208028017676591 0.945 1.56187229
5.59118236472946 5.55772595541137 0.165497307741717 -0.0334564093180925 0.166616639066177 0.152215785529941 96.6783098669517 0.0334564093180925 0.944 1.571040834
9.74949899799599 9.7161804276776 0.165864270983039 -0.0333185703183929 0.166974398111101 -0.890386406389165 96.4644157850976 0.0333185703183929 0.949 1.568924863
7.69539078156313 7.65896810473883 0.165951854604157 -0.0364226768242935 0.167278465991204 0.00988176481225844 96.4135052191168 0.0364226768242935 0.945 1.565793027
-6.93386773547094 -6.9470536495411 0.165011391653319 -0.0131859140701582 0.165185259983184 -0.294533059049173 96.9630026126636 0.0131859140701582 0.942 1.56498699
-13.1963927855711 -13.2029488258402 0.165490043915384 -0.00655604026909096 0.165533025579394 -0.457593093853997 96.6825533515533 0.00655604026909096 0.944 1.576804906
-2.77555110220441 -2.80115597581707 0.164911025148962 -0.0256048736126582 0.165566634701683 0.129216814017163 97.0220152688237 0.0256048736126582 0.946 1.559435906
-9.03807615230461 -9.04960042244953 0.165665156138071 -0.0115242701449247 0.165797964940444 0.269956949766215 96.5803574691655 0.0115242701449247 0.942 1.560743335
3.48697394789579 3.45345438909383 0.165056440514149 -0.0335195588019577 0.166180001336427 -0.143469295892779 96.9365384965298 0.0335195588019577 0.946 1.571476071
1.43286573146293 1.4002068682372 0.165909052135312 -0.0326588632257254 0.166975653482509 -1.04297350796662 96.4383787025117 0.0326588632257254 0.942 1.582209542
-0.671342685370741 -0.700164667567433 0.1651283956426 -0.0288219821966926 0.165959102300346 -0.19070444846036 96.8942981474249 0.0288219821966926 0.946 1.574964808
-11.0921843687375 -11.0999766646519 0.16483779444011 -0.0077922959144594 0.164898514315729 0.537928322316761 97.0651181929834 0.0077922959144594 0.945 1.571126963
-4.77955911823647 -4.80055954919857 0.164934273652786 -0.0210004309620944 0.165375291753379 0.0191437140829587 97.0083394169649 0.0210004309620944 0.943 1.561970395
5.64128256513026 5.6077310945657 0.16543261392893 -0.0335514705645608 0.166558315105974 0.230393323898104 96.7161167318172 0.0335514705645608 0.945 1.570662446
9.79959919839679 9.7661932233654 0.165768963000539 -0.0334059750313944 0.166884922168337 -0.957442354644833 96.5198774872468 0.0334059750313944 0.947 1.569476743
-6.88376753507014 -6.8971279431414 0.164910184510345 -0.0133604080712599 0.165088685014176 -0.318668376349202 97.0225098438132 0.0133604080712599 0.942 1.564911753
7.74549098196393 7.70906083288563 0.165939004862725 -0.0364301490782957 0.167266160624592 0.0200431785620125 96.4209711468148 0.0364301490782957 0.941 1.565798964
-13.1462925851703 -13.1529824514017 0.165484978182937 -0.00668986623139212 0.165529732493131 -0.381661840433306 96.6855129431302 0.00668986623139212 0.946 1.576141712
-2.72545090180361 -2.7512314227851 0.164954581157145 -0.0257805209814936 0.165619216419222 0.176671138601947 96.996396752131 0.0257805209814936 0.946 1.559294729
-8.98797595190381 -8.99958502217487 0.165693992827778 -0.0116090702710583 0.165828763340336 0.285483054112379 96.5635490275762 0.0116090702710583 0.942 1.560863392
3.53707414829659 3.50342217588853 0.165072371474302 -0.0336519724080602 0.166204826721255 -0.16469989324826 96.9271832536244 0.0336519724080602 0.946 1.572058608
1.48296593186373 1.45025797219963 0.165845401266963 -0.0327079596640942 0.166915211892351 -1.01386064934792 96.4753914053045 0.0327079596640942 0.945 1.582008577
-0.62124248496994 -0.650224422166833 0.165100872783058 -0.028981937196893 0.165940825466743 -0.186106306096961 96.9104507462171 0.028981937196893 0.944 1.575290886
-11.0420841683367 -11.0500781828899 0.164843985912817 -0.00799401455325999 0.164907890181495 0.578502570431905 97.0614724668337 0.00799401455325999 0.945 1.570732539
-4.72945891783567 -4.7505912874077 0.164965468374966 -0.0211323695720287 0.165412045418695 -0.0686131440023774 96.9899952857532 0.0211323695720287 0.945 1.562202844
5.69138276553106 5.65768976407003 0.16531228303164 -0.0336930014610299 0.166447501379093 0.30607002104277 96.7865164437764 0.0336930014610299 0.938 1.570175597
9.8496993987976 9.81620413924823 0.165745896389587 -0.0334952595493636 0.166867828801866 -1.02363230355439 96.5333100156635 0.0334952595493636 0.947 1.569814904
-6.83366733466934 -6.84722227310787 0.164827469707116 -0.0135549384385287 0.165011206063189 -0.333964818359517 97.0711983168253 0.0135549384385287 0.942 1.564917503
7.79559118236473 7.75913459798337 0.165946031666541 -0.0364565843813649 0.167275114211296 0.0311351925412096 96.4168883058988 0.0364565843813649 0.939 1.565987536
-13.0961923847695 -13.1029648326021 0.16546880750581 -0.00677244783252817 0.165514673555454 -0.322280620934562 96.6949616738987 0.00677244783252817 0.947 1.575719254
-2.67535070140281 -2.70130296854043 0.164974865418996 -0.0259522671376273 0.165648385588579 0.204415420115645 96.9844706911196 0.0259522671376273 0.947 1.559091789
-8.93787575150301 -8.9495435006752 0.16574248036858 -0.0116677491721937 0.165878616739325 0.248490374693167 96.5352996070711 0.0116677491721937 0.942 1.561139395
1.53306613226453 1.50031876350457 0.165847157425156 -0.0327473687599631 0.166919547585857 -0.963212319285645 96.4743698258474 0.0327473687599631 0.943 1.58156846
3.5871743486974 3.55331832249367 0.165092425313297 -0.0338560262037286 0.166238655823604 -0.197334713844816 96.9154094722196 0.0338560262037286 0.946 1.572339951
-0.571142284569138 -0.600281240082467 0.165063888411378 -0.0291389555133286 0.165912967139786 -0.216167303702497 96.9321645938947 0.0291389555133286 0.946 1.575771154
-10.9919839679359 -11.0001965658679 0.164835367152725 -0.0082125979319958 0.164902813917518 0.606905461126783 97.0665475278463 0.0082125979319958 0.945 1.570253733
-4.67935871743487 -4.7006192808092 0.16498045755227 -0.021260563374331 0.165432469107264 -0.106723665138447 96.9811833315519 0.021260563374331 0.945 1.562251671
5.74148296593187 5.7076779914219 0.16526224322315 -0.033804974509966 0.16640501952477 0.318874525329038 96.8158224646361 0.033804974509966 0.942 1.569794126
9.8997995991984 9.86625836900683 0.165642610533324 -0.033541230191565 0.166767624656087 -1.06320831740185 96.593503015223 0.033541230191565 0.945 1.570158295
-6.78356713426854 -6.79733053113587 0.164753953359072 -0.0137633968673292 0.1649433844524 -0.380457170714221 97.1145133320649 0.0137633968673292 0.942 1.564932921
7.84569138276553 7.80918834712823 0.165983733462656 -0.0365030356373 0.167316205073394 0.0396245870448508 96.3949880281479 0.0365030356373 0.938 1.566067434
-13.0460921843687 -13.0529558819299 0.165513976400369 -0.00686369756116356 0.16556108674458 -0.262976689460409 96.6685735426772 0.00686369756116356 0.948 1.575245098
-2.625250501002 -2.65132540052287 0.16501961630902 -0.0260748995208631 0.165699516694043 0.248149653528873 96.9581699307677 0.0260748995208631 0.944 1.55906471
-8.88777555110221 -8.89948228066897 0.165772141372768 -0.011706729566761 0.165909188889917 0.286045273439817 96.5180268982662 0.011706729566761 0.942 1.561212125
1.58316633266533 1.5503290646496 0.165850127569296 -0.0328372680157321 0.166928413740033 -0.905144813115016 96.4726421046307 0.0328372680157321 0.943 1.581136288
3.6372745490982 3.6033178433562 0.16515266582582 -0.0339567057419976 0.166305723690669 -0.215418722622618 96.8800589442168 0.0339567057419976 0.946 1.572774279
-0.521042084168336 -0.550334720887933 0.165048427806592 -0.0292926367195975 0.165906486372578 -0.224036362398744 96.9412445342966 0.0292926367195975 0.946 1.575953483
-10.9418837675351 -10.9503204607443 0.164843342027772 -0.0084366932092621 0.164914519820079 0.620392196200625 97.0618515930379 0.0084366932092621 0.949 1.569818166
-4.62925851703407 -4.65069399467863 0.165002589899893 -0.021435477644566 0.165462069601744 -0.120825523135232 96.9681749220249 0.021435477644566 0.944 1.562455838
5.79158316633266 5.75759565053113 0.165172524179204 -0.033987515801531 0.166327675409564 0.34316711103467 96.8684112536827 0.033987515801531 0.943 1.569194158
9.9498997995992 9.91633758830503 0.165665084776131 -0.0335622112941643 0.166791506803086 -1.06205471497824 96.5803990721479 0.0335622112941643 0.947 1.570177369
-6.73346693386774 -6.74743290157487 0.164679960451011 -0.013965967707132 0.164875008705007 -0.444489448591001 97.1581481813611 0.013965967707132 0.941 1.565002977
7.89579158316633 7.85931086041913 0.166011555789657 -0.036480722747199 0.167342398921815 0.0265959489678447 96.3788329305982 0.036480722747199 0.938 1.566339497
-12.9959919839679 -13.0029356367292 0.165534732001776 -0.00694365276126341 0.165582946315445 -0.191632696881289 96.656452736628 0.00694365276126341 0.948 1.574716822
-2.5751503006012 -2.60141960253423 0.164999110691792 -0.026269301933032 0.16568918691584 0.280364782576015 96.9702196146198 0.026269301933032 0.942 1.558788888
-8.8376753507014 -8.84943842698403 0.16578963371773 -0.0117630762826302 0.165928003681361 0.271952269583986 96.5078433506963 0.0117630762826302 0.942 1.561444224
1.63326653306613 1.600413565838 0.16587502186036 -0.0328529672281341 0.166954339316053 -0.791453588241753 96.4581636255605 0.0328529672281341 0.945 1.580605022
3.687374749499 3.65327982351797 0.165199699179076 -0.0340949259810333 0.166362163156728 -0.229507419372404 96.8524766056385 0.0340949259810333 0.948 1.573165852
-0.470941883767535 -0.500328625229333 0.165033492002297 -0.0293867414617979 0.16589707257604 -0.291773924718541 96.9500178774456 0.0293867414617979 0.946 1.576366259
-10.8917835671343 -10.9003800431951 0.164874483447961 -0.00859647606079861 0.164948382848625 0.63639303464772 97.0435185930396 0.00859647606079861 0.951 1.569411612
5.84168336673347 5.8075634461631 0.165136861304467 -0.0341199205703662 0.166301030284195 0.348244264094377 96.8893309077761 0.0341199205703662 0.946 1.568783454
10 9.966405339447 0.165700615868691 -0.0335946605529998 0.166829217086362 -1.06579576163992 96.5596893899244 0.0335946605529998 0.949 1.570342072
-6.68336673346693 -6.69756369686103 0.164633991882846 -0.0141969633941006 0.164835545652459 -0.512714563079164 97.1852763637394 0.0141969633941006 0.939 1.565038825
-12.9458917835671 -12.9528983513026 0.165609159163118 -0.00700656773546626 0.16565825115455 -0.0245799776784461 96.6130139229838 0.00700656773546626 0.946 1.574221713
-2.5250501002004 -2.5514352929416 0.165012838062321 -0.0263851927411989 0.165709016458311 0.365546082045509 96.9621526899456 0.0263851927411989 0.942 1.558857796
-8.7875751503006 -8.79938246934877 0.165841700563472 -0.0118073190481667 0.165981113346577 0.28241186452147 96.477544222217 0.0118073190481667 0.942 1.561791152
3.7374749498998 3.70325687553463 0.165262607925771 -0.0342180743651652 0.166433484539031 -0.2964276431136 96.8156088108357 0.0342180743651652 0.948 1.573822944
-0.420841683366733 -0.450399461613167 0.164994418618806 -0.0295577782464335 0.165868080873671 -0.318395746683858 96.9729772312211 0.0295577782464335 0.946 1.57666167
