7.94589178356713 7.90899930108137 0.165945275952957 -0.0368924824857677 0.16730633121692 -0.0498866943162868 96.4173273877092 0.0368924824857677 0.943 1.56488247
5.89178356713427 5.85778879688753 0.165966276410873 -0.0339947702467356 0.167121920815002 -0.331277952126607 96.4051272704926 0.0339947702467356 0.938 1.573639242
3.7875751503006 3.75407676334887 0.165486877061286 -0.033498386951734 0.166609018989654 0.114183916165389 96.6844035256925 0.033498386951734 0.946 1.567969326
-0.370741482965931 -0.399759751910967 0.165825125717363 -0.0290182689450357 0.16666718564993 0.30527591150985 96.4871875162683 0.0290182689450357 0.939 1.567125002
1.68336673346693 1.64942906749967 0.165752789959413 -0.0339376659672663 0.166904555130719 -1.12307429572257 96.529295246963 0.0339376659672663 0.945 1.581959168
-6.63326653306613 -6.64839629519643 0.164208513063972 -0.015129762130301 0.164437422766092 -0.0958192613032594 97.4370920329003 0.015129762130301 0.947 1.557799762
-4.57915831663327 -4.59826967128263 0.16562604034575 -0.0191113546493664 0.165991284222284 0.431714442346509 96.6031667882623 0.0191113546493664 0.942 1.558856102
-2.4749498997996 -2.50151734689523 0.165792989236716 -0.0265674470956343 0.166498818481896 -0.0528195933907238 96.5058901082692 0.0265674470956343 0.942 1.563547021
-8.7374749498998 -8.74641157522313 0.165650490844536 -0.00893662532333472 0.165730354116706 -0.145644107645276 96.5889078772248 0.00893662532333472 0.944 1.562786852
-12.8957915831663 -12.9016288785401 0.166370170665398 -0.00583729537376776 0.166404244682678 0.15843569066829 96.1710860547176 0.00583729537376776 0.941 1.573568829
-10.8416833667335 -10.8501526311492 0.165709982101803 -0.00846926441569984 0.165781710541546 0.265460585541355 96.5542316586002 0.00846926441569984 0.944 1.566726734
-15 -15.0040656480971 0.16510555612775 -0.00406564809710019 0.1651220856222 -0.0232812511145875 96.9077018075636 0.00406564809710019 0.944 1.574170306
7.99599198396794 7.9591136203827 0.166016961285458 -0.0368783635852363 0.167376974986183 -0.037869399065199 96.3756948453524 0.0368783635852363 0.941 1.564709007
5.94188376753507 5.90787278422537 0.165917442777484 -0.0340109833097042 0.167074189763177 -0.24523322372727 96.4335016991434 0.0340109833097042 0.944 1.573332285
3.8376753507014 3.80405896349963 0.165464359596161 -0.0336163872017696 0.166594421084661 0.0876488463864566 96.6975609675112 0.0336163872017696 0.946 1.567955472
-0.320641282565131 -0.349722896687067 0.165766729931917 -0.0290816141219361 0.166612470211854 0.260468858061425 96.5211777210752 0.0290816141219361 0.942 1.567805821
1.73346693386774 1.69945092453553 0.165751253649842 -0.0340160093322017 0.16690834254073 -1.11780423296599 96.530189954405 0.0340160093322017 0.947 1.582201422
-4.52905811623246 -4.54825070891173 0.165538372909142 -0.0191925926792686 0.165906728522894 0.43172996711941 96.6543268416795 0.0191925926792686 0.943 1.558630328
-6.58316633266533 -6.59856279628167 0.164255368804244 -0.0153964636163364 0.164492419896133 -0.116859190765545 97.4092969774915 0.0153964636163364 0.947 1.558034394
-2.4248496993988 -2.45146259606153 0.165808861076618 -0.0266128966627366 0.166517107345399 -0.0528169249919386 96.4966522061004 0.0266128966627366 0.942 1.563484363
-8.687374749499 -8.6963757405973 0.165605236413404 -0.00900099109830244 0.165686254254156 -0.147901234339315 96.615302429561 0.00900099109830244 0.946 1.562666607
-12.8456913827655 -12.8514080780765 0.166463539363019 -0.00571669531093733 0.166496219968297 0.137189564365769 96.1171440978896 0.00571669531093733 0.943 1.573874461
-10.7915831663327 -10.8000915909874 0.165798505100373 -0.00850842465476909 0.165870898390479 0.218871705987644 96.5026795043403 0.00850842465476909 0.94 1.566324039
-14.9498997995992 -14.9540880355475 0.165141267638272 -0.00418823594833562 0.165158808958631 -0.0528296056691413 96.8867456864061 0.00418823594833562 0.944 1.574138992
8.04609218436874 8.0091792141118 0.166057907107642 -0.0369129702569388 0.167420474480832 -0.0394922954721433 96.3519309539922 0.0369129702569388 0.946 1.564793259
5.99198396793587 5.95795870508947 0.165865092006034 -0.0340252628464066 0.167022810517801 -0.205225559183581 96.4639382915963 0.0340252628464066 0.944 1.572908088
3.88777555110221 3.85409906482337 0.165402210455731 -0.0336764862788383 0.166536316183819 0.0597707669426906 96.7338946433388 0.0336764862788383 0.946 1.568185297
-0.270541082164328 -0.2996576018003 0.165737829291192 -0.0291165196359716 0.166585601006904 0.168193060736699 96.5380086636039 0.0291165196359716 0.945 1.568561218
1.78356713426854 1.7495459381313 0.165817957995564 -0.0340211961372372 0.166975399782172 -1.12300295008459 96.4913583149303 0.0340211961372372 0.945 1.582437192
-4.47895791583166 -4.49825765730373 0.165446649781771 -0.0192997414720706 0.165819129802659 0.44796424825968 96.7079117111438 0.0192997414720706 0.943 1.558486701
-6.53306613226453 -6.54870547919937 0.164310697004342 -0.0156393469348384 0.16455528617689 -0.222531247357238 97.3764964284536 0.0156393469348384 0.945 1.558419532
-2.374749498998 -2.40138471276533 0.165819084144526 -0.0266352137673369 0.166528518756958 -0.0705118866388355 96.4907030004735 0.0266352137673369 0.944 1.563430653
-8.6372745490982 -8.64635587267063 0.165586003830232 -0.00908132357243829 0.165668474268059 -0.174629690968675 96.6265241620548 0.00908132357243829 0.944 1.562600162
-12.7955911823647 -12.8012430883769 0.166566078763729 -0.00565190601220422 0.1665980228053 0.0801124462519121 96.0579736207618 0.00565190601220422 0.941 1.574019575
-14.8997995991984 -14.904100088071 0.165169265304064 -0.00430048887263546 0.165187759508608 -0.048297192601171 96.8703225176017 0.00430048887263546 0.944 1.573987682
-10.7414829659319 -10.7500201542438 0.165873175041084 -0.00853718831196915 0.165946058625358 0.182817270748503 96.4592375833951 0.00853718831196915 0.944 1.566064366
8.09619238476954 8.05936433883083 0.166085360161199 -0.0368280459387069 0.167441665128863 -0.0355781991399406 96.3360044766781 0.0368280459387069 0.947 1.564978242
6.04208416833668 6.008005356217 0.165786413112898 -0.0340788121196756 0.166947778548386 -0.136161020792808 96.509718134165 0.0340788121196756 0.946 1.572530295
3.93787575150301 3.9041413075143 0.165377394417231 -0.0337344439887075 0.166515407128459 -0.0198551896708532 96.7484102430198 0.0337344439887075 0.946 1.568605482
-0.220440881763526 -0.249649244074667 0.165676017743364 -0.0292083623111405 0.166529146172263 0.109404043504524 96.5740257276367 0.0292083623111405 0.945 1.569243671
1.83366733466934 1.79960052519167 0.16585381564552 -0.0340668094776728 0.167014363153508 -1.13686437543918 96.4704968512562 0.0340668094776728 0.944 1.582674099
-4.42885771543086 -4.44826404060083 0.16534565235466 -0.019406325169971 0.165722257811263 0.460410268624711 96.7669834201665 0.019406325169971 0.942 1.558333
-6.48296593186373 -6.49885598511397 0.164400160152002 -0.0158900532502386 0.164652653944297 -0.26333835797433 97.3235061645114 0.0158900532502386 0.946 1.558766667
-2.32464929859719 -2.35131239667017 0.165810481886562 -0.0266630980729725 0.166521402685411 -0.0851179996209095 96.4957089440596 0.0266630980729725 0.944 1.563433943
-8.5871743486974 -8.5963316948365 0.165536815750755 -0.00915734613910502 0.165620672739066 -0.185728442085947 96.655236041817 0.00915734613910502 0.942 1.562546207
-12.7454909819639 -12.7510291750785 0.166663167469873 -0.00553819311453907 0.166693839052847 0.0332705328774718 96.0020155796704 0.00553819311453907 0.943 1.574336373
-14.8496993987976 -14.854071413791 0.165191380139998 -0.00437201499343765 0.165210494655101 -0.0584452457638551 96.857354097049 0.00437201499343765 0.944 1.574131855
-10.6913827655311 -10.6999216829059 0.165996220144546 -0.00853891737480517 0.16606913325448 0.164938211779098 96.3877369380308 0.00853891737480517 0.944 1.56579093
8.14629258517034 8.1094920914328 0.166084200845428 -0.0368004937375392 0.167438477184755 -0.0566413333936755 96.3366769298599 0.0368004937375392 0.943 1.565075333
6.09218436873747 6.05808413578363 0.165704539913597 -0.0341002329538407 0.166867365801103 -0.0932055694561174 96.5574027624282 0.0341002329538407 0.944 1.572012389
3.98797595190381 3.95410319967087 0.165327620989172 -0.0338727522329427 0.166474984333006 -0.0641594266248546 96.7775372576608 0.0338727522329427 0.946 1.569171606
-0.170340681362726 -0.1995523658297 0.165648725319486 -0.0292116844669743 0.166502047828884 0.0936956165166869 96.5899373456746 0.0292116844669743 0.947 1.569974839
1.88376753507014 1.84972969897613 0.165903517285981 -0.0340378360940083 0.167062091571943 -1.1234986152612 96.4415960658602 0.0340378360940083 0.945 1.582856591
-4.37875751503006 -4.39826196501287 0.165245690093546 -0.019504449982807 0.165626113662678 0.434680721419511 96.8255207802535 0.019504449982807 0.943 1.558254875
-6.43286573146293 -6.44899881546417 0.164483138200705 -0.0161330840012415 0.164743414600096 -0.331945495897534 97.2744086416723 0.0161330840012415 0.945 1.559121761
-2.27454909819639 -2.3012381112112 0.16580065137857 -0.0266890130148081 0.166512954794275 -0.0997332756039859 96.501430283693 0.0266890130148081 0.942 1.563374432
-12.6953907815631 -12.7008532079783 0.166711224290639 -0.00546242641520678 0.16674106239298 -0.027510831651123 95.974341668238 0.00546242641520678 0.944 1.574648838
-8.53707414829659 -8.5462705728286 0.165510718420298 -0.00919642453200709 0.16559529264447 -0.226533168654497 96.6704764060635 0.00919642453200709 0.942 1.562499137
-14.7995991983968 -14.8041623421668 0.165212624966198 -0.00456314376997291 0.165233447247264 -0.0675097738244701 96.8448991308838 0.00456314376997291 0.944 1.57414055
-10.6412825651303 -10.6498289256204 0.16605189376075 -0.00854636049013813 0.166124934038377 0.139259962144922 96.3554202101003 0.00854636049013813 0.943 1.565360594
8.19639278557114 8.15957421650097 0.166111315486123 -0.0368185690701743 0.167466922514498 -0.0328575320678148 96.320951725511 0.0368185690701743 0.942 1.565097464
6.14228456913828 6.1081425853712 0.165611282716252 -0.0341419837670758 0.166776957771803 0.0141028550475486 96.6117751011772 0.0341419837670758 0.944 1.571591608
4.03807615230461 4.0041014800991 0.165307409453892 -0.0339746722055079 0.166461687805364 -0.0971100202650732 96.7893698948974 0.0339746722055079 0.946 1.569632705
-0.120240480961924 -0.149560457194167 0.165588271541578 -0.0293199762322431 0.166447932547837 0.00420913160875669 96.6252008734961 0.0293199762322431 0.949 1.570794941
1.93386773547094 1.89977485839997 0.165942603564439 -0.0340928770709772 0.167104927831415 -1.12881724121005 96.4188801207213 0.0340928770709772 0.945 1.583003283
-4.32865731462926 -4.3482951281518 0.165131017278794 -0.0196378135225421 0.16551666099874 0.435971716701133 96.8927598440632 0.0196378135225421 0.94 1.558127192
-6.38276553106212 -6.39911848015947 0.164557200090269 -0.0163529490973433 0.16482461903445 -0.404095960561063 97.230628566985 0.0163529490973433 0.945 1.559598226
-2.22444889779559 -2.25117838311057 0.16573977046898 -0.0267294853149753 0.166454235854184 -0.11135936101731 96.5368779908776 0.0267294853149753 0.942 1.563251627
-12.6452905811623 -12.6506433540194 0.166736601838248 -0.00535277285704261 0.166765254015507 -0.0614151031159249 95.9597342371275 0.00535277285704261 0.944 1.575037921
-8.48697394789579 -8.4962977510081 0.165509291078173 -0.00932380311230929 0.16559622438265 -0.275026499419823 96.6713100864105 0.00932380311230929 0.945 1.562443983
-14.749498997996 -14.7541197812463 0.165279752401845 -0.00462078325030824 0.165301104039691 -0.0864623969171252 96.8055661234243 0.00462078325030824 0.946 1.574178113
-10.5911823647295 -10.5997016752692 0.166101486923902 -0.0085193105397412 0.166174065575974 0.0953251339772088 96.3266512317875 0.0085193105397412 0.944 1.564961746
8.24649298597194 8.20968383832103 0.166105996540823 -0.03680914765091 0.16746090989161 -0.0254240501723679 96.3240360565053 0.03680914765091 0.94 1.565177924
6.19238476953908 6.15814264432113 0.16557061692318 -0.0342421252179452 0.166743140062621 0.154794889630328 96.635503915671 0.0342421252179452 0.944 1.571019871
4.08817635270541 4.05407214869867 0.165306332167171 -0.0341042040067441 0.166469428898105 -0.122850969007676 96.7900006626456 0.0341042040067441 0.946 1.569961303
-0.0701402805611213 -0.0994951056876 0.165566274568385 -0.0293548251264787 0.166427980326591 -0.14285410858324 96.6380384031133 0.0293548251264787 0.949 1.571601943
1.98396793587174 1.949883935069 0.165997203682497 -0.0340840008027425 0.167158922793218 -1.09194198517601 96.3871658380658 0.0340840008027425 0.944 1.582972871
-4.27855711422846 -4.29834305588797 0.165018208650732 -0.0197859416595092 0.165409692138086 0.43192798393954 96.9589970150788 0.0197859416595092 0.94 1.558225608
-6.33266533066132 -6.34922246361997 0.164643796973179 -0.0165571329586438 0.164917935624989 -0.441831613720617 97.179488654568 0.0165571329586438 0.947 1.559963704
-2.17434869739479 -2.2010655247155 0.165718121701898 -0.026716827320711 0.166431910563983 -0.129053673940943 96.5494891909383 0.026716827320711 0.943 1.563139119
-12.5951903807615 -12.6003923846219 0.16676870078509 -0.00520200386041125 0.166795761629253 -0.122412601259458 95.9412643060568 0.00520200386041125 0.944 1.575311471
-8.43687374749499 -8.44626301053037 0.165480977886487 -0.00938926303537713 0.165569136146835 -0.353517151098071 96.6878501949348 0.00938926303537713 0.944 1.562424445
-10.5410821643287 -10.5495871489312 0.166126566452578 -0.00850498460251004 0.166198901215667 0.11606505580195 96.31210914461 0.00850498460251004 0.944 1.564404573
-14.6993987975952 -14.7041518726275 0.165315905405115 -0.0047530750322764 0.165338497127377 -0.0826360830494643 96.7843956743982 0.0047530750322764 0.947 1.574296527
8.29659318637275 8.2598006801726 0.166063880190542 -0.0367925062001468 0.16741756870303 0.00587148892901013 96.3484653113103 0.0367925062001468 0.94 1.565223611
6.24248496993988 6.208132186128 0.165499528005471 -0.0343527838118804 0.166679641761097 0.248328404377451 96.6770128762608 0.0343527838118804 0.946 1.570610306
4.13827655310621 4.1040858826055 0.165288248531541 -0.0341906705007125 0.16645725048083 -0.149788544439527 96.8005901335858 0.0341906705007125 0.946 1.570554708
-0.0200400801603209 -0.0495028048859667 0.165533688591982 -0.0294627247256458 0.166401740740241 -0.229628368653784 96.6570619920025 0.0294627247256458 0.948 1.572041988
2.03406813627254 2.00001459976123 0.165995410330314 -0.0340535365113115 0.167155053679241 -1.10202178428492 96.3882071688708 0.0340535365113115 0.946 1.583144356
-4.22845691382765 -4.24841012838763 0.164925903546315 -0.0199532145599788 0.165324034317591 0.424566221042721 97.0132626589301 0.0199532145599788 0.94 1.558208452
-6.28256513026052 -6.299320002447 0.164706263755195 -0.0167548721864792 0.16498698949718 -0.442206986314575 97.1426321938856 0.0167548721864792 0.947 1.560411247
-2.12424849699399 -2.15103054067317 0.165636028026859 -0.0267820436791797 0.166353305890492 -0.135354773365404 96.5973417172593 0.0267820436791797 0.942 1.563051557
-12.5450901803607 -12.5501495927741 0.166778331463643 -0.0050594124133454 0.166803929117612 -0.140913933726206 95.9357241410458 0.0050594124133454 0.944 1.575513295
-8.38677354709419 -8.3962779859302 0.165483868255906 -0.00950443883601082 0.165574202613494 -0.375950680926268 96.6861614284808 0.00950443883601082 0.946 1.56249419
-14.6492985971944 -14.6540846946721 0.165355814788157 -0.0047860974777123 0.165378721517223 -0.0864893271615985 96.7610363173386 0.0047860974777123 0.944 1.574536111
-10.4909819639279 -10.4994252747938 0.166098538975431 -0.00844331086591232 0.166169828473809 0.103591604191933 96.3283608555203 0.00844331086591232 0.944 1.56392361
8.34669338677355 8.30990094705027 0.166114508564584 -0.0367924397232819 0.167468192185376 0.000605016458499197 96.319100229462 0.0367924397232819 0.941 1.56526952
6.29258517034068 6.2581170159107 0.165444940574851 -0.034468154429983 0.16663299424466 0.366324371033666 96.7089107977965 0.034468154429983 0.944 1.570100392
4.18837675350701 4.15405428568113 0.16530445504008 -0.0343224678258816 0.166482486837739 -0.178918420241786 96.7910997687305 0.0343224678258816 0.946 1.570908348
0.0300601202404813 0.000552427762999999 0.165500305815546 -0.0295076924774813 0.166371009730892 -0.242841254037768 96.6765585184618 0.0295076924774813 0.949 1.572660289
2.08416833667335 2.05015823806483 0.166004841687907 -0.0340100986085137 0.167161528495268 -1.04401834354344 96.3827309933548 0.0340100986085137 0.944 1.583041031
-4.17835671342685 -4.1984992048942 0.164823665544555 -0.0201424914673476 0.165229385507067 0.404801107612118 97.0734387391411 0.0201424914673476 0.944 1.55824814
-6.23246492985972 -6.24940354637577 0.164791509771212 -0.0169386165160486 0.16507842650069 -0.458275602317215 97.0923806828007 0.0169386165160486 0.947 1.560780022
-2.07414829659319 -2.10099413478027 0.16562978564077 -0.02684583818708 0.166350484668736 -0.165607018152247 96.600982354116 0.02684583818708 0.947 1.563067678
-12.4949899799599 -12.4999498060378 0.166678701569862 -0.00495982607787937 0.166703301444584 -0.179569892816339 95.9930683962868 0.00495982607787937 0.944 1.575864573
-8.33667334669339 -8.34625489737483 0.165458165157335 -0.00958155068144784 0.165549971270796 -0.443161648454593 96.7011811401722 0.00958155068144784 0.948 1.56246724
-14.5991983967936 -14.6041917080741 0.165419332254513 -0.00499331128054514 0.165444265412058 -0.0948298637085121 96.7238821601728 0.00499331128054514 0.946 1.574523072
-10.4408817635271 -10.4493081753655 0.166123906311197 -0.00842641183847981 0.166194910727669 0.11209492591806 96.3136513899898 0.00842641183847981 0.945 1.563261907
8.39679358717435 8.35997701174007 0.166079317150656 -0.0368165754342833 0.167434777377364 0.0172900421514188 96.3395097866754 0.0368165754342833 0.938 1.565388274
6.34268537074148 6.3080706994966 0.165357600505389 -0.0346146712448849 0.166555775970781 0.381359450795027 96.7599913829092 0.0346146712448849 0.944 1.569822727
4.23847695390782 4.20401766269407 0.165255574869985 -0.03445929121375 0.166443017620939 -0.215109728853574 96.8197291533916 0.03445929121375 0.946 1.571305418
0.0801603206412835 0.0505410556726667 0.165446648041481 -0.0296192649686169 0.166323948898762 -0.310261515724358 96.707912728389 0.0296192649686169 0.946 1.573233489
2.13426853707415 2.10024568946433 0.166031765294467 -0.0340228476098159 0.167189319453948 -1.01149396800725 96.3671016303603 0.0340228476098159 0.946 1.582767479
-4.12825651302605 -4.14859526473053 0.164723908696043 -0.0203387517044815 0.165137573516939 0.394731535181803 97.1322264427567 0.0203387517044815 0.939 1.558245074
-6.18236472945892 -6.1994697053951 0.164845945233028 -0.0171049759361823 0.165138525434805 -0.46732374743309 97.0603188169551 0.0171049759361823 0.947 1.561208047
-2.02404809619238 -2.0509743926513 0.165580867534277 -0.0269262964589156 0.166305892975271 -0.179456490201702 96.6295215036714 0.0269262964589156 0.946 1.562885697
-12.4448897795591 -12.4497346050021 0.166650150191732 -0.00484482544301557 0.166673622525305 -0.146161639503978 96.0095144324317 0.00484482544301557 0.944 1.575954048
-8.28657314629259 -8.29623411209163 0.165442745750209 -0.00966096579904807 0.165536080010379 -0.554148402211913 96.7101937739681 0.00966096579904807 0.946 1.562602439
-14.5490981963928 -14.5541270207148 0.165502826620142 -0.00502882432204821 0.165528115694204 -0.143797104436805 96.6750860196652 0.00502882432204821 0.947 1.574767301
-10.3907815631263 -10.3991548567625 0.166100298224845 -0.00837329363621286 0.166170410271163 0.0801360316834421 96.3273405947848 0.00837329363621286 0.944 1.562786386
8.44689378757515 8.41010977434213 0.166139946953314 -0.0367840132330155 0.167493010582841 0.0149673040461096 96.3043524053613 0.0367840132330155 0.936 1.565437981
6.39278557114228 6.35807501939523 0.16529532627309 -0.0347105517470503 0.166500148675674 0.471086228610884 96.7964452519721 0.0347105517470503 0.945 1.569380441
4.28857715430862 4.2540087484044 0.16528085712629 -0.0345684059042197 0.166475831813049 -0.227384458629154 96.8049190825196 0.0345684059042197 0.948 1.571735698
0.130260521042084 0.100551403910967 0.165368035425344 -0.0297091171311173 0.166250667066054 -0.329279567802754 96.7538857122316 0.0297091171311173 0.947 1.573695694
2.18436873747495 2.1503536928822 0.166052936485564 -0.0340150445927514 0.16720995974421 -0.968428937972321 96.354815148909 0.0340150445927514 0.944 1.582677369
-4.07815631262525 -4.09870184935727 0.16461820405439 -0.0205455367320164 0.165040323133997 0.372909729541226 97.1945969882745 0.0205455367320164 0.943 1.558429452
-6.13226452905812 -6.14952796905247 0.164929345802036 -0.017263439994351 0.165227372162475 -0.468900920001958 97.0112378860989 0.017263439994351 0.947 1.561462689
-1.97394789579158 -2.0009096427273 0.165567854911794 -0.0269617469357177 0.166294790709619 -0.187527852403152 96.6371159940679 0.0269617469357177 0.947 1.56269225
-12.3947895791583 -12.3994974594796 0.166588102925376 -0.00470788032128233 0.166610267062496 -0.125609296359241 96.0452740563789 0.00470788032128233 0.947 1.576184705
-8.23647294589178 -8.24620684984213 0.165429902801438 -0.0097339039503499 0.165524651687553 -0.591172429066494 96.7177017519283 0.0097339039503499 0.947 1.562619025
-10.3406813627255 -10.3490579461434 0.166106872532711 -0.00837658341798253 0.166177039682469 0.0813095579206613 96.3235280758729 0.00837658341798253 0.944 1.562134801
-14.498997995992 -14.5041497095799 0.165577771397732 -0.0051517135879493 0.165604311550624 -0.16014378551355 96.6313283778089 0.0051517135879493 0.947 1.575064141
8.49699398797595 8.46024701789633 0.166157071214221 -0.0367469700796175 0.167507411024254 0.00774582430329573 96.2944272132221 0.0367469700796175 0.936 1.565726974
6.44288577154309 6.40802147010277 0.165276653089462 -0.0348643014403196 0.166492172604383 0.485655961459641 96.8073814475143 0.0348643014403196 0.946 1.568844246
4.33867735470942 4.30399748915653 0.16529982089068 -0.034679865552885 0.166502513965447 -0.263622797209506 96.7938132890142 0.034679865552885 0.946 1.572287369
0.180360721442886 0.150526161812933 0.165278529058303 -0.0298345596299529 0.166168630006617 -0.373008834320715 96.8062826500341 0.0298345596299529 0.947 1.573978732
2.23446893787575 2.20042307319123 0.166060806469902 -0.0340458646845203 0.167219927372018 -0.910176516557926 96.3502486837553 0.0340458646845203 0.946 1.582192804
-4.02805611222445 -4.04883104776337 0.164520941965616 -0.0207749355389186 0.164952539912263 0.354594129736274 97.2520568435833 0.0207749355389186 0.944 1.558549807
-6.08216432865731 -6.0995888096976 0.16500057482585 -0.0174244810402868 0.165304187365373 -0.469004608386803 96.9693591485195 0.0174244810402868 0.947 1.561705965
-1.92384769539078 -1.9509095375029 0.165514281876758 -0.0270618421121183 0.166246625175259 -0.20202931635851 96.6683951292713 0.0270618421121183 0.947 1.562598128
-12.3446893787575 -12.3493304532801 0.166517820058547 -0.00464107452261864 0.166539359631272 -0.119489828643038 96.0858122834807 0.00464107452261864 0.944 1.576320923
-8.18637274549098 -8.19617456475313 0.165444754653876 -0.00980181926215273 0.165540830314724 -0.656786372053975 96.7090194758567 0.00980181926215273 0.945 1.562813464
-10.2905811623246 -10.2989455440863 0.166073404642697 -0.00836438176165011 0.166143367524952 0.0734624013638108 96.3429396442109 0.00836438176165011 0.945 1.561746404
-14.4488977955912 -14.4541107209975 0.165596781911594 -0.00521292540631713 0.165623956502886 -0.193953013750786 96.620235099386 0.00521292540631713 0.944 1.575350357
8.54709418837675 8.51036483665037 0.166179241597788 -0.0367293517263878 0.167528286876028 0.0230007988326508 96.281580335561 0.0367293517263878 0.938 1.565709042
6.49298597194389 6.45802299155483 0.165283468902334 -0.0349629803890545 0.166505878900019 0.525113068618233 96.8033893907105 0.0349629803890545 0.944 1.568338111
4.38877755511022 4.3539876404256 0.165373182199151 -0.0347899146846204 0.166583520362914 -0.288860110627914 96.7508745204649 0.0347899146846204 0.946 1.572683731
0.230460921843688 0.200522753485933 0.165193936662259 -0.0299381683577551 0.166090230586876 -0.35945500499211 96.8558551438374 0.0299381683577551 0.946 1.574295313
2.28456913827655 2.2505222832792 0.166115726152339 -0.0340468549973525 0.16727491448755 -0.871872229841647 96.3183942339508 0.0340468549973525 0.946 1.581889431
-3.97795591182365 -3.99893678526957 0.164456373772601 -0.0209808734459194 0.164896570823155 0.33930525453183 97.2902395508469 0.0209808734459194 0.944 1.558765447
-6.03206412825651 -6.04963390402087 0.165071122564443 -0.017569775764354 0.165379819584853 -0.471848378899725 96.9279165939738 0.017569775764354 0.947 1.562015632
-1.87374749498998 -1.9009100421171 0.16546385709839 -0.0271625471271204 0.166201661064823 -0.194809928184109 96.697854628675 0.0271625471271204 0.947 1.562378251
-12.2945891783567 -12.2992006603495 0.166386017254998 -0.0046114819927876 0.166407283021167 -0.0808579338246296 96.1619267289687 0.0046114819927876 0.947 1.576610977
-8.13627254509018 -8.14617321339753 0.165458675185363 -0.00990066830735437 0.165556698418295 -0.682428159085874 96.7008830578103 0.00990066830735437 0.947 1.562917147
-10.2404809619238 -10.24882780283 0.166052560168505 -0.00834684090611937 0.166122229921617 0.0561715743198077 96.3550335132663 0.00834684090611937 0.944 1.561184122
-14.3987975951904 -14.4041138527633 0.165631590677628 -0.00531625757288623 0.165659853272209 -0.283592798895582 96.5999296060683 0.00531625757288623 0.944 1.575654722
8.59719438877756 8.56047201623213 0.166231658554983 -0.0367223725454231 0.167580191200348 0.0211159842675168 96.2512203697216 0.0367223725454231 0.938 1.565813618
6.54308617234469 6.50805774212527 0.165312072891699 -0.0350284302194233 0.166539063815336 0.535551467176276 96.7866394760055 0.0350284302194233 0.944 1.568040566
4.43887775551102 4.40399531197087 0.165397042966434 -0.0348824435401554 0.166613827833766 -0.335787463192355 96.7369168942586 0.0348824435401554 0.947 1.573093839
0.280561122244489 0.250497376597133 0.165117920969219 -0.0300637456473555 0.166021749771568 -0.342271303541319 96.9004448825555 0.0300637456473555 0.947 1.574579471
2.33466933867735 2.30057391271047 0.166162921647184 -0.0340954259668877 0.167325419719048 -0.808329846856681 96.2910367811959 0.0340954259668877 0.946 1.581148851
-3.92785571142285 -3.94910689286203 0.164356130939337 -0.021251181439188 0.164807743651899 0.335934995589005 97.3495780690133 0.021251181439188 0.944 1.55883466
-5.98196392785571 -5.99967768698657 0.165131803440194 -0.0177137591308556 0.16544558070274 -0.488443157521568 96.8922985558909 0.0177137591308556 0.947 1.562315352
-1.82364729458918 -1.8509215614016 0.165377184911893 -0.0272742668124226 0.166121070542048 -0.184728195014988 96.7485328071354 0.0272742668124226 0.949 1.562121719
-12.2444889779559 -12.2490932351442 0.166210147830248 -0.00460425718825519 0.166231347014504 -0.0635969476366849 96.26367709113 0.00460425718825519 0.944 1.576634857
-10.190380761523 -10.1987404822866 0.165998354556911 -0.00835972076355596 0.166068239488156 0.0491443168493255 96.386497581303 0.00835972076355596 0.944 1.560785722
-8.08617234468938 -8.0961460375498 0.165461573088344 -0.00997369286042193 0.165561047637618 -0.696193768386155 96.6991894332906 0.00997369286042193 0.946 1.563067878
-14.3486973947896 -14.3539889628956 0.16568965513771 -0.00529156810602238 0.165717655830731 -0.319581812656067 96.5660770233475 0.00529156810602238 0.946 1.575868092
8.64729458917836 8.6105782090906 0.166239766013077 -0.0367163800877588 0.167587858579826 0.0467615269644006 96.246526229719 0.0367163800877588 0.934 1.565950753
6.59318637274549 6.55805385197763 0.165366252976268 -0.035132520767859 0.166600546991772 0.539798675670333 96.7549286026104 0.035132520767859 0.946 1.567906517
4.48897795591182 4.45403223950813 0.165455322123275 -0.0349457164036915 0.166676525218242 -0.347410824169636 96.7028427654867 0.0349457164036915 0.947 1.573607191
0.330661322645291 0.3004243203991 0.165090670488504 -0.030237002246191 0.16600494679334 -0.378885494251302 96.9164396307554 0.030237002246191 0.944 1.575134715
2.38476953907816 2.3507541922827 0.166188122116562 -0.0340153467954565 0.167345165934177 -0.69762092496693 96.2764353807299 0.0340153467954565 0.946 1.580490131
-3.87775551102204 -3.8992678552348 0.164299847013566 -0.0215123442127569 0.164762627967094 0.324918998138091 97.3829269523234 0.0215123442127569 0.945 1.558962558
-5.93186372745491 -5.94969559520023 0.165191199065748 -0.0178318677453229 0.165509174573035 -0.480837071514795 96.857460267189 0.0178318677453229 0.947 1.562549231
-1.77354709418838 -1.80092213444317 0.165335164536158 -0.0273750402547899 0.166084557365109 -0.171954108920613 96.7731217063682 0.0273750402547899 0.948 1.561998099
-12.1943887775551 -12.1989338193011 0.166063677913657 -0.00454504174599002 0.16608433531813 -0.0409427249408123 96.3485826703116 0.00454504174599002 0.944 1.576697221
-10.1402805611222 -10.1486321965905 0.165948027908111 -0.00835163546822315 0.166017777723105 0.045692470238079 96.4157284765056 0.00835163546822315 0.944 1.56042269
-8.03607214428858 -8.0461695796618 0.165476271571984 -0.0100974353732237 0.1655782297731 -0.716121801667757 96.6906000963398 0.0100974353732237 0.945 1.563262988
-14.2985971943888 -14.3038981149632 0.165755418987247 -0.00530092057438836 0.165783518746183 -0.511571044793158 96.5277642067981 0.00530092057438836 0.947 1.576263
8.69739478957916 8.6607566880584 0.16632803176391 -0.0366381015207597 0.167670382246955 0.00671590336295269 96.1954508228102 0.0366381015207597 0.935 1.566159906
6.64328657314629 6.6080622415088 0.165440166169854 -0.0352243316374947 0.166680919709162 0.53998204651825 96.7117017011042 0.0352243316374947 0.944 1.567710235
4.53907815631263 4.50407547786267 0.165501934691294 -0.0350026784499597 0.166727122189966 -0.383904546196656 96.6756070244393 0.0350026784499597 0.947 1.573968948
0.380761523046093 0.350421339889667 0.165036003695073 -0.0303401831564266 0.165956530409039 -0.378470690283794 96.9485423893456 0.0303401831564266 0.947 1.575284614
2.43486973947896 2.40089546023783 0.166237179430898 -0.0339742792411255 0.167391431080852 -0.584320764825164 96.2480237861043 0.0339742792411255 0.944 1.579788819
-3.82765531062124 -3.84945210415067 0.164241627860796 -0.0217967935294241 0.16471672806896 0.305202611254785 97.4174465292132 0.0217967935294241 0.945 1.55925552
-5.88176352705411 -5.89971609114853 0.16527262904318 -0.0179525640944247 0.165594923600745 -0.477457923644786 96.8097385067901 0.0179525640944247 0.947 1.562653748
-1.72344689378757 -1.75094779742833 0.165279281452166 -0.0275009036407587 0.166035581153224 -0.172928777665177 96.8058419628999 0.0275009036407587 0.944 1.561735716
-12.1442885771543 -12.1488585884334 0.165887861938944 -0.00457001127909251 0.165908746942035 -0.0204913151831132 96.4506975554902 0.00457001127909251 0.944 1.576644711
-10.0901803607214 -10.098585053132 0.165885856140078 -0.00840469241058983 0.165956494994595 0.0452155759149475 96.4518637833064 0.00840469241058983 0.944 1.560168715
-7.98597194388778 -7.9961492632476 0.165481932424632 -0.0101773193598245 0.165585510253984 -0.750780426410996 96.687292477003 0.0101773193598245 0.945 1.563346543
-14.248496993988 -14.2538316092522 0.165823226097836 -0.00533461526425683 0.165851684217853 -0.57147720287396 96.4882928436093 0.00533461526425683 0.947 1.576688255
8.74749498997996 8.71089187700373 0.166374449098349 -0.0366031129762252 0.167714236977899 0.0166760923220988 96.1686129493474 0.0366031129762252 0.934 1.566398785
6.69338677354709 6.65803887029293 0.16546584363494 -0.0353479032541602 0.166715317899406 0.548772501093298 96.6966937013301 0.0353479032541602 0.945 1.567446723
4.58917835671343 4.55409110518363 0.165556438816034 -0.035087251529796 0.166787554035949 -0.431989932495985 96.6437796948459 0.035087251529796 0.946 1.574518548
0.430861723446894 0.400353156174567 0.164992969173188 -0.030508567272327 0.165923741850198 -0.407966383176689 96.9738291284723 0.030508567272327 0.946 1.575665239
2.48496993987976 2.45104764692267 0.16626134265905 -0.0339222929570946 0.167412064618517 -0.416407600225921 96.2340357903341 0.0339222929570946 0.944 1.579135587
-3.77755511022044 -3.79961445652543 0.164216897920139 -0.0220593463049932 0.164703512679543 0.297663133319914 97.4321169297753 0.0220593463049932 0.947 1.559453659
-5.83166332665331 -5.84971554647733 0.165311193610587 -0.0180522198240274 0.165637076251162 -0.477412934441224 96.787154278797 0.0180522198240274 0.947 1.562828119
-1.67334669338677 -1.70096845107853 0.16528165727576 -0.027621757691761 0.166044618773742 -0.158902705082242 96.8044504376263 0.027621757691761 0.945 1.561829494
-12.0941883767535 -12.0988086606218 0.165700080203555 -0.00462028386825963 0.165721427226578 -0.0166993031005758 96.5600015422125 0.00462028386825963 0.944 1.576570681
-10.0400801603206 -10.0484910727833 0.165837961069098 -0.00841091246269166 0.165908704517553 0.0452890182666588 96.4797197026164 0.00841091246269166 0.943 1.559965419
-7.93587174348697 -7.94615436987023 0.165490173222242 -0.0102826263832592 0.16559590562758 -0.750764745765892 96.682477807991 0.0102826263832592 0.945 1.56339046
-14.1983967935872 -14.2037554834755 0.165866863577816 -0.00535868988832711 0.165895579135136 -0.650357349651948 96.4629079906223 0.00535868988832711 0.945 1.576872566
6.7434869739479 6.70810914599417 0.165494659175392 -0.0353778279537291 0.166746249886115 0.538392923560504 96.6798571006642 0.0353778279537291 0.944 1.567442794
8.79759519038076 8.76106812307987 0.166472495999316 -0.0365270673008951 0.167806722644921 -0.0170694586966558 96.1119727553415 0.0365270673008951 0.939 1.56646778
4.63927855711423 4.6041043135394 0.165648650196332 -0.0351742435748275 0.166885877607393 -0.454803868943388 96.5899811500805 0.0351742435748275 0.944 1.574738648
0.480961923847696 0.450329426030567 0.164961007784905 -0.0306324978171292 0.165899357707422 -0.414513313222364 96.9926179213369 0.0306324978171292 0.946 1.576013594
2.53507014028056 2.5011449242418 0.166271735419675 -0.0339252160387633 0.167422655702952 -0.222252214385332 96.2280207132948 0.0339252160387633 0.944 1.578288856
-3.72745490981964 -3.7498277976792 0.164191949546166 -0.0223728878595617 0.164692495657342 0.279736852932622 97.4469213881967 0.0223728878595617 0.943 1.55977907
-5.78156312625251 -5.79970626398823 0.165377395423894 -0.018143137735728 0.165706568870791 -0.477431159235997 96.7484096541065 0.018143137735728 0.947 1.562933428
-1.62324649298597 -1.65100064256347 0.165291843629141 -0.0277541495774947 0.16606213644791 -0.130568666660669 96.7984847207503 0.0277541495774947 0.944 1.561524686
-12.0440881763527 -12.048827778077 0.165513875783698 -0.00473960172432797 0.165536339608204 0.0058725028323825 96.6686323079617 0.00473960172432797 0.944 1.576416288
-9.98997995991984 -9.99847724752437 0.165813307159346 -0.00849728760452706 0.16588551105598 0.04618278755667 96.4940647654053 0.00849728760452706 0.943 1.559959372
-7.88577154308617 -7.89611818072803 0.165466215220709 -0.0103466376418604 0.165573268131201 -0.756694579278899 96.6964765505649 0.0103466376418604 0.945 1.563459278
-14.1482965931864 -14.1536548505898 0.165919619733742 -0.00535825740342766 0.165948330656144 -0.678915344652592 96.4322364387998 0.00535825740342766 0.944 1.577159747
8.84769539078156 8.81122391046947 0.166545893275729 -0.0364714803120965 0.167876062151885 -0.0284586419641297 96.0696159196839 0.0364714803120965 0.939 1.566517597
6.7935871743487 6.7581171286992 0.165522153123964 -0.0354700456494976 0.166780277262341 0.52277030694271 96.663798156475 0.0354700456494976 0.944 1.567377949
4.68937875751503 4.6541818727254 0.165715654440065 -0.03519688478963 0.166954475138959 -0.490377553998833 96.5509266705203 0.03519688478963 0.946 1.575290419
0.531062124248498 0.5002074910151 0.164909571033121 -0.0308546332333981 0.165861579425089 -0.435480393968579 97.0228707755629 0.0308546332333981 0.947 1.576477276
2.58517034068136 2.55131126224293 0.166325853525926 -0.0338590784384287 0.167472290718626 -0.0198370839285922 96.1967106184485 0.0338590784384287 0.944 1.577201183
-3.67735470941884 -3.7000375224211 0.164152130839759 -0.0226828130022625 0.164666640845455 0.279718384290306 97.4705592802738 0.0226828130022625 0.947 1.560001702
-5.7314629258517 -5.74969523144517 0.16541964224527 -0.0182323055934637 0.165752059212524 -0.477452420419622 96.7237009029226 0.0182323055934637 0.945 1.563021385
-1.57314629258517 -1.60099171381437 0.165316762278077 -0.0278454212291968 0.166092129761509 -0.100220451158917 96.7838940196918 0.0278454212291968 0.942 1.561513179
-11.9939879759519 -11.9987940850266 0.165348027660916 -0.00480610907469625 0.165371126345354 0.0355800606757883 96.7655933145548 0.00480610907469625 0.944 1.575955777
-9.93987975951904 -9.94839312888217 0.165769710253847 -0.00851336936312919 0.16584218771176 0.0519500511881543 96.5194423969183 0.00851336936312919 0.941 1.559900316
-7.83567134268537 -7.8460887186442 0.165459242800003 -0.0104173759588297 0.165567764521871 -0.763856791408607 96.7005513215105 0.0104173759588297 0.945 1.563482894
-14.0981963927856 -14.1035328014383 0.16595217837946 -0.00533640865269547 0.165980655636769 -0.739354351648436 96.4133171148555 0.00533640865269547 0.945 1.577590601
6.8436873747495 6.80820497233453 0.165569958805036 -0.0354824024149663 0.166828959686174 0.506240970464611 96.6358880287003 0.0354824024149663 0.944 1.56739052
8.89779559118237 8.86144050228533 0.166659084015589 -0.0363550888970323 0.1679807765043 -0.0713355057555987 96.0043678057382 0.0363550888970323 0.937 1.566377199
4.73947895791583 4.7042525446245 0.165801599598982 -0.0352264132913325 0.167042499792354 -0.524539570453225 96.500878391394 0.0352264132913325 0.946 1.575414475
0.581162324649299 0.550153800809133 0.164880845462039 -0.0310085238401652 0.165842374012785 -0.450964527288938 97.0397741178717 0.0310085238401652 0.945 1.576907518
2.63527054108216 2.60144108037257 0.166343322115967 -0.0338294607095975 0.167487754527869 0.0276010222629242 96.1866084942414 0.0338294607095975 0.945 1.576391272
-3.62725450901804 -3.6502151484573 0.164139356846179 -0.0229606394392645 0.164666547809639 0.273862864206964 97.4781448363671 0.0229606394392645 0.947 1.560348614
-5.6813627254509 -5.69966164806813 0.165471976964621 -0.0182989226172321 0.165806827533572 -0.472853862182482 96.6931095735982 0.0182989226172321 0.947 1.563116947
-1.52304609218437 -1.5509761026867 0.165342279442612 -0.0279300105023323 0.166122364929272 -0.078622037724646 96.768957425396 0.0279300105023323 0.942 1.561116426
-11.9438877755511 -11.9488207073787 0.165170738330072 -0.0049329318275646 0.165195072146487 0.099567453166749 96.8694586084983 0.0049329318275646 0.944 1.575381835
-9.88977955911824 -9.89831446569927 0.16577224202526 -0.00853490658103162 0.165845086655607 0.0707004765285735 96.5179682950896 0.00853490658103162 0.942 1.559825877
-7.78557114228457 -7.79606906963247 0.165425892134 -0.010497927347898 0.165536098612602 -0.763841986749009 96.7200466238955 0.010497927347898 0.945 1.563459544
-14.0480961923848 -14.0534902621704 0.165984930284353 -0.00539406978563051 0.166014026273205 -0.761192583392145 96.3942929794291 0.00539406978563051 0.946 1.577846107
6.8937875751503 6.85817097448283 0.165589415443297 -0.0356166006674687 0.166857957686403 0.460859766620514 96.6245333807515 0.0356166006674687 0.944 1.56739633
8.94789579158317 8.91168425318423 0.16674411952586 -0.0362115383989341 0.168055395039078 -0.0966478541864157 95.9554078758295 0.0362115383989341 0.939 1.566191376
4.78957915831663 4.7542983131282 0.165865300947848 -0.0352808451884341 0.167110038985058 -0.552796890094714 96.4638167752206 0.0352808451884341 0.944 1.575602731
0.631262525050101 0.600022200029933 0.164814752971119 -0.0312403250201674 0.165790710878484 -0.486037164186043 97.0786881123667 0.0312403250201674 0.947 1.577264352
2.68537074148297 2.65161967155057 0.166388179649481 -0.0337510699323995 0.167527314371062 0.0572585127274539 96.1606770006509 0.0337510699323995 0.944 1.575800891
-3.57715430861723 -3.6004154930634 0.16413313535844 -0.0232611844461665 0.164674218060278 0.25893571510569 97.4818397580637 0.0232611844461665 0.945 1.560595372
-5.6312625250501 -5.64964221807227 0.16552056362913 -0.0183796930221662 0.165858376744719 -0.468900462081534 96.6647264194317 0.0183796930221662 0.947 1.563143084
-1.47294589178357 -1.50096352324177 0.165376389450661 -0.0280176314581995 0.166161377123188 -0.0328696487393143 96.7489981680457 0.0280176314581995 0.945 1.561103633
-11.8937875751503 -11.8989442931886 0.165064375114016 -0.00515671803830031 0.165090966854943 0.103859619673485 96.9318787833426 0.00515671803830031 0.945 1.574888281
-9.83967935871743 -9.84829626554773 0.165750052681618 -0.00861690683029792 0.16582430376494 0.0625511466644135 96.5308893791648 0.00861690683029792 0.942 1.559794863
-7.73547094188377 -7.7460541179079 0.16542396974103 -0.0105831760241326 0.165535973355788 -0.76561093617345 96.7211706081525 0.0105831760241326 0.944 1.563598969
-13.997995991984 -14.0033549986423 0.165971719915249 -0.00535900665829914 0.166000438867613 -0.798043485402228 96.4019653960938 0.00535900665829914 0.944 1.577889546
6.9438877755511 6.90826033355243 0.16563506124279 -0.0356274419986713 0.166904375866159 0.416621658831329 96.5979055397395 0.0356274419986713 0.947 1.567489021
8.99799599198397 8.96187289621363 0.166782060121415 -0.0361230957703373 0.168086938169448 -0.104919781921026 95.9335793571098 0.0361230957703373 0.939 1.56583484
4.83967935871744 4.8043646615019 0.165969832084159 -0.0353146972155365 0.167216959923585 -0.56032578650253 96.4030619244512 0.0353146972155365 0.946 1.57563808
0.681362725450903 0.649943596330633 0.164797916849245 -0.0314191291202696 0.165785078523921 -0.544741010571143 97.0886058871519 0.0314191291202696 0.945 1.577946547
2.73547094188377 2.7017931183851 0.166407456506944 -0.0336778234986688 0.167541652302552 0.0626727062991828 96.1495376220254 0.0336778234986688 0.944 1.575166795
-3.52705410821643 -3.55058047168893 0.164155363144386 -0.0235263634725005 0.164708852922626 0.258818471819311 97.4686400341785 0.0235263634725005 0.944 1.560868927
-5.5811623246493 -5.5995994716495 0.165569545982182 -0.0184371470002018 0.165909474371689 -0.461531741184129 96.6361289758071 0.0184371470002018 0.946 1.563173701
-1.42284569138276 -1.450951430501 0.165392207608294 -0.0281057391182351 0.166182140179676 0.0159771970857814 96.7397450664273 0.0281057391182351 0.942 1.560823629
-11.8436873747495 -11.848995029212 0.164952910686077 -0.00530765446253412 0.164981081881971 0.148893037702591 96.9973790304901 0.00530765446253412 0.944 1.574494259
-9.78957915831663 -9.7982120830986 0.165762427699704 -0.0086329247819652 0.165836955089995 0.0923497359385239 96.5236828516153 0.0086329247819652 0.941 1.559883132
-7.68537074148297 -7.6960619852677 0.165374551309246 -0.0106912437847342 0.16548885400291 -0.748819690961899 96.7500735350778 0.0106912437847342 0.944 1.563421548
-13.9478957915832 -13.9532750587808 0.165980906381493 -0.00537926719766801 0.166009842897077 -0.776637650016881 96.3966298823878 0.00537926719766801 0.944 1.577943801
6.9939879759519 6.9583045272166 0.165642029322712 -0.0356834487353028 0.166915337836357 0.340473730755997 96.5938419459229 0.0356834487353028 0.947 1.56760746
9.04809619238477 9.0121057382696 0.166854244086423 -0.0359904541151685 0.168149556873839 -0.156507222222724 95.8920768698743 0.0359904541151685 0.941 1.565771353
4.88977955911824 4.85446612718167 0.166094193183146 -0.0353134319365722 0.167341231658284 -0.604797131256896 96.3308812509624 0.0353134319365722 0.947 1.575782404
0.731462925851703 0.699865503351533 0.164793191420378 -0.0315974225001701 0.165791588529032 -0.629116221263576 97.0913898935602 0.0315974225001701 0.947 1.57831363
2.78557114228457 2.75198915204543 0.166411636474851 -0.0335819902391377 0.167539386543273 0.103475953821974 96.1471225145842 0.0335819902391377 0.945 1.574417884
-3.47695390781563 -3.50076196242243 0.164203305884072 -0.0238080546068029 0.164770129348232 0.25589308857269 97.4401819369949 0.0238080546068029 0.944 1.561082182
-5.5310621242485 -5.54956190110413 0.165618145693776 -0.018499776855637 0.165960387437484 -0.460669559297605 96.6077716483048 0.018499776855637 0.946 1.563127151
-1.37274549098196 -1.40095841924193 0.165387379983829 -0.0282129282599706 0.166183349304832 0.104213847227475 96.7425688801914 0.0282129282599706 0.944 1.560746333
-11.7935871743487 -11.7990716223308 0.164839724704605 -0.00548444798206837 0.164869803874273 0.168747628176535 97.0639815655613 0.00548444798206837 0.944 1.573954133
-9.73947895791583 -9.74822243972277 0.16574712653608 -0.00874348180693474 0.165823575010189 0.082823132910792 96.5325935621398 0.00874348180693474 0.941 1.560026656
-7.63527054108216 -7.64603145030553 0.165341960706203 -0.0107609092233689 0.165457757873516 -0.746016304452907 96.769143970843 0.0107609092233689 0.942 1.563394902
-13.8977955911824 -13.9031937032971 0.165946562709716 -0.00539811211470109 0.165975702324119 -0.813028710162172 96.4165797636205 0.00539811211470109 0.944 1.578140331
7.04408817635271 7.00837813755897 0.165650137660399 -0.0357100387937388 0.16692534453105 0.21241425257148 96.5891138152975 0.0357100387937388 0.947 1.567739885
9.09819639278557 9.062348226049 0.16687501464458 -0.0358481667365709 0.168160105702953 -0.187116128191933 95.8801413985052 0.0358481667365709 0.939 1.565631717
4.93987975951904 4.90459780738777 0.166195452152695 -0.0352819521312711 0.167440268298888 -0.614299653070416 96.2721891168223 0.0352819521312711 0.946 1.575763477
0.781563126252506 0.749747823442367 0.164752966111567 -0.0318153028101389 0.165765179604467 -0.707777110608759 97.115095270365 0.0318153028101389 0.949 1.578884076
2.83567134268537 2.80214668822487 0.166446695113649 -0.0335246544605066 0.167570597570346 0.122890566558731 96.1268710626861 0.0335246544605066 0.944 1.573713135
-3.42685370741483 -3.45090661762243 0.16427129534927 -0.0240529102076033 0.164849837838725 0.250057365944256 97.3998528834949 0.0240529102076033 0.945 1.561370929
-5.4809619238477 -5.49950754960247 0.165670522247072 -0.0185456257547711 0.166014462481708 -0.446213085953312 96.5772292076104 0.0185456257547711 0.945 1.563052788
-1.32264529058116 -1.35092323171493 0.165464692180409 -0.028277941133771 0.166264334135174 0.282319016794286 96.6973666052871 0.028277941133771 0.946 1.560481556
-11.7434869739479 -11.7491329808064 0.164769595036693 -0.00564600685847161 0.164801472430139 0.228169700628822 97.1052941923956 0.00564600685847161 0.944 1.573330907
-9.68937875751503 -9.6981291252505 0.165805555305516 -0.00875036773546967 0.165882124241022 0.0734487139774975 96.4985761213982 0.00875036773546967 0.941 1.56029091
-7.58517034068136 -7.5960562621285 0.165309452790955 -0.0108859214471373 0.165427956076708 -0.742999455538179 96.7881735125764 0.0108859214471373 0.944 1.563126033
-13.8476953907816 -13.8531481590557 0.165961302994507 -0.00545276827416963 0.165991035676358 -0.778697450066113 96.4080162743095 0.00545276827416963 0.944 1.578119626
7.09418837675351 7.05840653795613 0.165618606119294 -0.0357818387973738 0.166898946107016 0.109581732767239 96.6075030753203 0.0357818387973738 0.946 1.567825045
9.14829659318637 9.11256987917407 0.166924028503062 -0.0357267140123056 0.16820042659718 -0.227603042230295 95.8519881378639 0.0357267140123056 0.941 1.565629904
4.98997995991984 4.95470927813213 0.166288346181363 -0.035270681787706 0.167532367175132 -0.578300841507795 96.2184083696975 0.035270681787706 0.946 1.575691569
0.831663326653308 0.799676596413167 0.164752363550638 -0.0319867302401411 0.165775514462094 -0.838094386825983 97.1154504565407 0.0319867302401411 0.949 1.579139584
2.88577154308617 2.85226162477917 0.166433441061231 -0.0335099183070051 0.167556355686173 0.155956836668036 96.1345261984555 0.0335099183070051 0.944 1.573053885
-3.37675350701403 -3.40106568793323 0.164334424359362 -0.0243121809192055 0.16492550650041 0.234384943866051 97.3624367649937 0.0243121809192055 0.941 1.561640314
-5.43086172344689 -5.4494697915223 0.16570219228617 -0.0186080680754062 0.166048452483669 -0.436148625088406 96.5587707636829 0.0186080680754062 0.942 1.563003784
-1.27254509018036 -1.300943244744 0.165509313676075 -0.0283981545636398 0.166315768858696 0.414252685015515 96.6712968873414 0.0283981545636398 0.944 1.560443944
-11.6933867735471 -11.6992434872877 0.164691497439802 -0.00585671374060581 0.164725798535641 0.238528479242528 97.1513420469587 0.00585671374060581 0.944 1.572777307
-9.63927855711423 -9.64806479972893 0.165818966164448 -0.00878624261470584 0.165896164223733 0.0715158690657747 96.4907716535407 0.00878624261470584 0.941 1.560480057
-7.53507014028056 -7.5460656672673 0.165248739539935 -0.010995526986739 0.165369641153651 -0.709763095808508 96.8237339936463 0.010995526986739 0.942 1.562898023
-13.7975951903808 -13.8030590439999 0.165862812003888 -0.00546385361917245 0.165892665700259 -0.797457046551353 96.4652643150954 0.00546385361917245 0.946 1.578053952
7.14428857715431 7.10843782391023 0.165611224342107 -0.0358507532440759 0.166896500850274 0.0444982885349998 96.6118091546045 0.0358507532440759 0.946 1.567840536
9.19839679358718 9.1627882610695 0.166959989085826 -0.035608532517676 0.168227956673889 -0.233910104419671 95.8313431116431 0.035608532517676 0.938 1.565239557
5.04008016032064 5.00491351654323 0.166399033096544 -0.0351666437774085 0.167635725931111 -0.600746919177053 96.1544048799664 0.0351666437774085 0.946 1.575683166
0.881763527054108 0.8495882977018 0.164776351215955 -0.0321752293523082 0.165811596599829 -0.928715307841654 97.1013126697438 0.0321752293523082 0.946 1.579540476
2.93587174348697 2.902439800769 0.166411111129797 -0.0334319427179737 0.167528805923695 0.156313744622616 96.1474260424857 0.0334319427179737 0.945 1.572595579
-3.32665330661323 -3.35122519204487 0.164383278143882 -0.0245718854316408 0.164987055697548 0.21012052095426 97.3335011970951 0.0245718854316408 0.941 1.561787971
-5.38076152304609 -5.39940730426913 0.165729451175756 -0.0186457812230421 0.166077116333174 -0.411704968315624 96.5428889463466 0.0186457812230421 0.942 1.562947582
-1.22244488977956 -1.25092584248903 0.165577088697035 -0.0284809527094754 0.166388253364274 0.480255554538156 96.6317268041597 0.0284809527094754 0.942 1.560436653
-9.58917835671343 -9.5979783581721 0.165867151259123 -0.00880000145867399 0.165944591284795 0.0536130480471408 96.4627406845875 0.00880000145867399 0.939 1.560792328
-11.6432865731463 -11.649343546966 0.164681420231871 -0.00605697381970671 0.164718107163724 0.281008124358595 97.1572869451334 0.00605697381970671 0.947 1.572171758
-7.48496993987976 -7.49609593457243 0.16518614070072 -0.0111259946926738 0.165309928458622 -0.684809335390191 96.8604262568755 0.0111259946926738 0.942 1.56260048
-13.74749498998 -13.7529339296316 0.165874023976186 -0.00543893965167364 0.165903606040721 -0.751380254951406 96.4587439097579 0.00543893965167364 0.949 1.577810696
7.19438877755511 7.15846435350433 0.165531516747565 -0.0359244240507781 0.166822080990945 0.0356211141660734 96.6583301740658 0.0359244240507781 0.946 1.567828525
9.24849699398798 9.21304443217533 0.166990433195956 -0.0354525618126438 0.168247317335035 -0.251689743340111 95.8138720511297 0.0354525618126438 0.941 1.565101689
5.09018036072144 5.05505666305417 0.166462586410781 -0.0351236976672773 0.167696260548603 -0.584984830490032 96.1176943419389 0.0351236976672773 0.946 1.575554601
0.93186372745491 0.899563626847367 0.164849465107322 -0.0323001006075437 0.16589276160658 -0.973461256755753 97.0582463800141 0.0323001006075437 0.948 1.579764755
2.98597194388778 2.95259629847373 0.166425771351798 -0.0333756454140426 0.167539705058602 0.218385165663637 96.1389565452486 0.0333756454140426 0.945 1.5717543
-3.27655310621243 -3.30135985121967 0.164491466238438 -0.0248067450072411 0.165106840836292 0.18406337964042 97.2694837360577 0.0248067450072411 0.94 1.562115624
-5.33066132264529 -5.34937475645803 0.165764539631241 -0.0187134338127422 0.166114732236305 -0.398332841085181 96.5224530867309 0.0187134338127422 0.942 1.562912014
-1.17234468937876 -1.2009082733546 0.165592739648018 -0.0285635839758425 0.166408617977563 0.502906304279993 96.6225936838139 0.0285635839758425 0.944 1.560534158
-9.53907815631263 -9.54790195959037 0.165890499773351 -0.00882380327774079 0.165968359277636 0.0625376485223206 96.4491638873839 0.00882380327774079 0.941 1.560987416
-11.5931863727455 -11.5994582529841 0.164644930190732 -0.00627188023860903 0.16468426667246 0.324585957557288 97.1788197879209 0.00627188023860903 0.946 1.571484311
-7.43486973947896 -7.44610247781763 0.165108831377964 -0.0112327383386752 0.165235005788549 -0.679045810639967 96.9057794575091 0.0112327383386752 0.942 1.562279713
-13.6973947895792 -13.7028543854427 0.165836744231007 -0.00545959586350797 0.165866551418 -0.695983828675711 96.4804276289477 0.00545959586350797 0.949 1.577721724
7.24448897795591 7.20848444719577 0.165506796692001 -0.0360045307601471 0.166803122927259 0.0173686622384039 96.6727670391394 0.0360045307601471 0.946 1.567809331
9.29859719438878 9.26332348743053 0.167043627859423 -0.0352737069582467 0.168287862261999 -0.270980559729816 95.7833603414369 0.0352737069582467 0.944 1.564997733
5.14028056112225 5.10530751241247 0.166531569952662 -0.0349730487097792 0.167754684088719 -0.603581842619744 96.0778788343143 0.0349730487097792 0.946 1.57557448
0.981963927855713 0.949430516455233 0.164878664322635 -0.0325334114004793 0.165937087179987 -1.01986253829802 97.0410578332391 0.0325334114004793 0.95 1.580081881
3.03607214428858 3.00278337997043 0.166412242202441 -0.033288764318145 0.16752038403227 0.251931304894792 96.1467725465531 0.033288764318145 0.945 1.571206918
-3.22645290581162 -3.25148070476357 0.16455982088106 -0.0250277989519434 0.165186211601439 0.183417303542777 97.229080065446 0.0250277989519434 0.94 1.562350231
-5.28056112224449 -5.2992900764506 0.165778775833606 -0.0187289542061109 0.166129549559261 -0.385655721203321 96.5141642501896 0.0187289542061109 0.943 1.562811022
-1.12224448897796 -1.15083741221697 0.165627034079841 -0.0285929232390114 0.166444589339193 0.557185632427959 96.6025871856594 0.0285929232390114 0.947 1.560435619
-9.48897795591182 -9.49778388217943 0.165953569508011 -0.00880592626760901 0.166031113845442 0.0412450849292867 96.4125089170055 0.00880592626760901 0.941 1.561266327
-11.5430861723447 -11.5495847539619 0.164621632875316 -0.00649858161724381 0.164663864438352 0.369133692777512 97.1925725710567 0.00649858161724381 0.944 1.570774926
-7.38476953907816 -7.39614607615497 0.165033035926369 -0.0113765370768109 0.165162461522229 -0.676646381861018 96.9502858030106 0.0113765370768109 0.942 1.561913019
-13.6472945891784 -13.6527696123201 0.165829980062038 -0.00547502314177706 0.165859955940441 -0.655939893097818 96.4843630446936 0.00547502314177706 0.946 1.577515218
7.29458917835671 7.25849126193877 0.165472195367375 -0.0360979164179458 0.166775254937092 -0.00189144587290357 96.692981950698 0.0360979164179458 0.946 1.567757539
9.34869739478958 9.31359418806227 0.167040112626606 -0.035103206727312 0.168272347749146 -0.276258214074304 95.7853760298026 0.035103206727312 0.943 1.5647918
5.19038076152305 5.1554574814011 0.166543000249903 -0.0349232801219488 0.167762635744379 -0.554496614145983 96.0712847492327 0.0349232801219488 0.946 1.575512365
1.03206412825651 0.999338888428067 0.164944413714275 -0.0327252398284482 0.166015355036104 -1.03541621800891 97.0023757683361 0.0327252398284482 0.949 1.580104073
3.08617234468938 3.05286342628237 0.166385088669588 -0.0333089184070139 0.167494572715033 0.238381779329977 96.1624634030352 0.0333089184070139 0.945 1.570641157
-3.17635270541082 -3.20161772473717 0.164670078520329 -0.0252650193263459 0.16530839972189 0.159784428255572 97.1639786886039 0.0252650193263459 0.941 1.562474912
-5.23046092184369 -5.2492325095751 0.165797690360775 -0.018771587731413 0.166150062866733 -0.346498317087224 96.5031537241808 0.018771587731413 0.942 1.562704037
-1.07214428857715 -1.10076565369393 0.165687005795431 -0.0286213651167804 0.166506188336579 0.604563840087247 96.5676211190319 0.0286213651167804 0.944 1.560497115
-9.43887775551102 -9.44769127207247 0.166027312853038 -0.00881351656144425 0.166104990927217 0.0329270984366636 96.3696859574102 0.00881351656144425 0.941 1.561629719
-11.4929859719439 -11.4997111674514 0.164619222102706 -0.00672519550751183 0.16466445035732 0.416008652296029 97.1939959114715 0.00672519550751183 0.944 1.570399559
-7.33466933867735 -7.3461839259857 0.164929371243569 -0.0115145873083451 0.16506195696445 -0.652274747052795 97.0112229214232 0.0115145873083451 0.942 1.561320542
-13.5971943887776 -13.6027434492449 0.165763175056526 -0.00554906046731141 0.165793967128596 -0.613059838410995 96.5232476667022 0.00554906046731141 0.944 1.577339598
7.34468937875751 7.30852565363697 0.165466282599195 -0.0361637251205487 0.16677409761379 -0.0428892319239149 96.6964371753995 0.0361637251205487 0.946 1.567679277
9.39879759519038 9.36383323567623 0.167052672308024 -0.0349643595141469 0.168275178744259 -0.264357468504578 95.7781745059306 0.0349643595141469 0.944 1.564614282
5.24048096192385 5.20574531891513 0.166618719418957 -0.0347356430087133 0.167825284314186 -0.557712335790761 96.0276255620987 0.0347356430087133 0.946 1.575565695
1.08216432865731 1.04924143793427 0.16497816275939 -0.0329228907230468 0.166062079492952 -1.05217243960095 96.9825323084422 0.0329228907230468 0.949 1.580452177
3.13627254509018 3.1030542953778 0.166309486851312 -0.033218249712379 0.167412938965266 0.260977824700537 96.2061774281388 0.033218249712379 0.944 1.570086507
-3.12625250501002 -3.15170643513313 0.164773167818474 -0.0254539301231129 0.165421070377186 0.129183670877675 97.1031886552474 0.0254539301231129 0.944 1.562629573
-5.18036072144289 -5.1991638060577 0.165824157756755 -0.0188030846148139 0.166177713747787 -0.339022920011023 96.4877507381653 0.0188030846148139 0.943 1.562524271
-1.02204408817635 -1.05072649510847 0.165717092888627 -0.0286824069321141 0.166539773356047 0.611500374960594 96.5500885943796 0.0286824069321141 0.945 1.560740981
-9.38877755511022 -9.39757821986293 0.166039659787782 -0.00880066475271235 0.166117111487872 0.0151374145218264 96.3625197765993 0.00880066475271235 0.941 1.561943106
-11.4428857715431 -11.4498616739501 0.16466605836354 -0.00697590240701373 0.164714721577932 0.463541861096994 97.1663508497675 0.00697590240701373 0.944 1.569866041
-7.28456913827655 -7.29626871888027 0.164843134667347 -0.0116995806037137 0.16498001485365 -0.625647099260668 97.0619736896412 0.0116995806037137 0.942 1.560838951
-13.5470941883768 -13.5526634753627 0.165730563365917 -0.00556928698594561 0.165761580323448 -0.509836061034169 96.542241063126 0.00556928698594561 0.945 1.576860998
7.39478957915832 7.35854850784747 0.165415256091541 -0.0362410713108501 0.166728671341299 -0.0368896441166833 96.7262656302125 0.0362410713108501 0.938 1.567557362
9.44889779559118 9.41409298627987 0.167050763616055 -0.034804809311316 0.168262138367252 -0.267568490777326 95.7792688501202 0.034804809311316 0.944 1.564391041
5.29058116232465 5.25596419722153 0.166619241018206 -0.0346169651031163 0.167817575291156 -0.57505289217305 96.0273249489339 0.0346169651031163 0.947 1.575363422
1.13226452905812 1.09925104046157 0.165025774629267 -0.033013488596549 0.166115665058581 -1.07703893608755 96.9545517113571 0.033013488596549 0.949 1.580545661
3.18637274549098 3.15320350958597 0.166273589476598 -0.0331692359050146 0.16737378768712 0.270734756441937 96.2269477092867 0.0331692359050146 0.945 1.569529951
-3.07615230460922 -3.10178625729843 0.164880233244142 -0.0256339526892151 0.165537332774615 0.126613980438461 97.040134436906 0.0256339526892151 0.944 1.56276193
-5.13026052104208 -5.1490849683172 0.165855617749387 -0.018824447275116 0.166209977564601 -0.324707748391201 96.4694486512749 0.018824447275116 0.943 1.56234055
-0.97194388777555 -1.00065031561777 0.165765509642871 -0.0287064278422162 0.166589568642331 0.640347562723553 96.5218882653624 0.0287064278422162 0.945 1.560836952
-9.33867735470942 -9.34746761290967 0.166092967236604 -0.00879025820024815 0.166170235875831 -5.97328193630009e-05 96.3315922775197 0.00879025820024815 0.942 1.56229567
-11.3927855711423 -11.3999540547348 0.164720558870553 -0.00716848359254918 0.16477194602757 0.461318581584291 97.1342017639322 0.00716848359254918 0.949 1.569352659
-7.23446893787575 -7.24638346695193 0.164728620975715 -0.011914529076182 0.164870576978823 -0.50626033406419 97.1294478471884 0.011914529076182 0.942 1.560231167
-13.496993987976 -13.502639694759 0.16572932093828 -0.00564570678301557 0.16576119494336 -0.41043857670171 96.5429648140454 0.00564570678301557 0.945 1.57649407
7.44488977955912 7.40852994425083 0.165427435922682 -0.0363598353082857 0.166749473546328 -0.0484340111575665 96.7191440208146 0.0363598353082857 0.938 1.567335831
9.49899799599199 9.46432595138583 0.167022948452607 -0.0346720446061521 0.168225099129778 -0.274158657477941 95.7952194487814 0.0346720446061521 0.944 1.564341117
5.34068136272545 5.30612429041053 0.16664880042542 -0.034557072314918 0.167842991672399 -0.544682325679108 96.0102920582402 0.034557072314918 0.943 1.575260518
1.18236472945892 1.14919766130063 0.16507079702417 -0.0331670681582845 0.166170851434386 -1.08768392572069 96.9281077479576 0.0331670681582845 0.949 1.580926645
3.23647294589178 3.20336007257243 0.16617613558536 -0.0331128733193502 0.167272597964823 0.304641843483877 96.2833799428516 0.0331128733193502 0.945 1.569056218
-3.02605210420842 -3.05180781876513 0.165011269217678 -0.0257557145567171 0.165674626050005 0.105881388755547 96.9630745576124 0.0257557145567171 0.945 1.562879408
-5.08016032064128 -5.09901068647897 0.165874189575464 -0.0188503658376851 0.166229525867679 -0.307136648908302 96.45864761088 0.0188503658376851 0.942 1.562003499
-0.921843687374748 -0.950575595697833 0.165802947432575 -0.0287319083230851 0.166628469988461 0.626246193154656 96.5000939232794 0.0287319083230851 0.946 1.561043805
-9.28857715430862 -9.29736845779757 0.16609768717968 -0.00879130348895174 0.166174974196714 -0.0270414921395068 96.328854854503 0.00879130348895174 0.941 1.562604803
-11.3426853707415 -11.3500566722699 0.164789725433177 -0.00737130152838361 0.1648440615194 0.494715320028916 97.0934319960868 0.00737130152838361 0.949 1.568667032
-7.18436873747495 -7.19647718916427 0.164635000565987 -0.0121084516893166 0.1647816151683 -0.363055954009833 97.1846809305112 0.0121084516893166 0.944 1.559659147
-13.4468937875751 -13.4525837285027 0.165685156040013 -0.00568994092755126 0.165717531467772 -0.345807046783653 96.5686992269605 0.00568994092755126 0.945 1.575941913
7.49498997995992 7.45858566774003 0.165434295911512 -0.0364043122198883 0.166759569859715 -0.0554725441030524 96.7151334119869 0.0364043122198883 0.942 1.567251296
9.54909819639279 9.51461328742407 0.167012216030422 -0.0344849089687198 0.168201424977003 -0.28408623573899 95.8013753741554 0.0344849089687198 0.944 1.564267446
5.39078156312625 5.3562785228846 0.166604438582184 -0.0345030402416535 0.167794898368102 -0.487895011106365 96.0358567644484 0.0345030402416535 0.944 1.575104301
1.23246492985972 1.19916301538633 0.165170768083806 -0.0333019144733868 0.166279785591398 -1.13146458449023 96.8694411585093 0.0333019144733868 0.949 1.581077397
3.28657314629259 3.25346790159733 0.166120281242544 -0.0331052446952524 0.167216238468876 0.286078541994206 96.3157531417805 0.0331052446952524 0.947 1.568860998
-2.97595190380762 -3.001839316909 0.165124880498353 -0.0258874131013842 0.165795038655434 0.0999784877015575 96.8963608131703 0.0258874131013842 0.945 1.562917813
-5.03006012024048 -5.04893538899597 0.165867125330628 -0.018875268755485 0.16622340110122 -0.297081958034739 96.4627557637276 0.018875268755485 0.942 1.561730409
-0.871743486973948 -0.9004924606577 0.165821208362233 -0.0287489736837522 0.166647711850102 0.64259507435741 96.4894669266208 0.0287489736837522 0.945 1.561304047
-9.23847695390782 -9.24724516068707 0.166057574233553 -0.00876820677925139 0.166134455683677 -0.0407619896102773 96.352124098216 0.00876820677925139 0.941 1.562826491
-11.2925851703407 -11.300144183497 0.164859355023264 -0.00755901315628549 0.164916493703161 0.468113251336577 97.0524238539098 0.00755901315628549 0.95 1.56838069
-7.13426853707415 -7.14663514642077 0.164547533759891 -0.0123666093466186 0.164700466786623 -0.11615198487856 97.2363403716964 0.0123666093466186 0.943 1.559108095
-13.3967935871743 -13.4025204453431 0.165719148386315 -0.00572685816878504 0.1657519452908 -0.0366096947042205 96.5488910352216 0.00572685816878504 0.944 1.5755444
7.54509018036072 7.50853511986403 0.165504917626025 -0.0365550604966902 0.166841190073941 -0.0570958849266667 96.6738646168427 0.0365550604966902 0.94 1.566921032
9.59919839679359 9.56479942129163 0.166964741962183 -0.034398975501956 0.168148031477767 -0.300623864356148 95.8286151433334 0.034398975501956 0.944 1.564455413
5.44088176352706 5.40644877741637 0.16659025484245 -0.0344329861106889 0.167775885374949 -0.484038981898816 96.0440333987829 0.0344329861106889 0.944 1.574998092
1.28256513026052 1.24917544661783 0.165268393992254 -0.033389683642689 0.166383264966013 -1.1182552500668 96.8122192846498 0.033389683642689 0.949 1.581192012
3.33667334669339 3.3035608240273 0.166057271527777 -0.0331125226660878 0.167153710685089 0.283820110491284 96.3522997384891 0.0331125226660878 0.945 1.568678012
-2.92585170340681 -2.95184524580753 0.16522824611872 -0.02599354240072 0.165903910365258 0.0631263594208398 96.8357431362172 0.02599354240072 0.943 1.563078155
-4.97995991983968 -4.99885046393567 0.165874334038566 -0.0188905440959877 0.166231186694809 -0.217059242437734 96.4585636032153 0.0188905440959877 0.943 1.561292309
-0.821643286573146 -0.850454606959233 0.165777379414208 -0.0288113203860878 0.166607471596597 0.622245345262362 96.5149772335511 0.0288113203860878 0.944 1.561913356
-9.18837675350701 -9.1971619432984 0.166038452849018 -0.00878518979138576 0.166115632408689 -0.0352460517452802 96.3632202388029 0.00878518979138576 0.941 1.562813963
-11.2424849699399 -11.2501847109423 0.164941613814512 -0.0076997410024191 0.165000899826016 0.488949504047109 97.0040223929972 0.0076997410024191 0.945 1.568178799
-7.08416833667335 -7.09676894944383 0.164437574386549 -0.0126006127704876 0.164596349828741 0.011811293131847 97.3013622931961 0.0126006127704876 0.944 1.558691743
-13.3466933867735 -13.3524663657484 0.165730519625486 -0.00577297897488727 0.165763846911731 0.0348767108257486 96.5422665430387 0.00577297897488727 0.947 1.575045694
7.59519038076152 7.55853712223477 0.165524775897099 -0.0366532585267558 0.166868237257728 -0.0638039783961264 96.6622664992862 0.0366532585267558 0.945 1.56645907
9.64929859719439 9.61510457984233 0.166966844917237 -0.0341940173520552 0.16813607573991 -0.340887893369501 95.8274081775394 0.0341940173520552 0.944 1.564532829
5.49098196392786 5.45661661594407 0.166568902726031 -0.0343653479837913 0.167749879868078 -0.493143270169155 96.0563450809091 0.0343653479837913 0.944 1.575060548
1.33266533066132 1.29920733732673 0.165329833890765 -0.0334579933345911 0.166449271208743 -1.07719967991294 96.7762419127048 0.0334579933345911 0.946 1.581093803
3.38677354709419 3.3536757477341 0.165995666862811 -0.0330977993600903 0.167091131185292 0.275437085583063 96.388058208913 0.0330977993600903 0.947 1.568591838
-2.87575150300601 -2.9018312245637 0.165298259033634 -0.0260797215576889 0.165978410910161 0.0574938124549562 96.7947278667006 0.0260797215576889 0.943 1.563130858
-4.92985971943888 -4.94876440767967 0.165881455593686 -0.0189046882407897 0.166238842831168 -0.0934610280811765 96.4544224834316 0.0189046882407897 0.942 1.561030152
-0.771543086172345 -0.8003731808078 0.165808932768571 -0.0288300946354548 0.16664010712526 0.578126773692389 96.4966104831765 0.0288300946354548 0.944 1.562343297
-9.13827655310621 -9.1470441424732 0.166043376996517 -0.00876758936698785 0.166120247619825 -0.0425579662954201 96.3603625113914 0.00876758936698785 0.943 1.562912325
-11.1923847695391 -11.2002271411488 0.165013353123049 -0.00784237160975465 0.165074855915515 0.467871081180693 96.9618500393051 0.00784237160975465 0.947 1.567758182
-7.03406813627254 -7.0469285626505 0.164358295243232 -0.012860426377955 0.164523685809855 0.0842541909008454 97.3482961497124 0.012860426377955 0.944 1.558249679
-13.2965931863727 -13.3023945896613 0.165796699507222 -0.00580140328858647 0.165830355787338 0.114806706391501 96.5037304575721 0.00580140328858647 0.947 1.574690881
7.64529058116232 7.60854292088667 0.165602570608252 -0.0367476602756582 0.166952961143987 -0.0391036323463434 96.6168577047604 0.0367476602756582 0.944 1.566229023
9.69939879759519 9.66533481135633 0.16686928555262 -0.0340639862388574 0.168029640711102 -0.365050718990878 95.8834332334608 0.0340639862388574 0.944 1.564844647
5.54108216432866 5.50678885565053 0.166515331166243 -0.034293308678123 0.167691362186336 -0.501425054265969 96.0872484709901 0.034293308678123 0.944 1.575098894
1.38276553106212 1.34917329501937 0.16539215717602 -0.0335922360427565 0.166520595498372 -1.08989797247091 96.7397745648355 0.0335922360427565 0.949 1.581068122
3.43687374749499 3.4037284512305 0.165950525760476 -0.0331452962644887 0.167049136424937 0.295142683245431 96.4142772472654 0.0331452962644887 0.947 1.568275307
-2.82565130260521 -2.8518397474737 0.165373197106537 -0.026188444868489 0.166059031751167 0.0374210249956874 96.750865798963 0.026188444868489 0.947 1.563293046
-4.87975951903808 -4.8986891772346 0.165870369311843 -0.0189296581965239 0.166228701271281 0.222645575062574 96.4608692099751 0.0189296581965239 0.944 1.560694229
-0.721442885771543 -0.750277085176633 0.165802538096545 -0.0288341994050905 0.166633949151877 0.535924654851605 96.5003321642966 0.0288341994050905 0.946 1.562846064
-9.08817635270541 -9.09693352643517 0.166042507637793 -0.00875717372975693 0.166119195729526 -0.0443027339308844 96.3608670311256 0.00875717372975693 0.948 1.562916326
-11.1422845691383 -11.1502692630891 0.165123267034709 -0.00798469395085633 0.165187022372198 0.449742530680453 96.8973076134495 0.00798469395085633 0.946 1.567551803
-6.98396793587174 -6.9970806393277 0.164268603422967 -0.0131127034559571 0.164440546414891 0.120512486602975 97.4014490085023 0.0131127034559571 0.947 1.557914933
7.69539078156313 7.6585955235287 0.165644737471808 -0.0367952580344264 0.166998628485628 -0.0567942157915668 96.5922627196241 0.0367952580344264 0.944 1.565820306
-13.2464929859719 -13.252344239372 0.165836844656517 -0.00585125340002257 0.165871081822868 0.13156707698988 96.4803692034747 0.00585125340002257 0.946 1.57451632
9.74949899799599 9.71555819864307 0.166855478407599 -0.0339407993529264 0.168007456268314 -0.395484944322005 95.8913675037676 0.0339407993529264 0.944 1.565008862
5.59118236472946 5.55693710629277 0.166460282509489 -0.0342452584366919 0.167633020234884 -0.493792461409098 96.1190246633635 0.0342452584366919 0.944 1.575074351
1.43286573146293 1.3991699182192 0.165479535295526 -0.0336958132437255 0.166614943125682 -1.09445062936909 96.6886930847732 0.0336958132437255 0.946 1.581290711
3.48697394789579 3.4538194579349 0.165883218025144 -0.0331544899608911 0.166982438229711 0.25144693403486 96.4533977003915 0.0331544899608911 0.947 1.568232808
-2.77555110220441 -2.80184704846557 0.165460833307142 -0.0262959462611581 0.166152310096911 0.019890150047408 96.6996217787657 0.0262959462611581 0.945 1.56331242
-4.82965931863727 -4.8486039245337 0.165851829459038 -0.0189446058964258 0.166210727551609 0.316033619015799 96.4716521499191 0.0189446058964258 0.943 1.560429771
-0.671342685370741 -0.700204738815067 0.165812046249175 -0.0288620534443259 0.166645064378198 0.513334665921161 96.4947985501364 0.0288620534443259 0.945 1.563312353
-9.03807615230461 -9.0468255777435 0.165965610200647 -0.00874942543889112 0.166042162646157 -0.0646424921032951 96.4055142547698 0.00874942543889112 0.946 1.56296625
-11.0921843687375 -11.1002783931155 0.16518365060365 -0.00809402437802653 0.165249163834283 0.441750766891869 96.8618864005565 0.00809402437802653 0.944 1.567465591
-6.93386773547094 -6.94725262676757 0.164222940263584 -0.0133848912966243 0.164402095578606 0.16763217666016 97.428532057211 0.0133848912966243 0.946 1.557666641
7.74549098196393 7.70863973327797 0.165694829869535 -0.036851248685962 0.167052844399249 -0.0526123460871164 96.5630612168053 0.036851248685962 0.945 1.565573611
-13.1963927855711 -13.202291840263 0.165885834573587 -0.00589905469185759 0.165920633419845 0.144805575218099 96.4518763228237 0.00589905469185759 0.946 1.574243686
9.79959919839679 9.7657783258685 0.166781279897924 -0.0338208725282954 0.167925131316499 -0.439528282656965 95.93402814628 0.0338208725282954 0.945 1.565401277
5.64128256513026 5.60712468697113 0.166376012702506 -0.0341578781591281 0.16754277334284 -0.442583925874201 96.1677091553414 0.0341578781591281 0.944 1.574780404
1.48296593186373 1.4492392520954 0.165566171917047 -0.0337266797683275 0.166703660845243 -1.07948253790587 96.6380983188787 0.0337266797683275 0.951 1.581115973
3.53707414829659 3.50388895058273 0.165822031287252 -0.03318519771386 0.16692328863456 0.253435815746628 96.4889880783291 0.03318519771386 0.947 1.568136072
-2.72545090180361 -2.75182506055567 0.165563017209483 -0.0263741587520605 0.166258613459362 0.00605021419474161 96.6399397019661 0.0263741587520605 0.947 1.563310612
-4.77955911823647 -4.79851467996887 0.165843566506058 -0.0189555617323949 0.166202879826649 0.351694897305255 96.4764587320638 0.0189555617323949 0.942 1.560033145
-0.62124248496994 -0.650181646854833 0.165822938327248 -0.0289391618848931 0.166660413417848 0.486415857930167 96.4884602902424 0.0289391618848931 0.945 1.563908783
-8.98797595190381 -8.99671232585643 0.165960335395359 -0.00873637395262605 0.166036659625199 -0.0727543215654991 96.4085783623176 0.00873637395262605 0.946 1.563007589
-11.0420841683367 -11.0502814797176 0.165326162308042 -0.00819731138095925 0.165393358221918 0.432900392872249 96.7783911307891 0.00819731138095925 0.942 1.567473598
-6.88376753507014 -6.8974426813319 0.164177553382867 -0.0136751462617601 0.164364563008147 0.150871163746891 97.4554661725745 0.0136751462617601 0.946 1.557507838
7.79559118236473 7.75871292478437 0.165756938765761 -0.0368782575803648 0.167116944647925 -0.0525670756926833 96.5268791710153 0.0368782575803648 0.946 1.565132832
-13.1462925851703 -13.1521904480776 0.165951914282628 -0.00589786290722571 0.1659866990695 0.17618865172575 96.413470547564 0.00589786290722571 0.946 1.57387318
9.8496993987976 9.81599706189673 0.166717949951191 -0.0337023369008644 0.16785379746377 -0.456814530633487 95.9704699145126 0.0337023369008644 0.945 1.565734687
5.69138276553106 5.65726450821657 0.166333944468745 -0.0341182573144971 0.167497999950923 -0.454617660801393 96.192031344549 0.0341182573144971 0.944 1.574725934
1.53306613226453 1.49926434744857 0.165608899790117 -0.0338017848159631 0.166751460446862 -1.09089099235803 96.6131652361523 0.0338017848159631 0.948 1.581401691
3.5871743486974 3.55402023547457 0.165755471311874 -0.033154113222829 0.166854666535466 0.189140481304695 96.5277337355309 0.033154113222829 0.946 1.568193809
-2.67535070140281 -2.70177629501603 0.165580006260655 -0.0264255936132272 0.166278318258467 -0.00607966048545849 96.6300241275078 0.0264255936132272 0.945 1.563418922
-4.72945891783567 -4.7484390972571 0.165800495244635 -0.0189801794214279 0.166160742455505 0.389947020410497 96.5015211588622 0.0189801794214279 0.942 1.559820038
-0.571142284569138 -0.600125736633233 0.165851589526448 -0.0289834520640952 0.16669163002 0.451240474231496 96.4717917126052 0.0289834520640952 0.945 1.564466896
-8.93787575150301 -8.9466346924668 0.165895451373546 -0.00875894096379426 0.165972170420353 -0.0703662300602537 96.4462851002039 0.00875894096379426 0.946 1.56304768
-10.9919839679359 -11.0002632531193 0.16543367335101 -0.00827928518339505 0.165502219914158 0.36073126814562 96.7154973706708 0.00827928518339505 0.944 1.567290013
7.84569138276553 7.8088154746302 0.165814658037707 -0.0368759081353334 0.167174490638512 -0.0335165519440017 96.4932786362082 0.0368759081353334 0.944 1.565040333
-6.83366733466934 -6.84764457929983 0.164166410752288 -0.013977244630496 0.164361774119749 0.159740499233441 97.4620808646569 0.013977244630496 0.944 1.557442338
9.8997995991984 9.86621228750947 0.166622318944064 -0.0335873116889331 0.167750426450553 -0.507501327541476 96.0255510870145 0.0335873116889331 0.945 1.566114484
-13.0961923847695 -13.1020915933273 0.166002166549863 -0.00589920855779447 0.166036967211472 0.200433632671992 96.3842842086881 0.00589920855779447 0.946 1.573549146
5.74148296593187 5.7073939937798 0.166261581648671 -0.0340889721520652 0.167423639671056 -0.456446074035582 96.2338974605072 0.0340889721520652 0.944 1.574603789
1.58316633266533 1.5493202397602 0.16565721651677 -0.0338460929051321 0.166802774521713 -1.09654550107884 96.5849863738369 0.0338460929051321 0.949 1.581394057
3.6372745490982 3.60402236502377 0.165654956791579 -0.0332521840744309 0.166760664537299 0.21685948714264 96.5863039047518 0.0332521840744309 0.946 1.567884203
-2.625250501002 -2.65170473717347 0.165670401224543 -0.026454236171463 0.166370227835958 0.00139486664785249 96.5772997574521 0.026454236171463 0.947 1.563379474
-4.67935871743487 -4.69837360102163 0.165756627215196 -0.0190148835867641 0.166118193013015 0.415631932677196 96.527060599681 0.0190148835867641 0.942 1.559502511
-0.521042084168336 -0.550036596709367 0.165860370721779 -0.0289945125410308 0.166701052479271 0.420123410179474 96.4666841776148 0.0289945125410308 0.942 1.565118006
-8.88777555110221 -8.89655795990223 0.165846711040871 -0.00878240880002856 0.165923841745202 -0.104182692010246 96.4746294911872 0.00878240880002856 0.947 1.563035047
-10.9418837675351 -10.9502523206737 0.16548755161416 -0.00836855313862905 0.165557584295794 0.319820618162781 96.6840094250989 0.00836855313862905 0.944 1.567131982
7.89579158316633 7.85893501725217 0.165929406209218 -0.0368565659141655 0.167287812660203 -0.0449980838099551 96.426548889266 0.0368565659141655 0.944 1.564887621
-6.78356713426854 -6.79784396561303 0.164138112628613 -0.0142768313444961 0.164341940541852 0.120538282434679 97.4788837507984 0.0142768313444961 0.943 1.557377018
9.9498997995992 9.9163570055368 0.166509084912876 -0.0335427940623969 0.167634203946388 -0.54127241976748 96.0908529908253 0.0335427940623969 0.945 1.566589762
-13.0460921843687 -13.0520122516653 0.166105165642876 -0.00592006729659644 0.166140212839673 0.196258201915278 96.3245178924764 0.00592006729659644 0.946 1.573508542
5.79158316633266 5.7575333317522 0.166172862118213 -0.0340498345804638 0.16733225335317 -0.436370666570574 96.2852766453396 0.0340498345804638 0.941 1.574411047
1.63326653306613 1.5993665487765 0.16567565448303 -0.0338999842896341 0.166824863417867 -1.10730748897993 96.5742374757836 0.0338999842896341 0.946 1.581799756
3.687374749499 3.654056168183 0.165596952828977 -0.0333185813159997 0.166707080689888 0.132950951331512 96.6201353748594 0.0333185813159997 0.946 1.567874526
-2.5751503006012 -2.6016514936066 0.165727777392281 -0.0265011930053984 0.166430090622991 -0.0127746959521613 96.54386399045 0.0265011930053984 0.945 1.563497143
-4.62925851703407 -4.6483276331333 0.1656891633934 -0.0190691160992325 0.166052794582206 0.424019869903669 96.5663636191512 0.0190691160992325 0.942 1.559210083
-0.470941883767535 -0.4999245809576 0.165839349248186 -0.0289826971900646 0.166679345984597 0.382506047505959 96.4789121070132 0.0289826971900646 0.94 1.565795092
-8.8376753507014 -8.84650519865487 0.165768327073096 -0.00882984795346431 0.165846293287977 -0.104153502574178 96.5202477608693 0.00882984795346431 0.946 1.563040847
-10.8917835671343 -10.9002024343475 0.165634857245855 -0.00841886721319796 0.165705734571008 0.296349968681009 96.5980245103294 0.00841886721319796 0.943 1.566924752
-6.73346693386774 -6.74802625057113 0.164162797266917 -0.0145593167033979 0.164374770969787 0.113031298232669 97.4642261607247 0.0145593167033979 0.944 1.557498043
10 9.9665273137076 0.166430128023547 -0.0334726862924004 0.167550548751177 -0.592256002843866 96.1364398982871 0.0334726862924004 0.947 1.567167307
-12.9959919839679 -13.001908277009 0.166169131710478 -0.00591629304109631 0.166204134233826 0.177136689378066 96.2874381980723 0.00591629304109631 0.944 1.573409533
5.84168336673347 5.8076656939071 0.166060983543474 -0.0340176728263666 0.167218185607995 -0.366774289580291 96.3501459438924 0.0340176728263666 0.938 1.574120192
3.7374749498998 3.70402285019583 0.165569913466321 -0.0334520997039651 0.166688956440925 0.115647477817349 96.6359144909174 0.0334520997039651 0.946 1.567822333
-2.5250501002004 -2.55157453710653 0.165778773225444 -0.0265244369061324 0.166482318978632 -0.0398734028751124 96.514165768626 0.0265244369061324 0.943 1.563489404
-0.420841683366733 -0.449882302983067 0.165820293231265 -0.0290406196163335 0.166663650818966 0.330450417659711 96.4899994338162 0.0290406196163335 0.939 1.566575619
-8.7875751503006 -8.79644892962083 0.165707308189918 -0.0088737793202327 0.165786052149342 -0.121654234325619 96.5557896919209 0.0088737793202327 0.945 1.562945991
-6.68336673346693 -6.69823430385773 0.164174077260395 -0.0148675703908001 0.164395121909721 0.0681545685430329 97.4575296355862 0.0148675703908001 0.946 1.557555697
-12.9458917835671 -12.9517632281415 0.166278061631807 -0.00587144457436573 0.166312535493197 0.170210017771799 96.2243596237554 0.00587144457436573 0.943 1.573467935
